: , RegressionTest0::test001 , RegressionTest0::test002 , RegressionTest0::test003 , RegressionTest0::test004 , RegressionTest0::test005 , RegressionTest0::test006 , RegressionTest0::test007 , RegressionTest0::test008 , RegressionTest0::test009 , RegressionTest0::test010 , RegressionTest0::test011 , RegressionTest0::test012 , RegressionTest0::test013 , RegressionTest0::test014 , RegressionTest0::test015 , RegressionTest0::test016 , RegressionTest0::test017 , RegressionTest0::test018 , RegressionTest0::test019 , RegressionTest0::test020 , RegressionTest0::test021 , RegressionTest0::test022 , RegressionTest0::test023 , RegressionTest0::test024 , RegressionTest0::test025 , RegressionTest0::test026 , RegressionTest0::test027 , RegressionTest0::test028 , RegressionTest0::test029 , RegressionTest0::test030 , RegressionTest0::test031 , RegressionTest0::test032 , RegressionTest0::test033 , RegressionTest0::test034 , RegressionTest0::test035 , RegressionTest0::test036 , RegressionTest0::test037 , RegressionTest0::test038 , RegressionTest0::test039 , RegressionTest0::test040 , RegressionTest0::test041 , RegressionTest0::test042 , RegressionTest0::test043 , RegressionTest0::test044 , RegressionTest0::test045 , RegressionTest0::test046 , RegressionTest0::test047 , RegressionTest0::test048 , RegressionTest0::test049 , RegressionTest0::test050 , RegressionTest0::test051 , RegressionTest0::test052 , RegressionTest0::test053 , RegressionTest0::test054 , RegressionTest0::test055 , RegressionTest0::test056 , RegressionTest0::test057 , RegressionTest0::test058 , RegressionTest0::test059 , RegressionTest0::test060 , RegressionTest0::test061 , RegressionTest0::test062 , RegressionTest0::test063 , RegressionTest0::test064 , RegressionTest0::test065 , RegressionTest0::test066 , RegressionTest0::test067 , RegressionTest0::test068 , RegressionTest0::test069 , RegressionTest0::test070 , RegressionTest0::test071 , RegressionTest0::test072 , RegressionTest0::test073 , RegressionTest0::test074 , RegressionTest0::test075 , RegressionTest0::test076 , RegressionTest0::test077 , RegressionTest0::test078 , RegressionTest0::test079 , RegressionTest0::test080 , RegressionTest0::test081 , RegressionTest0::test082 , RegressionTest0::test083 , RegressionTest0::test084 , RegressionTest0::test085 , RegressionTest0::test086 , RegressionTest0::test087 , RegressionTest0::test088 , RegressionTest0::test089 , RegressionTest0::test090 , RegressionTest0::test091 , RegressionTest0::test092 , RegressionTest0::test093 , RegressionTest0::test094 , RegressionTest0::test095 , RegressionTest0::test096 , RegressionTest0::test097 , RegressionTest0::test098 , RegressionTest0::test099 , RegressionTest0::test100 , RegressionTest0::test101 , RegressionTest0::test102 , RegressionTest0::test103 , RegressionTest0::test104 , RegressionTest0::test105 , RegressionTest0::test106 , RegressionTest0::test107 , RegressionTest0::test108 , RegressionTest0::test109 , RegressionTest0::test110 , RegressionTest0::test111 , RegressionTest0::test112 , RegressionTest0::test113 , RegressionTest0::test114 , RegressionTest0::test115 , RegressionTest0::test116 , RegressionTest0::test117 , RegressionTest0::test118 , RegressionTest0::test119 , RegressionTest0::test120 , RegressionTest0::test121 , RegressionTest0::test122 , RegressionTest0::test123 , RegressionTest0::test124 , RegressionTest0::test125 , RegressionTest0::test126 , RegressionTest0::test127 , RegressionTest0::test128 , RegressionTest0::test129 , RegressionTest0::test130 , RegressionTest0::test131 , RegressionTest0::test132 , RegressionTest0::test133 , RegressionTest0::test134 , RegressionTest0::test135 , RegressionTest0::test136 , RegressionTest0::test137
ZoneInfoCompiler_ESTest::test00 , 0 , 1677 , 163 , 201 , 192 , 299 , 195 , 198 , 222 , 298 , 267 , 112 , 183 , 498 , 308 , 195 , 211 , 197 , 195 , 199 , 199 , 200 , 203 , 201 , 201 , 201 , 202 , 201 , 202 , 200 , 200 , 202 , 200 , 201 , 202 , 176 , 174 , 308 , 158 , 249 , 194 , 184 , 184 , 223 , 157
ZoneInfoCompiler_ESTest::test01 , 1677 , 0 , 1615 , 1765 , 1845 , 1475 , 1749 , 1796 , 1716 , 1602 , 1623 , 1632 , 1807 , 1577 , 1975 , 1835 , 1718 , 1835 , 1835 , 1837 , 1835 , 1844 , 1688 , 1839 , 1848 , 1848 , 1847 , 1848 , 1848 , 1847 , 1847 , 1846 , 1847 , 1847 , 1847 , 1685 , 1763 , 1975 , 1750 , 1597 , 1697 , 1713 , 1714 , 1874 , 1733
ZoneInfoCompiler_ESTest::test02 , 163 , 1615 , 0 , 230 , 242 , 293 , 247 , 229 , 256 , 317 , 290 , 164 , 211 , 492 , 360 , 234 , 245 , 236 , 235 , 238 , 234 , 244 , 241 , 242 , 242 , 242 , 241 , 242 , 242 , 242 , 241 , 242 , 241 , 242 , 242 , 231 , 216 , 360 , 204 , 249 , 251 , 246 , 247 , 275 , 208
ZoneInfoCompiler_ESTest::test03 , 201 , 1765 , 230 , 0 , 108 , 339 , 147 , 32 , 114 , 252 , 214 , 226 , 94 , 518 , 210 , 105 , 192 , 104 , 109 , 112 , 95 , 94 , 190 , 113 , 104 , 104 , 103 , 104 , 104 , 104 , 104 , 103 , 104 , 103 , 105 , 194 , 137 , 210 , 132 , 280 , 182 , 169 , 168 , 126 , 131
ZoneInfoCompiler_ESTest::test04 , 192 , 1845 , 242 , 108 , 0 , 386 , 133 , 80 , 217 , 335 , 298 , 234 , 75 , 571 , 130 , 59 , 199 , 58 , 62 , 61 , 50 , 41 , 198 , 62 , 38 , 39 , 39 , 39 , 39 , 39 , 39 , 39 , 39 , 39 , 39 , 196 , 114 , 130 , 137 , 305 , 215 , 202 , 202 , 67 , 152
ZoneInfoCompiler_ESTest::test05 , 299 , 1475 , 293 , 339 , 386 , 0 , 294 , 353 , 339 , 226 , 215 , 276 , 360 , 501 , 500 , 380 , 269 , 382 , 381 , 386 , 374 , 379 , 234 , 387 , 388 , 386 , 389 , 388 , 389 , 388 , 387 , 389 , 388 , 389 , 389 , 327 , 337 , 500 , 333 , 212 , 312 , 307 , 308 , 405 , 259
ZoneInfoCompiler_ESTest::test06 , 195 , 1749 , 247 , 147 , 133 , 294 , 0 , 140 , 220 , 275 , 239 , 232 , 117 , 550 , 226 , 126 , 115 , 126 , 128 , 131 , 126 , 126 , 97 , 128 , 128 , 128 , 128 , 128 , 129 , 128 , 128 , 129 , 128 , 129 , 129 , 208 , 156 , 226 , 152 , 255 , 217 , 207 , 207 , 157 , 160
ZoneInfoCompiler_ESTest::test07 , 198 , 1796 , 229 , 32 , 80 , 353 , 140 , 0 , 144 , 280 , 242 , 224 , 81 , 532 , 180 , 77 , 193 , 75 , 81 , 84 , 65 , 64 , 193 , 86 , 76 , 76 , 75 , 75 , 76 , 76 , 76 , 75 , 76 , 76 , 77 , 195 , 133 , 180 , 138 , 292 , 192 , 179 , 180 , 101 , 125
ZoneInfoCompiler_ESTest::test08 , 222 , 1716 , 256 , 114 , 217 , 339 , 220 , 144 , 0 , 227 , 200 , 250 , 196 , 480 , 322 , 217 , 229 , 216 , 220 , 220 , 207 , 206 , 231 , 221 , 215 , 215 , 214 , 215 , 214 , 215 , 215 , 214 , 215 , 215 , 216 , 215 , 211 , 322 , 212 , 290 , 202 , 203 , 204 , 235 , 198
ZoneInfoCompiler_ESTest::test09 , 298 , 1602 , 317 , 252 , 335 , 226 , 275 , 280 , 227 , 0 , 65 , 308 , 321 , 494 , 442 , 328 , 225 , 329 , 329 , 332 , 321 , 324 , 209 , 334 , 337 , 337 , 337 , 337 , 338 , 336 , 337 , 337 , 336 , 338 , 338 , 312 , 309 , 442 , 307 , 204 , 281 , 282 , 283 , 351 , 294
ZoneInfoCompiler_ESTest::test10 , 267 , 1623 , 290 , 214 , 298 , 215 , 239 , 242 , 200 , 65 , 0 , 281 , 280 , 499 , 401 , 288 , 186 , 289 , 289 , 292 , 279 , 283 , 174 , 293 , 296 , 296 , 296 , 296 , 297 , 296 , 295 , 296 , 296 , 297 , 297 , 283 , 279 , 401 , 275 , 176 , 254 , 255 , 256 , 313 , 260
ZoneInfoCompiler_ESTest::test11 , 112 , 1632 , 164 , 226 , 234 , 276 , 232 , 224 , 250 , 308 , 281 , 0 , 215 , 499 , 350 , 231 , 239 , 233 , 231 , 235 , 237 , 238 , 227 , 237 , 237 , 237 , 237 , 237 , 237 , 237 , 237 , 236 , 237 , 237 , 237 , 207 , 199 , 350 , 182 , 247 , 212 , 203 , 203 , 269 , 160
ZoneInfoCompiler_ESTest::test12 , 183 , 1807 , 211 , 94 , 75 , 360 , 117 , 81 , 196 , 321 , 280 , 215 , 0 , 541 , 181 , 75 , 178 , 75 , 78 , 74 , 70 , 72 , 172 , 69 , 72 , 72 , 72 , 72 , 72 , 72 , 72 , 72 , 71 , 72 , 72 , 192 , 122 , 181 , 114 , 281 , 205 , 191 , 192 , 113 , 138
ZoneInfoCompiler_ESTest::test13 , 498 , 1577 , 492 , 518 , 571 , 501 , 550 , 532 , 480 , 494 , 499 , 499 , 541 , 0 , 687 , 564 , 532 , 566 , 563 , 562 , 556 , 566 , 531 , 563 , 567 , 566 , 567 , 567 , 568 , 567 , 567 , 567 , 566 , 567 , 568 , 470 , 508 , 687 , 522 , 513 , 491 , 497 , 495 , 595 , 525
ZoneInfoCompiler_ESTest::test14 , 308 , 1975 , 360 , 210 , 130 , 500 , 226 , 180 , 322 , 442 , 401 , 350 , 181 , 687 , 0 , 152 , 296 , 151 , 155 , 155 , 148 , 135 , 293 , 155 , 136 , 136 , 136 , 136 , 136 , 136 , 136 , 136 , 136 , 136 , 137 , 314 , 232 , 0 , 243 , 413 , 322 , 309 , 309 , 111 , 248
ZoneInfoCompiler_ESTest::test15 , 195 , 1835 , 234 , 105 , 59 , 380 , 126 , 77 , 217 , 328 , 288 , 231 , 75 , 564 , 152 , 0 , 181 , 8 , 8 , 35 , 46 , 47 , 184 , 42 , 48 , 47 , 48 , 48 , 48 , 48 , 48 , 48 , 47 , 48 , 47 , 208 , 141 , 152 , 145 , 303 , 222 , 209 , 209 , 85 , 146
ZoneInfoCompiler_ESTest::test16 , 211 , 1718 , 245 , 192 , 199 , 269 , 115 , 193 , 229 , 225 , 186 , 239 , 178 , 532 , 296 , 181 , 0 , 178 , 182 , 184 , 188 , 191 , 74 , 191 , 194 , 194 , 193 , 194 , 194 , 194 , 194 , 194 , 194 , 194 , 194 , 222 , 199 , 296 , 187 , 215 , 216 , 210 , 211 , 219 , 200
ZoneInfoCompiler_ESTest::test17 , 197 , 1835 , 236 , 104 , 58 , 382 , 126 , 75 , 216 , 329 , 289 , 233 , 75 , 566 , 151 , 8 , 178 , 0 , 12 , 30 , 44 , 46 , 186 , 42 , 46 , 46 , 46 , 45 , 46 , 46 , 46 , 46 , 46 , 46 , 46 , 209 , 143 , 151 , 144 , 302 , 223 , 210 , 210 , 84 , 148
ZoneInfoCompiler_ESTest::test18 , 195 , 1835 , 235 , 109 , 62 , 381 , 128 , 81 , 220 , 329 , 289 , 231 , 78 , 563 , 155 , 8 , 182 , 12 , 0 , 36 , 47 , 50 , 185 , 42 , 50 , 50 , 50 , 50 , 49 , 50 , 50 , 50 , 49 , 50 , 49 , 209 , 142 , 155 , 145 , 303 , 224 , 211 , 211 , 89 , 149
ZoneInfoCompiler_ESTest::test19 , 199 , 1837 , 238 , 112 , 61 , 386 , 131 , 84 , 220 , 332 , 292 , 235 , 74 , 562 , 155 , 35 , 184 , 30 , 36 , 0 , 45 , 50 , 188 , 34 , 48 , 48 , 48 , 48 , 48 , 47 , 48 , 48 , 48 , 48 , 48 , 217 , 142 , 155 , 142 , 304 , 226 , 213 , 213 , 89 , 151
ZoneInfoCompiler_ESTest::test20 , 199 , 1835 , 234 , 95 , 50 , 374 , 126 , 65 , 207 , 321 , 279 , 237 , 70 , 556 , 148 , 46 , 188 , 44 , 47 , 45 , 0 , 16 , 184 , 46 , 38 , 38 , 37 , 38 , 38 , 38 , 38 , 37 , 39 , 39 , 39 , 209 , 137 , 148 , 139 , 303 , 215 , 202 , 202 , 79 , 141
ZoneInfoCompiler_ESTest::test21 , 200 , 1844 , 244 , 94 , 41 , 379 , 126 , 64 , 206 , 324 , 283 , 238 , 72 , 566 , 135 , 47 , 191 , 46 , 50 , 50 , 16 , 0 , 187 , 51 , 36 , 36 , 35 , 36 , 36 , 36 , 37 , 35 , 37 , 37 , 37 , 209 , 130 , 135 , 136 , 306 , 212 , 200 , 200 , 69 , 139
ZoneInfoCompiler_ESTest::test22 , 203 , 1688 , 241 , 190 , 198 , 234 , 97 , 193 , 231 , 209 , 174 , 227 , 172 , 531 , 293 , 184 , 74 , 186 , 185 , 188 , 184 , 187 , 0 , 183 , 190 , 190 , 190 , 190 , 190 , 190 , 191 , 191 , 190 , 191 , 191 , 217 , 189 , 293 , 190 , 189 , 217 , 205 , 206 , 217 , 199
ZoneInfoCompiler_ESTest::test23 , 201 , 1839 , 242 , 113 , 62 , 387 , 128 , 86 , 221 , 334 , 293 , 237 , 69 , 563 , 155 , 42 , 191 , 42 , 42 , 34 , 46 , 51 , 183 , 0 , 48 , 48 , 48 , 48 , 48 , 47 , 49 , 49 , 49 , 48 , 49 , 215 , 140 , 155 , 143 , 305 , 226 , 213 , 212 , 91 , 153
ZoneInfoCompiler_ESTest::test24 , 201 , 1848 , 242 , 104 , 38 , 388 , 128 , 76 , 215 , 337 , 296 , 237 , 72 , 567 , 136 , 48 , 194 , 46 , 50 , 48 , 38 , 36 , 190 , 48 , 0 , 2 , 3 , 2 , 3 , 2 , 3 , 4 , 3 , 4 , 4 , 214 , 136 , 136 , 139 , 306 , 215 , 203 , 203 , 75 , 152
ZoneInfoCompiler_ESTest::test25 , 201 , 1848 , 242 , 104 , 39 , 386 , 128 , 76 , 215 , 337 , 296 , 237 , 72 , 566 , 136 , 47 , 194 , 46 , 50 , 48 , 38 , 36 , 190 , 48 , 2 , 0 , 3 , 2 , 3 , 2 , 3 , 4 , 3 , 4 , 5 , 213 , 136 , 136 , 139 , 306 , 215 , 203 , 203 , 76 , 151
ZoneInfoCompiler_ESTest::test26 , 202 , 1847 , 241 , 103 , 39 , 389 , 128 , 75 , 214 , 337 , 296 , 237 , 72 , 567 , 136 , 48 , 193 , 46 , 50 , 48 , 37 , 35 , 190 , 48 , 3 , 3 , 0 , 3 , 3 , 3 , 4 , 3 , 4 , 4 , 5 , 214 , 135 , 136 , 138 , 306 , 216 , 204 , 204 , 75 , 152
ZoneInfoCompiler_ESTest::test27 , 201 , 1848 , 242 , 104 , 39 , 388 , 128 , 75 , 215 , 337 , 296 , 237 , 72 , 567 , 136 , 48 , 194 , 45 , 50 , 48 , 38 , 36 , 190 , 48 , 2 , 2 , 3 , 0 , 3 , 2 , 3 , 4 , 3 , 4 , 5 , 214 , 136 , 136 , 139 , 306 , 215 , 203 , 203 , 76 , 152
ZoneInfoCompiler_ESTest::test28 , 202 , 1848 , 242 , 104 , 39 , 389 , 129 , 76 , 214 , 338 , 297 , 237 , 72 , 568 , 136 , 48 , 194 , 46 , 49 , 48 , 38 , 36 , 190 , 48 , 3 , 3 , 3 , 3 , 0 , 3 , 4 , 4 , 4 , 3 , 4 , 214 , 136 , 136 , 138 , 306 , 216 , 204 , 204 , 76 , 152
ZoneInfoCompiler_ESTest::test29 , 200 , 1847 , 242 , 104 , 39 , 388 , 128 , 76 , 215 , 336 , 296 , 237 , 72 , 567 , 136 , 48 , 194 , 46 , 50 , 47 , 38 , 36 , 190 , 47 , 2 , 2 , 3 , 2 , 3 , 0 , 3 , 4 , 3 , 4 , 5 , 214 , 135 , 136 , 139 , 306 , 215 , 203 , 203 , 76 , 152
ZoneInfoCompiler_ESTest::test30 , 200 , 1847 , 241 , 104 , 39 , 387 , 128 , 76 , 215 , 337 , 295 , 237 , 72 , 567 , 136 , 48 , 194 , 46 , 50 , 48 , 38 , 37 , 191 , 49 , 3 , 3 , 4 , 3 , 4 , 3 , 0 , 3 , 2 , 3 , 4 , 213 , 135 , 136 , 138 , 305 , 215 , 203 , 203 , 75 , 152
ZoneInfoCompiler_ESTest::test31 , 202 , 1846 , 242 , 103 , 39 , 389 , 129 , 75 , 214 , 337 , 296 , 236 , 72 , 567 , 136 , 48 , 194 , 46 , 50 , 48 , 37 , 35 , 191 , 49 , 4 , 4 , 3 , 4 , 4 , 4 , 3 , 0 , 3 , 3 , 4 , 212 , 135 , 136 , 137 , 306 , 215 , 204 , 204 , 76 , 152
ZoneInfoCompiler_ESTest::test32 , 200 , 1847 , 241 , 104 , 39 , 388 , 128 , 76 , 215 , 336 , 296 , 237 , 71 , 566 , 136 , 47 , 194 , 46 , 49 , 48 , 39 , 37 , 190 , 49 , 3 , 3 , 4 , 3 , 4 , 3 , 2 , 3 , 0 , 3 , 4 , 213 , 135 , 136 , 137 , 305 , 215 , 202 , 203 , 76 , 152
ZoneInfoCompiler_ESTest::test33 , 201 , 1847 , 242 , 103 , 39 , 389 , 129 , 76 , 215 , 338 , 297 , 237 , 72 , 567 , 136 , 48 , 194 , 46 , 50 , 48 , 39 , 37 , 191 , 48 , 4 , 4 , 4 , 4 , 3 , 4 , 3 , 3 , 3 , 0 , 3 , 213 , 135 , 136 , 138 , 306 , 216 , 204 , 203 , 75 , 152
ZoneInfoCompiler_ESTest::test34 , 202 , 1847 , 242 , 105 , 39 , 389 , 129 , 77 , 216 , 338 , 297 , 237 , 72 , 568 , 137 , 47 , 194 , 46 , 49 , 48 , 39 , 37 , 191 , 49 , 4 , 5 , 5 , 5 , 4 , 5 , 4 , 4 , 4 , 3 , 0 , 213 , 135 , 137 , 138 , 306 , 216 , 204 , 204 , 76 , 152
ZoneInfoCompiler_ESTest::test35 , 176 , 1685 , 231 , 194 , 196 , 327 , 208 , 195 , 215 , 312 , 283 , 207 , 192 , 470 , 314 , 208 , 222 , 209 , 209 , 217 , 209 , 209 , 217 , 215 , 214 , 213 , 214 , 214 , 214 , 214 , 213 , 212 , 213 , 213 , 213 , 0 , 112 , 314 , 171 , 265 , 201 , 192 , 191 , 229 , 167
ZoneInfoCompiler_ESTest::test36 , 174 , 1763 , 216 , 137 , 114 , 337 , 156 , 133 , 211 , 309 , 279 , 199 , 122 , 508 , 232 , 141 , 199 , 143 , 142 , 142 , 137 , 130 , 189 , 140 , 136 , 136 , 135 , 136 , 136 , 135 , 135 , 135 , 135 , 135 , 135 , 112 , 0 , 232 , 130 , 276 , 197 , 187 , 186 , 155 , 145
ZoneInfoCompiler_ESTest::test37 , 308 , 1975 , 360 , 210 , 130 , 500 , 226 , 180 , 322 , 442 , 401 , 350 , 181 , 687 , 0 , 152 , 296 , 151 , 155 , 155 , 148 , 135 , 293 , 155 , 136 , 136 , 136 , 136 , 136 , 136 , 136 , 136 , 136 , 136 , 137 , 314 , 232 , 0 , 243 , 413 , 322 , 309 , 309 , 111 , 248
ZoneInfoCompiler_ESTest::test38 , 158 , 1750 , 204 , 132 , 137 , 333 , 152 , 138 , 212 , 307 , 275 , 182 , 114 , 522 , 243 , 145 , 187 , 144 , 145 , 142 , 139 , 136 , 190 , 143 , 139 , 139 , 138 , 139 , 138 , 139 , 138 , 137 , 137 , 138 , 138 , 171 , 130 , 243 , 0 , 218 , 201 , 190 , 190 , 164 , 137
ZoneInfoCompiler_ESTest::test40 , 249 , 1597 , 249 , 280 , 305 , 212 , 255 , 292 , 290 , 204 , 176 , 247 , 281 , 513 , 413 , 303 , 215 , 302 , 303 , 304 , 303 , 306 , 189 , 305 , 306 , 306 , 306 , 306 , 306 , 306 , 305 , 306 , 305 , 306 , 306 , 265 , 276 , 413 , 218 , 0 , 281 , 271 , 271 , 334 , 271
ZoneInfoCompiler_ESTest::test41 , 194 , 1697 , 251 , 182 , 215 , 312 , 217 , 192 , 202 , 281 , 254 , 212 , 205 , 491 , 322 , 222 , 216 , 223 , 224 , 226 , 215 , 212 , 217 , 226 , 215 , 215 , 216 , 215 , 216 , 215 , 215 , 215 , 215 , 216 , 216 , 201 , 197 , 322 , 201 , 281 , 0 , 20 , 21 , 222 , 163
ZoneInfoCompiler_ESTest::test42 , 184 , 1713 , 246 , 169 , 202 , 307 , 207 , 179 , 203 , 282 , 255 , 203 , 191 , 497 , 309 , 209 , 210 , 210 , 211 , 213 , 202 , 200 , 205 , 213 , 203 , 203 , 204 , 203 , 204 , 203 , 203 , 204 , 202 , 204 , 204 , 192 , 187 , 309 , 190 , 271 , 20 , 0 , 8 , 209 , 151
ZoneInfoCompiler_ESTest::test43 , 184 , 1714 , 247 , 168 , 202 , 308 , 207 , 180 , 204 , 283 , 256 , 203 , 192 , 495 , 309 , 209 , 211 , 210 , 211 , 213 , 202 , 200 , 206 , 212 , 203 , 203 , 204 , 203 , 204 , 203 , 203 , 204 , 203 , 203 , 204 , 191 , 186 , 309 , 190 , 271 , 21 , 8 , 0 , 209 , 151
ZoneInfoCompiler_ESTest::test44 , 223 , 1874 , 275 , 126 , 67 , 405 , 157 , 101 , 235 , 351 , 313 , 269 , 113 , 595 , 111 , 85 , 219 , 84 , 89 , 89 , 79 , 69 , 217 , 91 , 75 , 76 , 75 , 76 , 76 , 76 , 75 , 76 , 76 , 75 , 76 , 229 , 155 , 111 , 164 , 334 , 222 , 209 , 209 , 0 , 156
ZoneInfoCompiler_ESTest::test45 , 157 , 1733 , 208 , 131 , 152 , 259 , 160 , 125 , 198 , 294 , 260 , 160 , 138 , 525 , 248 , 146 , 200 , 148 , 149 , 151 , 141 , 139 , 199 , 153 , 152 , 151 , 152 , 152 , 152 , 152 , 152 , 152 , 152 , 152 , 152 , 167 , 145 , 248 , 137 , 271 , 163 , 151 , 151 , 156 , 0
