: , RegressionTest0::test1 , RegressionTest0::test2 , RegressionTest0::test3 , RegressionTest0::test4 , RegressionTest0::test5 , RegressionTest0::test6 , RegressionTest0::test7
EigenDecompositionImpl_ESTest::test00 , 0 , 5 , 191 , 98 , 406 , 105 , 106 , 78 , 79 , 91 , 51 , 223 , 72 , 33 , 129 , 281 , 310 , 97 , 107 , 227 , 284 , 257 , 169 , 162 , 186 , 211 , 225 , 203 , 201 , 197 , 206 , 231 , 157 , 146 , 247 , 201 , 205 , 383 , 336 , 211
EigenDecompositionImpl_ESTest::test01 , 5 , 0 , 190 , 102 , 408 , 106 , 108 , 81 , 82 , 93 , 53 , 224 , 74 , 36 , 129 , 283 , 310 , 99 , 108 , 229 , 286 , 257 , 170 , 164 , 188 , 211 , 227 , 205 , 201 , 199 , 208 , 232 , 158 , 147 , 248 , 203 , 207 , 384 , 336 , 211
EigenDecompositionImpl_ESTest::test02 , 191 , 190 , 0 , 193 , 311 , 287 , 216 , 191 , 192 , 194 , 193 , 67 , 211 , 190 , 282 , 355 , 272 , 269 , 289 , 183 , 355 , 334 , 287 , 292 , 142 , 165 , 181 , 312 , 317 , 302 , 305 , 314 , 282 , 286 , 331 , 303 , 307 , 438 , 388 , 53
EigenDecompositionImpl_ESTest::test03 , 98 , 102 , 193 , 0 , 413 , 198 , 139 , 138 , 139 , 131 , 124 , 225 , 91 , 112 , 222 , 309 , 324 , 169 , 194 , 244 , 318 , 285 , 240 , 237 , 203 , 228 , 242 , 265 , 260 , 239 , 265 , 256 , 225 , 225 , 291 , 256 , 259 , 409 , 358 , 227
EigenDecompositionImpl_ESTest::test04 , 406 , 408 , 311 , 413 , 0 , 478 , 364 , 365 , 365 , 384 , 383 , 283 , 425 , 385 , 427 , 428 , 285 , 448 , 452 , 297 , 426 , 417 , 419 , 423 , 318 , 323 , 294 , 419 , 431 , 417 , 413 , 405 , 418 , 423 , 419 , 415 , 415 , 481 , 448 , 316
EigenDecompositionImpl_ESTest::test05 , 105 , 106 , 287 , 198 , 478 , 0 , 184 , 166 , 166 , 174 , 141 , 319 , 159 , 123 , 188 , 339 , 373 , 166 , 170 , 302 , 334 , 303 , 224 , 219 , 267 , 282 , 298 , 258 , 248 , 253 , 258 , 288 , 210 , 200 , 296 , 252 , 257 , 431 , 390 , 293
EigenDecompositionImpl_ESTest::test06 , 106 , 108 , 216 , 139 , 364 , 184 , 0 , 99 , 100 , 55 , 103 , 236 , 113 , 101 , 200 , 315 , 311 , 166 , 185 , 238 , 324 , 292 , 239 , 244 , 197 , 222 , 235 , 267 , 265 , 250 , 268 , 264 , 228 , 217 , 294 , 261 , 262 , 417 , 365 , 239
EigenDecompositionImpl_ESTest::test07 , 78 , 81 , 191 , 138 , 365 , 166 , 99 , 0 , 6 , 84 , 78 , 210 , 115 , 53 , 178 , 269 , 320 , 163 , 175 , 240 , 280 , 244 , 184 , 182 , 199 , 224 , 238 , 209 , 204 , 185 , 208 , 219 , 168 , 170 , 244 , 201 , 203 , 376 , 324 , 207
EigenDecompositionImpl_ESTest::test08 , 79 , 82 , 192 , 139 , 365 , 166 , 100 , 6 , 0 , 86 , 78 , 214 , 115 , 55 , 174 , 267 , 319 , 164 , 174 , 240 , 276 , 242 , 180 , 180 , 199 , 224 , 238 , 207 , 200 , 182 , 205 , 217 , 165 , 169 , 241 , 199 , 200 , 374 , 321 , 206
EigenDecompositionImpl_ESTest::test09 , 91 , 93 , 194 , 131 , 384 , 174 , 55 , 84 , 86 , 0 , 86 , 228 , 104 , 91 , 190 , 305 , 309 , 154 , 172 , 233 , 314 , 282 , 229 , 229 , 193 , 218 , 232 , 250 , 250 , 232 , 248 , 256 , 218 , 206 , 281 , 242 , 242 , 414 , 358 , 215
EigenDecompositionImpl_ESTest::test10 , 51 , 53 , 193 , 124 , 383 , 141 , 103 , 78 , 78 , 86 , 0 , 224 , 91 , 30 , 163 , 264 , 309 , 137 , 146 , 230 , 272 , 243 , 188 , 185 , 190 , 213 , 229 , 212 , 204 , 190 , 207 , 216 , 174 , 172 , 241 , 200 , 205 , 370 , 318 , 215
EigenDecompositionImpl_ESTest::test11 , 223 , 224 , 67 , 225 , 283 , 319 , 236 , 210 , 214 , 228 , 224 , 0 , 239 , 198 , 300 , 369 , 260 , 285 , 309 , 191 , 369 , 346 , 306 , 303 , 154 , 178 , 190 , 329 , 334 , 319 , 326 , 335 , 291 , 296 , 352 , 318 , 320 , 438 , 397 , 82
EigenDecompositionImpl_ESTest::test12 , 72 , 74 , 211 , 91 , 425 , 159 , 113 , 115 , 115 , 104 , 91 , 239 , 0 , 78 , 141 , 290 , 318 , 90 , 113 , 234 , 298 , 265 , 181 , 183 , 194 , 219 , 233 , 224 , 208 , 204 , 220 , 241 , 169 , 155 , 260 , 212 , 216 , 400 , 342 , 233
EigenDecompositionImpl_ESTest::test13 , 33 , 36 , 190 , 112 , 385 , 123 , 101 , 53 , 55 , 91 , 30 , 198 , 78 , 0 , 150 , 264 , 307 , 118 , 128 , 226 , 277 , 241 , 181 , 179 , 186 , 211 , 225 , 208 , 200 , 181 , 205 , 215 , 165 , 158 , 241 , 197 , 199 , 373 , 320 , 206
EigenDecompositionImpl_ESTest::test14 , 129 , 129 , 282 , 222 , 427 , 188 , 200 , 178 , 174 , 190 , 163 , 300 , 141 , 150 , 0 , 206 , 221 , 114 , 101 , 229 , 161 , 172 , 57 , 96 , 250 , 249 , 232 , 135 , 130 , 125 , 85 , 163 , 50 , 78 , 123 , 118 , 121 , 293 , 253 , 296
EigenDecompositionImpl_ESTest::test15 , 281 , 283 , 355 , 309 , 428 , 339 , 315 , 269 , 267 , 305 , 264 , 369 , 290 , 264 , 206 , 0 , 360 , 235 , 210 , 325 , 124 , 94 , 181 , 159 , 336 , 351 , 328 , 127 , 164 , 124 , 158 , 111 , 173 , 183 , 140 , 148 , 149 , 168 , 117 , 367
EigenDecompositionImpl_ESTest::test16 , 310 , 310 , 272 , 324 , 285 , 373 , 311 , 320 , 319 , 309 , 309 , 260 , 318 , 307 , 221 , 360 , 0 , 304 , 307 , 135 , 330 , 347 , 263 , 293 , 161 , 138 , 134 , 314 , 291 , 309 , 278 , 338 , 254 , 283 , 299 , 307 , 311 , 416 , 384 , 248
EigenDecompositionImpl_ESTest::test17 , 97 , 99 , 269 , 169 , 448 , 166 , 166 , 163 , 164 , 154 , 137 , 285 , 90 , 118 , 114 , 235 , 304 , 0 , 60 , 246 , 247 , 213 , 144 , 145 , 228 , 218 , 245 , 177 , 156 , 150 , 174 , 185 , 126 , 119 , 210 , 167 , 171 , 339 , 285 , 242
EigenDecompositionImpl_ESTest::test18 , 107 , 108 , 289 , 194 , 452 , 170 , 185 , 175 , 174 , 172 , 146 , 309 , 113 , 128 , 101 , 210 , 307 , 60 , 0 , 239 , 220 , 187 , 118 , 116 , 230 , 222 , 239 , 146 , 121 , 134 , 153 , 165 , 112 , 106 , 186 , 143 , 146 , 313 , 261 , 257
EigenDecompositionImpl_ESTest::test19 , 227 , 229 , 183 , 244 , 297 , 302 , 238 , 240 , 240 , 233 , 230 , 191 , 234 , 226 , 229 , 325 , 135 , 246 , 239 , 0 , 334 , 312 , 261 , 221 , 47 , 48 , 20 , 262 , 288 , 294 , 296 , 300 , 253 , 241 , 317 , 286 , 292 , 399 , 352 , 178
EigenDecompositionImpl_ESTest::test20 , 284 , 286 , 355 , 318 , 426 , 334 , 324 , 280 , 276 , 314 , 272 , 369 , 298 , 277 , 161 , 124 , 330 , 247 , 220 , 334 , 0 , 124 , 149 , 176 , 345 , 359 , 335 , 158 , 176 , 117 , 108 , 127 , 130 , 184 , 73 , 151 , 148 , 200 , 166 , 372
EigenDecompositionImpl_ESTest::test21 , 257 , 257 , 334 , 285 , 417 , 303 , 292 , 244 , 242 , 282 , 243 , 346 , 265 , 241 , 172 , 94 , 347 , 213 , 187 , 312 , 124 , 0 , 148 , 138 , 315 , 334 , 312 , 121 , 147 , 98 , 129 , 85 , 136 , 154 , 121 , 119 , 119 , 191 , 142 , 345
EigenDecompositionImpl_ESTest::test22 , 169 , 170 , 287 , 240 , 419 , 224 , 239 , 184 , 180 , 229 , 188 , 306 , 181 , 181 , 57 , 181 , 263 , 144 , 118 , 261 , 149 , 148 , 0 , 82 , 287 , 285 , 261 , 115 , 119 , 107 , 90 , 146 , 63 , 75 , 123 , 99 , 101 , 266 , 228 , 305
EigenDecompositionImpl_ESTest::test23 , 162 , 164 , 292 , 237 , 423 , 219 , 244 , 182 , 180 , 229 , 185 , 303 , 183 , 179 , 96 , 159 , 293 , 145 , 116 , 221 , 176 , 138 , 82 , 0 , 264 , 260 , 238 , 52 , 105 , 116 , 110 , 147 , 89 , 76 , 147 , 101 , 94 , 248 , 206 , 303
EigenDecompositionImpl_ESTest::test24 , 186 , 188 , 142 , 203 , 318 , 267 , 197 , 199 , 199 , 193 , 190 , 154 , 194 , 186 , 250 , 336 , 161 , 228 , 230 , 47 , 345 , 315 , 287 , 264 , 0 , 30 , 44 , 302 , 308 , 277 , 299 , 297 , 276 , 264 , 319 , 294 , 295 , 435 , 384 , 159
EigenDecompositionImpl_ESTest::test25 , 211 , 211 , 165 , 228 , 323 , 282 , 222 , 224 , 224 , 218 , 213 , 178 , 219 , 211 , 249 , 351 , 138 , 218 , 222 , 48 , 359 , 334 , 285 , 260 , 30 , 0 , 44 , 293 , 290 , 302 , 316 , 321 , 273 , 264 , 338 , 309 , 312 , 440 , 391 , 140
EigenDecompositionImpl_ESTest::test26 , 225 , 227 , 181 , 242 , 294 , 298 , 235 , 238 , 238 , 232 , 229 , 190 , 233 , 225 , 232 , 328 , 134 , 245 , 239 , 20 , 335 , 312 , 261 , 238 , 44 , 44 , 0 , 276 , 289 , 293 , 300 , 297 , 254 , 242 , 316 , 290 , 295 , 416 , 369 , 177
EigenDecompositionImpl_ESTest::test27 , 203 , 205 , 312 , 265 , 419 , 258 , 267 , 209 , 207 , 250 , 212 , 329 , 224 , 208 , 135 , 127 , 314 , 177 , 146 , 262 , 158 , 121 , 115 , 52 , 302 , 293 , 276 , 0 , 117 , 116 , 95 , 131 , 99 , 115 , 127 , 90 , 92 , 213 , 173 , 321
EigenDecompositionImpl_ESTest::test28 , 201 , 201 , 317 , 260 , 431 , 248 , 265 , 204 , 200 , 250 , 204 , 334 , 208 , 200 , 130 , 164 , 291 , 156 , 121 , 288 , 176 , 147 , 119 , 105 , 308 , 290 , 289 , 117 , 0 , 117 , 124 , 130 , 110 , 110 , 143 , 116 , 110 , 246 , 203 , 277
EigenDecompositionImpl_ESTest::test29 , 197 , 199 , 302 , 239 , 417 , 253 , 250 , 185 , 182 , 232 , 190 , 319 , 204 , 181 , 125 , 124 , 309 , 150 , 134 , 294 , 117 , 98 , 107 , 116 , 277 , 302 , 293 , 116 , 117 , 0 , 107 , 77 , 80 , 108 , 115 , 103 , 105 , 219 , 169 , 300
EigenDecompositionImpl_ESTest::test30 , 206 , 208 , 305 , 265 , 413 , 258 , 268 , 208 , 205 , 248 , 207 , 326 , 220 , 205 , 85 , 158 , 278 , 174 , 153 , 296 , 108 , 129 , 90 , 110 , 299 , 316 , 300 , 95 , 124 , 107 , 0 , 125 , 60 , 108 , 41 , 86 , 88 , 245 , 206 , 318
EigenDecompositionImpl_ESTest::test31 , 231 , 232 , 314 , 256 , 405 , 288 , 264 , 219 , 217 , 256 , 216 , 335 , 241 , 215 , 163 , 111 , 338 , 185 , 165 , 300 , 127 , 85 , 146 , 147 , 297 , 321 , 297 , 131 , 130 , 77 , 125 , 0 , 128 , 139 , 126 , 123 , 122 , 195 , 149 , 331
EigenDecompositionImpl_ESTest::test32 , 157 , 158 , 282 , 225 , 418 , 210 , 228 , 168 , 165 , 218 , 174 , 291 , 169 , 165 , 50 , 173 , 254 , 126 , 112 , 253 , 130 , 136 , 63 , 89 , 276 , 273 , 254 , 99 , 110 , 80 , 60 , 128 , 0 , 78 , 98 , 85 , 89 , 256 , 219 , 292
EigenDecompositionImpl_ESTest::test33 , 146 , 147 , 286 , 225 , 423 , 200 , 217 , 170 , 169 , 206 , 172 , 296 , 155 , 158 , 78 , 183 , 283 , 119 , 106 , 241 , 184 , 154 , 75 , 76 , 264 , 264 , 242 , 115 , 110 , 108 , 108 , 139 , 78 , 0 , 144 , 93 , 97 , 274 , 232 , 296
EigenDecompositionImpl_ESTest::test34 , 247 , 248 , 331 , 291 , 419 , 296 , 294 , 244 , 241 , 281 , 241 , 352 , 260 , 241 , 123 , 140 , 299 , 210 , 186 , 317 , 73 , 121 , 123 , 147 , 319 , 338 , 316 , 127 , 143 , 115 , 41 , 126 , 98 , 144 , 0 , 120 , 122 , 224 , 188 , 341
EigenDecompositionImpl_ESTest::test35 , 201 , 203 , 303 , 256 , 415 , 252 , 261 , 201 , 199 , 242 , 200 , 318 , 212 , 197 , 118 , 148 , 307 , 167 , 143 , 286 , 151 , 119 , 99 , 101 , 294 , 309 , 290 , 90 , 116 , 103 , 86 , 123 , 85 , 93 , 120 , 0 , 33 , 216 , 183 , 317
EigenDecompositionImpl_ESTest::test36 , 205 , 207 , 307 , 259 , 415 , 257 , 262 , 203 , 200 , 242 , 205 , 320 , 216 , 199 , 121 , 149 , 311 , 171 , 146 , 292 , 148 , 119 , 101 , 94 , 295 , 312 , 295 , 92 , 110 , 105 , 88 , 122 , 89 , 97 , 122 , 33 , 0 , 200 , 181 , 316
EigenDecompositionImpl_ESTest::test37 , 383 , 384 , 438 , 409 , 481 , 431 , 417 , 376 , 374 , 414 , 370 , 438 , 400 , 373 , 293 , 168 , 416 , 339 , 313 , 399 , 200 , 191 , 266 , 248 , 435 , 440 , 416 , 213 , 246 , 219 , 245 , 195 , 256 , 274 , 224 , 216 , 200 , 0 , 117 , 445
EigenDecompositionImpl_ESTest::test38 , 336 , 336 , 388 , 358 , 448 , 390 , 365 , 324 , 321 , 358 , 318 , 397 , 342 , 320 , 253 , 117 , 384 , 285 , 261 , 352 , 166 , 142 , 228 , 206 , 384 , 391 , 369 , 173 , 203 , 169 , 206 , 149 , 219 , 232 , 188 , 183 , 181 , 117 , 0 , 401
EigenDecompositionImpl_ESTest::test39 , 211 , 211 , 53 , 227 , 316 , 293 , 239 , 207 , 206 , 215 , 215 , 82 , 233 , 206 , 296 , 367 , 248 , 242 , 257 , 178 , 372 , 345 , 305 , 303 , 159 , 140 , 177 , 321 , 277 , 300 , 318 , 331 , 292 , 296 , 341 , 317 , 316 , 445 , 401 , 0
