: , RegressionTest0::test001 , RegressionTest0::test002 , RegressionTest0::test003 , RegressionTest0::test004 , RegressionTest0::test005 , RegressionTest0::test006 , RegressionTest0::test007 , RegressionTest0::test008 , RegressionTest0::test009 , RegressionTest0::test010 , RegressionTest0::test011 , RegressionTest0::test012 , RegressionTest0::test013 , RegressionTest0::test014 , RegressionTest0::test015 , RegressionTest0::test016 , RegressionTest0::test017 , RegressionTest0::test018 , RegressionTest0::test019 , RegressionTest0::test020 , RegressionTest0::test021 , RegressionTest0::test022 , RegressionTest0::test023 , RegressionTest0::test024 , RegressionTest0::test025 , RegressionTest0::test026 , RegressionTest0::test027 , RegressionTest0::test028 , RegressionTest0::test029 , RegressionTest0::test030 , RegressionTest0::test031 , RegressionTest0::test032 , RegressionTest0::test033 , RegressionTest0::test034 , RegressionTest0::test035 , RegressionTest0::test036 , RegressionTest0::test037 , RegressionTest0::test038 , RegressionTest0::test039 , RegressionTest0::test040 , RegressionTest0::test041 , RegressionTest0::test042 , RegressionTest0::test043 , RegressionTest0::test044 , RegressionTest0::test045 , RegressionTest0::test046 , RegressionTest0::test047 , RegressionTest0::test048 , RegressionTest0::test049 , RegressionTest0::test050 , RegressionTest0::test051 , RegressionTest0::test052 , RegressionTest0::test053 , RegressionTest0::test054 , RegressionTest0::test055 , RegressionTest0::test056 , RegressionTest0::test057 , RegressionTest0::test058 , RegressionTest0::test059 , RegressionTest0::test060 , RegressionTest0::test061 , RegressionTest0::test062 , RegressionTest0::test063 , RegressionTest0::test064 , RegressionTest0::test065 , RegressionTest0::test066 , RegressionTest0::test067 , RegressionTest0::test068 , RegressionTest0::test069 , RegressionTest0::test070 , RegressionTest0::test071 , RegressionTest0::test072 , RegressionTest0::test073 , RegressionTest0::test074 , RegressionTest0::test075 , RegressionTest0::test076 , RegressionTest0::test077 , RegressionTest0::test078 , RegressionTest0::test079 , RegressionTest0::test080 , RegressionTest0::test081 , RegressionTest0::test082 , RegressionTest0::test083 , RegressionTest0::test084 , RegressionTest0::test085 , RegressionTest0::test086 , RegressionTest0::test087 , RegressionTest0::test088 , RegressionTest0::test089 , RegressionTest0::test090 , RegressionTest0::test091 , RegressionTest0::test092 , RegressionTest0::test093 , RegressionTest0::test094 , RegressionTest0::test095 , RegressionTest0::test096 , RegressionTest0::test097 , RegressionTest0::test098 , RegressionTest0::test099 , RegressionTest0::test100 , RegressionTest0::test101 , RegressionTest0::test102 , RegressionTest0::test103 , RegressionTest0::test104 , RegressionTest0::test105 , RegressionTest0::test106 , RegressionTest0::test107 , RegressionTest0::test108 , RegressionTest0::test109 , RegressionTest0::test110 , RegressionTest0::test111 , RegressionTest0::test112 , RegressionTest0::test113 , RegressionTest0::test114 , RegressionTest0::test115 , RegressionTest0::test116 , RegressionTest0::test117 , RegressionTest0::test118 , RegressionTest0::test119 , RegressionTest0::test120 , RegressionTest0::test121 , RegressionTest0::test122 , RegressionTest0::test123 , RegressionTest0::test124 , RegressionTest0::test125 , RegressionTest0::test126 , RegressionTest0::test127 , RegressionTest0::test128 , RegressionTest0::test129 , RegressionTest0::test130 , RegressionTest0::test131 , RegressionTest0::test132 , RegressionTest0::test133 , RegressionTest0::test134 , RegressionTest0::test135 , RegressionTest0::test136 , RegressionTest0::test137 , RegressionTest0::test138 , RegressionTest0::test139 , RegressionTest0::test140 , RegressionTest0::test141 , RegressionTest0::test142 , RegressionTest0::test143 , RegressionTest0::test144 , RegressionTest0::test145 , RegressionTest0::test146 , RegressionTest0::test147 , RegressionTest0::test148 , RegressionTest0::test149 , RegressionTest0::test150 , RegressionTest0::test151 , RegressionTest0::test152 , RegressionTest0::test153 , RegressionTest0::test154 , RegressionTest0::test155 , RegressionTest0::test156 , RegressionTest0::test157 , RegressionTest0::test158 , RegressionTest0::test159 , RegressionTest0::test160 , RegressionTest0::test161 , RegressionTest0::test162 , RegressionTest0::test163 , RegressionTest0::test164 , RegressionTest0::test165 , RegressionTest0::test166 , RegressionTest0::test167 , RegressionTest0::test168 , RegressionTest0::test169 , RegressionTest0::test170 , RegressionTest0::test171 , RegressionTest0::test172 , RegressionTest0::test173 , RegressionTest0::test174 , RegressionTest0::test175 , RegressionTest0::test176 , RegressionTest0::test177 , RegressionTest0::test178 , RegressionTest0::test179 , RegressionTest0::test180 , RegressionTest0::test181 , RegressionTest0::test182 , RegressionTest0::test183 , RegressionTest0::test184 , RegressionTest0::test185 , RegressionTest0::test186 , RegressionTest0::test187 , RegressionTest0::test188 , RegressionTest0::test189 , RegressionTest0::test190 , RegressionTest0::test191 , RegressionTest0::test192 , RegressionTest0::test193 , RegressionTest0::test194 , RegressionTest0::test195 , RegressionTest0::test196 , RegressionTest0::test197 , RegressionTest0::test198 , RegressionTest0::test199 , RegressionTest0::test200 , RegressionTest0::test201 , RegressionTest0::test202 , RegressionTest0::test203 , RegressionTest0::test204 , RegressionTest0::test205 , RegressionTest0::test206 , RegressionTest0::test207 , RegressionTest0::test208 , RegressionTest0::test209 , RegressionTest0::test210 , RegressionTest0::test211 , RegressionTest0::test212 , RegressionTest0::test213 , RegressionTest0::test214 , RegressionTest0::test215 , RegressionTest0::test216 , RegressionTest0::test217 , RegressionTest0::test218 , RegressionTest0::test219 , RegressionTest0::test220 , RegressionTest0::test221 , RegressionTest0::test222 , RegressionTest0::test223 , RegressionTest0::test224 , RegressionTest0::test225 , RegressionTest0::test226 , RegressionTest0::test227 , RegressionTest0::test228 , RegressionTest0::test229 , RegressionTest0::test230 , RegressionTest0::test231 , RegressionTest0::test232 , RegressionTest0::test233 , RegressionTest0::test234 , RegressionTest0::test235 , RegressionTest0::test236 , RegressionTest0::test237 , RegressionTest0::test238 , RegressionTest0::test239 , RegressionTest0::test240 , RegressionTest0::test241 , RegressionTest0::test242 , RegressionTest0::test243 , RegressionTest0::test244 , RegressionTest0::test245 , RegressionTest0::test246 , RegressionTest0::test247 , RegressionTest0::test248 , RegressionTest0::test249 , RegressionTest0::test250 , RegressionTest0::test251 , RegressionTest0::test252 , RegressionTest0::test253 , RegressionTest0::test254 , RegressionTest0::test255 , RegressionTest0::test256 , RegressionTest0::test257 , RegressionTest0::test258 , RegressionTest0::test259 , RegressionTest0::test260 , RegressionTest0::test261 , RegressionTest0::test262 , RegressionTest0::test263 , RegressionTest0::test264 , RegressionTest0::test265 , RegressionTest0::test266 , RegressionTest0::test267 , RegressionTest0::test268 , RegressionTest0::test269 , RegressionTest0::test270 , RegressionTest0::test271 , RegressionTest0::test272 , RegressionTest0::test273 , RegressionTest0::test274 , RegressionTest0::test275 , RegressionTest0::test276 , RegressionTest0::test277 , RegressionTest0::test278 , RegressionTest0::test279 , RegressionTest0::test280 , RegressionTest0::test281 , RegressionTest0::test282 , RegressionTest0::test283 , RegressionTest0::test284 , RegressionTest0::test285 , RegressionTest0::test286 , RegressionTest0::test287 , RegressionTest0::test288 , RegressionTest0::test289 , RegressionTest0::test290 , RegressionTest0::test291 , RegressionTest0::test292
CMAESOptimizer_ESTest::test00 , 0 , 504 , 549 , 500 , 551 , 121 , 352 , 148 , 11 , 349 , 344 , 401 , 380 , 351 , 118 , 174 , 172 , 217
CMAESOptimizer_ESTest::test01 , 504 , 0 , 85 , 300 , 81 , 563 , 761 , 568 , 508 , 591 , 586 , 596 , 629 , 652 , 574 , 595 , 519 , 337
CMAESOptimizer_ESTest::test02 , 549 , 85 , 0 , 313 , 17 , 608 , 803 , 615 , 553 , 628 , 623 , 616 , 640 , 665 , 618 , 641 , 561 , 369
CMAESOptimizer_ESTest::test03 , 500 , 300 , 313 , 0 , 326 , 496 , 688 , 507 , 504 , 570 , 567 , 517 , 526 , 556 , 500 , 529 , 452 , 395
CMAESOptimizer_ESTest::test04 , 551 , 81 , 17 , 326 , 0 , 609 , 805 , 616 , 555 , 629 , 624 , 615 , 642 , 666 , 618 , 642 , 563 , 367
CMAESOptimizer_ESTest::test05 , 121 , 563 , 608 , 496 , 609 , 0 , 253 , 94 , 121 , 391 , 386 , 410 , 386 , 352 , 17 , 123 , 63 , 283
CMAESOptimizer_ESTest::test06 , 352 , 761 , 803 , 688 , 805 , 253 , 0 , 307 , 360 , 281 , 280 , 333 , 273 , 220 , 244 , 340 , 298 , 464
CMAESOptimizer_ESTest::test07 , 148 , 568 , 615 , 507 , 616 , 94 , 307 , 0 , 154 , 354 , 352 , 433 , 418 , 388 , 87 , 46 , 139 , 277
CMAESOptimizer_ESTest::test08 , 11 , 508 , 553 , 504 , 555 , 121 , 360 , 154 , 0 , 354 , 346 , 407 , 384 , 352 , 126 , 172 , 174 , 222
CMAESOptimizer_ESTest::test09 , 349 , 591 , 628 , 570 , 629 , 391 , 281 , 354 , 354 , 0 , 29 , 296 , 286 , 226 , 397 , 371 , 385 , 290
CMAESOptimizer_ESTest::test10 , 344 , 586 , 623 , 567 , 624 , 386 , 280 , 352 , 346 , 29 , 0 , 294 , 282 , 217 , 390 , 362 , 376 , 282
CMAESOptimizer_ESTest::test11 , 401 , 596 , 616 , 517 , 615 , 410 , 333 , 433 , 407 , 296 , 294 , 0 , 123 , 164 , 417 , 444 , 395 , 373
CMAESOptimizer_ESTest::test12 , 380 , 629 , 640 , 526 , 642 , 386 , 273 , 418 , 384 , 286 , 282 , 123 , 0 , 100 , 387 , 433 , 375 , 376
CMAESOptimizer_ESTest::test13 , 351 , 652 , 665 , 556 , 666 , 352 , 220 , 388 , 352 , 226 , 217 , 164 , 100 , 0 , 361 , 411 , 395 , 405
CMAESOptimizer_ESTest::test14 , 118 , 574 , 618 , 500 , 618 , 17 , 244 , 87 , 126 , 397 , 390 , 417 , 387 , 361 , 0 , 120 , 64 , 287
CMAESOptimizer_ESTest::test15 , 174 , 595 , 641 , 529 , 642 , 123 , 340 , 46 , 172 , 371 , 362 , 444 , 433 , 411 , 120 , 0 , 170 , 305
CMAESOptimizer_ESTest::test16 , 172 , 519 , 561 , 452 , 563 , 63 , 298 , 139 , 174 , 385 , 376 , 395 , 375 , 395 , 64 , 170 , 0 , 235
CMAESOptimizer_ESTest::test17 , 217 , 337 , 369 , 395 , 367 , 283 , 464 , 277 , 222 , 290 , 282 , 373 , 376 , 405 , 287 , 305 , 235 , 0
