: , RegressionTest0::test001 , RegressionTest0::test002 , RegressionTest0::test003 , RegressionTest0::test004 , RegressionTest0::test005 , RegressionTest0::test006 , RegressionTest0::test007 , RegressionTest0::test008 , RegressionTest0::test009 , RegressionTest0::test010 , RegressionTest0::test011 , RegressionTest0::test012 , RegressionTest0::test013 , RegressionTest0::test014 , RegressionTest0::test015 , RegressionTest0::test016 , RegressionTest0::test017 , RegressionTest0::test018 , RegressionTest0::test019 , RegressionTest0::test020 , RegressionTest0::test021 , RegressionTest0::test022 , RegressionTest0::test023 , RegressionTest0::test024 , RegressionTest0::test025 , RegressionTest0::test026 , RegressionTest0::test027 , RegressionTest0::test028 , RegressionTest0::test029 , RegressionTest0::test030 , RegressionTest0::test031 , RegressionTest0::test032 , RegressionTest0::test033 , RegressionTest0::test034 , RegressionTest0::test035 , RegressionTest0::test036 , RegressionTest0::test037 , RegressionTest0::test038 , RegressionTest0::test039 , RegressionTest0::test040 , RegressionTest0::test041 , RegressionTest0::test042 , RegressionTest0::test043 , RegressionTest0::test044 , RegressionTest0::test045 , RegressionTest0::test046 , RegressionTest0::test047 , RegressionTest0::test048 , RegressionTest0::test049 , RegressionTest0::test050 , RegressionTest0::test051 , RegressionTest0::test052 , RegressionTest0::test053 , RegressionTest0::test054 , RegressionTest0::test055 , RegressionTest0::test056 , RegressionTest0::test057 , RegressionTest0::test058 , RegressionTest0::test059 , RegressionTest0::test060 , RegressionTest0::test061 , RegressionTest0::test062 , RegressionTest0::test063 , RegressionTest0::test064 , RegressionTest0::test065 , RegressionTest0::test066 , RegressionTest0::test067 , RegressionTest0::test068 , RegressionTest0::test069 , RegressionTest0::test070 , RegressionTest0::test071 , RegressionTest0::test072 , RegressionTest0::test073 , RegressionTest0::test074 , RegressionTest0::test075 , RegressionTest0::test076 , RegressionTest0::test077 , RegressionTest0::test078 , RegressionTest0::test079 , RegressionTest0::test080 , RegressionTest0::test081 , RegressionTest0::test082 , RegressionTest0::test083 , RegressionTest0::test084 , RegressionTest0::test085 , RegressionTest0::test086 , RegressionTest0::test087 , RegressionTest0::test088 , RegressionTest0::test089 , RegressionTest0::test090 , RegressionTest0::test091 , RegressionTest0::test092 , RegressionTest0::test093 , RegressionTest0::test094 , RegressionTest0::test095 , RegressionTest0::test096 , RegressionTest0::test097 , RegressionTest0::test098 , RegressionTest0::test099 , RegressionTest0::test100 , RegressionTest0::test101 , RegressionTest0::test102 , RegressionTest0::test103 , RegressionTest0::test104 , RegressionTest0::test105 , RegressionTest0::test106 , RegressionTest0::test107 , RegressionTest0::test108 , RegressionTest0::test109 , RegressionTest0::test110 , RegressionTest0::test111 , RegressionTest0::test112 , RegressionTest0::test113 , RegressionTest0::test114 , RegressionTest0::test115 , RegressionTest0::test116 , RegressionTest0::test117 , RegressionTest0::test118 , RegressionTest0::test119 , RegressionTest0::test120 , RegressionTest0::test121 , RegressionTest0::test122 , RegressionTest0::test123 , RegressionTest0::test124 , RegressionTest0::test125 , RegressionTest0::test126 , RegressionTest0::test127 , RegressionTest0::test128 , RegressionTest0::test129 , RegressionTest0::test130 , RegressionTest0::test131 , RegressionTest0::test132 , RegressionTest0::test133 , RegressionTest0::test134 , RegressionTest0::test135 , RegressionTest0::test136 , RegressionTest0::test137 , RegressionTest0::test138 , RegressionTest0::test139 , RegressionTest0::test140 , RegressionTest0::test141 , RegressionTest0::test142 , RegressionTest0::test143 , RegressionTest0::test144 , RegressionTest0::test145 , RegressionTest0::test146 , RegressionTest0::test147 , RegressionTest0::test148 , RegressionTest0::test149 , RegressionTest0::test150 , RegressionTest0::test151 , RegressionTest0::test152 , RegressionTest0::test153 , RegressionTest0::test154 , RegressionTest0::test155 , RegressionTest0::test156 , RegressionTest0::test157 , RegressionTest0::test158 , RegressionTest0::test159 , RegressionTest0::test160 , RegressionTest0::test161 , RegressionTest0::test162 , RegressionTest0::test163 , RegressionTest0::test164 , RegressionTest0::test165 , RegressionTest0::test166 , RegressionTest0::test167 , RegressionTest0::test168 , RegressionTest0::test169 , RegressionTest0::test170 , RegressionTest0::test171 , RegressionTest0::test172 , RegressionTest0::test173 , RegressionTest0::test174 , RegressionTest0::test175 , RegressionTest0::test176 , RegressionTest0::test177 , RegressionTest0::test178 , RegressionTest0::test179 , RegressionTest0::test180 , RegressionTest0::test181 , RegressionTest0::test182 , RegressionTest0::test183 , RegressionTest0::test184 , RegressionTest0::test185 , RegressionTest0::test186 , RegressionTest0::test187 , RegressionTest0::test188 , RegressionTest0::test189 , RegressionTest0::test190 , RegressionTest0::test191 , RegressionTest0::test192 , RegressionTest0::test193 , RegressionTest0::test194 , RegressionTest0::test195 , RegressionTest0::test196 , RegressionTest0::test197 , RegressionTest0::test198 , RegressionTest0::test199 , RegressionTest0::test200 , RegressionTest0::test201 , RegressionTest0::test202 , RegressionTest0::test203 , RegressionTest0::test204 , RegressionTest0::test205 , RegressionTest0::test206 , RegressionTest0::test207 , RegressionTest0::test208 , RegressionTest0::test209 , RegressionTest0::test210 , RegressionTest0::test211 , RegressionTest0::test212 , RegressionTest0::test213 , RegressionTest0::test214 , RegressionTest0::test215 , RegressionTest0::test216 , RegressionTest0::test217 , RegressionTest0::test218 , RegressionTest0::test219 , RegressionTest0::test220 , RegressionTest0::test221 , RegressionTest0::test222 , RegressionTest0::test223 , RegressionTest0::test224 , RegressionTest0::test225 , RegressionTest0::test226 , RegressionTest0::test227 , RegressionTest0::test228 , RegressionTest0::test229 , RegressionTest0::test230 , RegressionTest0::test231 , RegressionTest0::test232 , RegressionTest0::test233 , RegressionTest0::test234 , RegressionTest0::test235 , RegressionTest0::test236 , RegressionTest0::test237 , RegressionTest0::test238 , RegressionTest0::test239
CMAESOptimizer_ESTest::test00 , 0 , 954 , 954 , 956 , 955 , 387 , 427 , 216 , 363 , 387 , 604 , 451 , 573 , 596 , 569 , 736 , 552 , 589
CMAESOptimizer_ESTest::test01 , 954 , 0 , 16 , 16 , 21 , 784 , 946 , 749 , 722 , 784 , 466 , 764 , 726 , 820 , 798 , 918 , 643 , 819
CMAESOptimizer_ESTest::test02 , 954 , 16 , 0 , 5 , 31 , 783 , 947 , 748 , 721 , 783 , 465 , 765 , 722 , 819 , 796 , 917 , 640 , 815
CMAESOptimizer_ESTest::test03 , 956 , 16 , 5 , 0 , 32 , 786 , 949 , 751 , 723 , 786 , 467 , 767 , 725 , 821 , 798 , 919 , 643 , 817
CMAESOptimizer_ESTest::test04 , 955 , 21 , 31 , 32 , 0 , 783 , 945 , 748 , 723 , 783 , 465 , 764 , 725 , 819 , 796 , 918 , 641 , 822
CMAESOptimizer_ESTest::test05 , 387 , 784 , 783 , 786 , 783 , 0 , 402 , 172 , 148 , 4 , 369 , 442 , 467 , 358 , 429 , 560 , 515 , 503
CMAESOptimizer_ESTest::test06 , 427 , 946 , 947 , 949 , 945 , 402 , 0 , 254 , 379 , 403 , 592 , 284 , 408 , 323 , 445 , 457 , 568 , 427
CMAESOptimizer_ESTest::test07 , 216 , 749 , 748 , 751 , 748 , 172 , 254 , 0 , 151 , 172 , 397 , 354 , 476 , 431 , 466 , 596 , 441 , 512
CMAESOptimizer_ESTest::test08 , 363 , 722 , 721 , 723 , 723 , 148 , 379 , 151 , 0 , 149 , 376 , 439 , 478 , 453 , 467 , 525 , 409 , 527
CMAESOptimizer_ESTest::test09 , 387 , 784 , 783 , 786 , 783 , 4 , 403 , 172 , 149 , 0 , 369 , 442 , 467 , 358 , 429 , 561 , 515 , 504
CMAESOptimizer_ESTest::test10 , 604 , 466 , 465 , 467 , 465 , 369 , 592 , 397 , 376 , 369 , 0 , 405 , 285 , 374 , 355 , 639 , 361 , 383
CMAESOptimizer_ESTest::test11 , 451 , 764 , 765 , 767 , 764 , 442 , 284 , 354 , 439 , 442 , 405 , 0 , 146 , 250 , 308 , 440 , 484 , 274
CMAESOptimizer_ESTest::test12 , 573 , 726 , 722 , 725 , 725 , 467 , 408 , 476 , 478 , 467 , 285 , 146 , 0 , 207 , 252 , 452 , 529 , 193
CMAESOptimizer_ESTest::test13 , 596 , 820 , 819 , 821 , 819 , 358 , 323 , 431 , 453 , 358 , 374 , 250 , 207 , 0 , 336 , 353 , 582 , 248
CMAESOptimizer_ESTest::test14 , 569 , 798 , 796 , 798 , 796 , 429 , 445 , 466 , 467 , 429 , 355 , 308 , 252 , 336 , 0 , 515 , 526 , 297
CMAESOptimizer_ESTest::test15 , 736 , 918 , 917 , 919 , 918 , 560 , 457 , 596 , 525 , 561 , 639 , 440 , 452 , 353 , 515 , 0 , 602 , 445
CMAESOptimizer_ESTest::test16 , 552 , 643 , 640 , 643 , 641 , 515 , 568 , 441 , 409 , 515 , 361 , 484 , 529 , 582 , 526 , 602 , 0 , 597
CMAESOptimizer_ESTest::test17 , 589 , 819 , 815 , 817 , 822 , 503 , 427 , 512 , 527 , 504 , 383 , 274 , 193 , 248 , 297 , 445 , 597 , 0
