: , RegressionTest0::test01 , RegressionTest0::test02 , RegressionTest0::test03 , RegressionTest0::test04 , RegressionTest0::test05 , RegressionTest0::test06 , RegressionTest0::test07 , RegressionTest0::test08 , RegressionTest0::test09 , RegressionTest0::test10 , RegressionTest0::test11 , RegressionTest0::test12 , RegressionTest0::test13 , RegressionTest0::test14 , RegressionTest0::test15 , RegressionTest0::test16 , RegressionTest0::test17 , RegressionTest0::test18 , RegressionTest0::test19 , RegressionTest0::test20 , RegressionTest0::test21 , RegressionTest0::test22 , RegressionTest0::test23 , RegressionTest0::test24 , RegressionTest0::test25 , RegressionTest0::test26 , RegressionTest0::test27 , RegressionTest0::test28 , RegressionTest0::test29 , RegressionTest0::test30 , RegressionTest0::test31 , RegressionTest0::test32 , RegressionTest0::test33 , RegressionTest0::test34 , RegressionTest0::test35 , RegressionTest0::test36 , RegressionTest0::test37 , RegressionTest0::test38 , RegressionTest0::test39
SingularValueDecompositionImpl_ESTest::test00 , 0 , 277 , 430 , 406 , 437 , 432 , 364 , 328 , 502 , 417 , 389 , 447
SingularValueDecompositionImpl_ESTest::test01 , 277 , 0 , 238 , 417 , 355 , 284 , 311 , 331 , 424 , 335 , 476 , 310
SingularValueDecompositionImpl_ESTest::test02 , 430 , 238 , 0 , 382 , 256 , 75 , 276 , 380 , 302 , 136 , 293 , 110
SingularValueDecompositionImpl_ESTest::test03 , 406 , 417 , 382 , 0 , 284 , 328 , 123 , 400 , 333 , 318 , 397 , 348
SingularValueDecompositionImpl_ESTest::test04 , 437 , 355 , 256 , 284 , 0 , 254 , 201 , 369 , 189 , 278 , 392 , 275
SingularValueDecompositionImpl_ESTest::test05 , 432 , 284 , 75 , 328 , 254 , 0 , 216 , 387 , 242 , 130 , 293 , 40
SingularValueDecompositionImpl_ESTest::test06 , 364 , 311 , 276 , 123 , 201 , 216 , 0 , 355 , 214 , 269 , 365 , 234
SingularValueDecompositionImpl_ESTest::test07 , 328 , 331 , 380 , 400 , 369 , 387 , 355 , 0 , 462 , 355 , 473 , 413
SingularValueDecompositionImpl_ESTest::test08 , 502 , 424 , 302 , 333 , 189 , 242 , 214 , 462 , 0 , 327 , 425 , 237
SingularValueDecompositionImpl_ESTest::test09 , 417 , 335 , 136 , 318 , 278 , 130 , 269 , 355 , 327 , 0 , 259 , 166
SingularValueDecompositionImpl_ESTest::test10 , 389 , 476 , 293 , 397 , 392 , 293 , 365 , 473 , 425 , 259 , 0 , 312
SingularValueDecompositionImpl_ESTest::test11 , 447 , 310 , 110 , 348 , 275 , 40 , 234 , 413 , 237 , 166 , 312 , 0
