: , RegressionTest0::test001 , RegressionTest0::test002 , RegressionTest0::test003 , RegressionTest0::test004 , RegressionTest0::test005 , RegressionTest0::test006 , RegressionTest0::test007 , RegressionTest0::test008 , RegressionTest0::test009 , RegressionTest0::test010 , RegressionTest0::test011 , RegressionTest0::test012 , RegressionTest0::test013 , RegressionTest0::test014 , RegressionTest0::test015 , RegressionTest0::test016 , RegressionTest0::test017 , RegressionTest0::test018 , RegressionTest0::test019 , RegressionTest0::test020 , RegressionTest0::test021 , RegressionTest0::test022 , RegressionTest0::test023 , RegressionTest0::test024 , RegressionTest0::test025 , RegressionTest0::test026 , RegressionTest0::test027 , RegressionTest0::test028 , RegressionTest0::test029 , RegressionTest0::test030 , RegressionTest0::test031 , RegressionTest0::test032 , RegressionTest0::test033 , RegressionTest0::test034 , RegressionTest0::test035 , RegressionTest0::test036 , RegressionTest0::test037 , RegressionTest0::test038 , RegressionTest0::test039 , RegressionTest0::test040 , RegressionTest0::test041 , RegressionTest0::test042 , RegressionTest0::test043 , RegressionTest0::test044 , RegressionTest0::test045 , RegressionTest0::test046 , RegressionTest0::test047 , RegressionTest0::test048 , RegressionTest0::test049 , RegressionTest0::test050 , RegressionTest0::test051 , RegressionTest0::test052 , RegressionTest0::test053 , RegressionTest0::test054 , RegressionTest0::test055 , RegressionTest0::test056 , RegressionTest0::test057 , RegressionTest0::test058 , RegressionTest0::test059 , RegressionTest0::test060 , RegressionTest0::test061 , RegressionTest0::test062 , RegressionTest0::test063 , RegressionTest0::test064 , RegressionTest0::test065 , RegressionTest0::test066 , RegressionTest0::test067 , RegressionTest0::test068 , RegressionTest0::test069 , RegressionTest0::test070 , RegressionTest0::test071 , RegressionTest0::test072 , RegressionTest0::test073 , RegressionTest0::test074 , RegressionTest0::test075 , RegressionTest0::test076 , RegressionTest0::test077 , RegressionTest0::test078 , RegressionTest0::test079 , RegressionTest0::test080 , RegressionTest0::test081 , RegressionTest0::test082 , RegressionTest0::test083 , RegressionTest0::test084 , RegressionTest0::test085 , RegressionTest0::test086 , RegressionTest0::test087 , RegressionTest0::test088 , RegressionTest0::test089 , RegressionTest0::test090 , RegressionTest0::test091 , RegressionTest0::test092 , RegressionTest0::test093 , RegressionTest0::test094 , RegressionTest0::test095 , RegressionTest0::test096 , RegressionTest0::test097 , RegressionTest0::test098 , RegressionTest0::test099 , RegressionTest0::test100 , RegressionTest0::test101 , RegressionTest0::test102 , RegressionTest0::test103 , RegressionTest0::test104 , RegressionTest0::test105 , RegressionTest0::test106 , RegressionTest0::test107 , RegressionTest0::test108 , RegressionTest0::test109 , RegressionTest0::test110 , RegressionTest0::test111 , RegressionTest0::test112 , RegressionTest0::test113 , RegressionTest0::test114 , RegressionTest0::test115 , RegressionTest0::test116 , RegressionTest0::test117 , RegressionTest0::test118 , RegressionTest0::test119 , RegressionTest0::test120 , RegressionTest0::test121 , RegressionTest0::test122 , RegressionTest0::test123 , RegressionTest0::test124 , RegressionTest0::test125 , RegressionTest0::test126 , RegressionTest0::test127 , RegressionTest0::test128 , RegressionTest0::test129 , RegressionTest0::test130 , RegressionTest0::test131 , RegressionTest0::test132 , RegressionTest0::test133 , RegressionTest0::test134 , RegressionTest0::test135 , RegressionTest0::test136
Weight_ESTest::test0 , 0 , 103 , 273 , 150 , 367 , 408 , 330 , 351 , 321 , 614 , 496
Weight_ESTest::test1 , 103 , 0 , 263 , 169 , 371 , 402 , 331 , 354 , 324 , 636 , 515
Weight_ESTest::test2 , 273 , 263 , 0 , 317 , 284 , 292 , 247 , 265 , 258 , 494 , 381
AbstractLeastSquaresOptimizer_ESTest::test0 , 150 , 169 , 317 , 0 , 308 , 333 , 244 , 263 , 235 , 585 , 466
AbstractLeastSquaresOptimizer_ESTest::test1 , 367 , 371 , 284 , 308 , 0 , 81 , 75 , 83 , 96 , 478 , 202
AbstractLeastSquaresOptimizer_ESTest::test2 , 408 , 402 , 292 , 333 , 81 , 0 , 98 , 119 , 132 , 413 , 138
AbstractLeastSquaresOptimizer_ESTest::test3 , 330 , 331 , 247 , 244 , 75 , 98 , 0 , 40 , 61 , 510 , 234
AbstractLeastSquaresOptimizer_ESTest::test4 , 351 , 354 , 265 , 263 , 83 , 119 , 40 , 0 , 70 , 519 , 255
AbstractLeastSquaresOptimizer_ESTest::test5 , 321 , 324 , 258 , 235 , 96 , 132 , 61 , 70 , 0 , 487 , 268
AbstractLeastSquaresOptimizer_ESTest::test6 , 614 , 636 , 494 , 585 , 478 , 413 , 510 , 519 , 487 , 0 , 334
AbstractLeastSquaresOptimizer_ESTest::test7 , 496 , 515 , 381 , 466 , 202 , 138 , 234 , 255 , 268 , 334 , 0
