: , RegressionTest0::test001 , RegressionTest0::test002 , RegressionTest0::test003 , RegressionTest0::test004 , RegressionTest0::test005 , RegressionTest0::test006 , RegressionTest0::test007 , RegressionTest0::test008 , RegressionTest0::test009 , RegressionTest0::test010 , RegressionTest0::test011 , RegressionTest0::test012 , RegressionTest0::test013 , RegressionTest0::test014 , RegressionTest0::test015 , RegressionTest0::test016 , RegressionTest0::test017 , RegressionTest0::test018 , RegressionTest0::test019 , RegressionTest0::test020 , RegressionTest0::test021 , RegressionTest0::test022 , RegressionTest0::test023 , RegressionTest0::test024 , RegressionTest0::test025 , RegressionTest0::test026 , RegressionTest0::test027 , RegressionTest0::test028 , RegressionTest0::test029 , RegressionTest0::test030 , RegressionTest0::test031 , RegressionTest0::test032 , RegressionTest0::test033 , RegressionTest0::test034 , RegressionTest0::test035 , RegressionTest0::test036 , RegressionTest0::test037 , RegressionTest0::test038 , RegressionTest0::test039 , RegressionTest0::test040 , RegressionTest0::test041 , RegressionTest0::test042 , RegressionTest0::test043 , RegressionTest0::test044 , RegressionTest0::test045 , RegressionTest0::test046 , RegressionTest0::test047 , RegressionTest0::test048 , RegressionTest0::test049 , RegressionTest0::test050 , RegressionTest0::test051 , RegressionTest0::test052 , RegressionTest0::test053 , RegressionTest0::test054 , RegressionTest0::test055 , RegressionTest0::test056 , RegressionTest0::test057 , RegressionTest0::test058 , RegressionTest0::test059 , RegressionTest0::test060 , RegressionTest0::test061 , RegressionTest0::test062 , RegressionTest0::test063 , RegressionTest0::test064 , RegressionTest0::test065 , RegressionTest0::test066 , RegressionTest0::test067 , RegressionTest0::test068 , RegressionTest0::test069 , RegressionTest0::test070 , RegressionTest0::test071 , RegressionTest0::test072 , RegressionTest0::test073 , RegressionTest0::test074 , RegressionTest0::test075 , RegressionTest0::test076 , RegressionTest0::test077 , RegressionTest0::test078 , RegressionTest0::test079 , RegressionTest0::test080 , RegressionTest0::test081 , RegressionTest0::test082 , RegressionTest0::test083 , RegressionTest0::test084 , RegressionTest0::test085 , RegressionTest0::test086 , RegressionTest0::test087 , RegressionTest0::test088 , RegressionTest0::test089 , RegressionTest0::test090 , RegressionTest0::test091 , RegressionTest0::test092 , RegressionTest0::test093 , RegressionTest0::test094 , RegressionTest0::test095 , RegressionTest0::test096 , RegressionTest0::test097 , RegressionTest0::test098 , RegressionTest0::test099 , RegressionTest0::test100 , RegressionTest0::test101 , RegressionTest0::test102 , RegressionTest0::test103 , RegressionTest0::test104 , RegressionTest0::test105 , RegressionTest0::test106 , RegressionTest0::test107 , RegressionTest0::test108 , RegressionTest0::test109 , RegressionTest0::test110 , RegressionTest0::test111 , RegressionTest0::test112 , RegressionTest0::test113 , RegressionTest0::test114 , RegressionTest0::test115 , RegressionTest0::test116 , RegressionTest0::test117 , RegressionTest0::test118 , RegressionTest0::test119 , RegressionTest0::test120 , RegressionTest0::test121 , RegressionTest0::test122 , RegressionTest0::test123 , RegressionTest0::test124 , RegressionTest0::test125 , RegressionTest0::test126 , RegressionTest0::test127 , RegressionTest0::test128 , RegressionTest0::test129 , RegressionTest0::test130 , RegressionTest0::test131 , RegressionTest0::test132 , RegressionTest0::test133 , RegressionTest0::test134 , RegressionTest0::test135 , RegressionTest0::test136 , RegressionTest0::test137 , RegressionTest0::test138 , RegressionTest0::test139 , RegressionTest0::test140 , RegressionTest0::test141 , RegressionTest0::test142 , RegressionTest0::test143 , RegressionTest0::test144 , RegressionTest0::test145 , RegressionTest0::test146 , RegressionTest0::test147 , RegressionTest0::test148 , RegressionTest0::test149 , RegressionTest0::test150 , RegressionTest0::test151 , RegressionTest0::test152 , RegressionTest0::test153 , RegressionTest0::test154 , RegressionTest0::test155 , RegressionTest0::test156 , RegressionTest0::test157 , RegressionTest0::test158 , RegressionTest0::test159 , RegressionTest0::test160 , RegressionTest0::test161 , RegressionTest0::test162 , RegressionTest0::test163 , RegressionTest0::test164 , RegressionTest0::test165 , RegressionTest0::test166 , RegressionTest0::test167 , RegressionTest0::test168 , RegressionTest0::test169 , RegressionTest0::test170 , RegressionTest0::test171 , RegressionTest0::test172 , RegressionTest0::test173 , RegressionTest0::test174 , RegressionTest0::test175 , RegressionTest0::test176 , RegressionTest0::test177 , RegressionTest0::test178 , RegressionTest0::test179 , RegressionTest0::test180 , RegressionTest0::test181 , RegressionTest0::test182 , RegressionTest0::test183 , RegressionTest0::test184 , RegressionTest0::test185 , RegressionTest0::test186 , RegressionTest0::test187 , RegressionTest0::test188 , RegressionTest0::test189 , RegressionTest0::test190 , RegressionTest0::test191 , RegressionTest0::test192 , RegressionTest0::test193 , RegressionTest0::test194 , RegressionTest0::test195 , RegressionTest0::test196 , RegressionTest0::test197 , RegressionTest0::test198 , RegressionTest0::test199 , RegressionTest0::test200 , RegressionTest0::test201 , RegressionTest0::test202 , RegressionTest0::test203 , RegressionTest0::test204 , RegressionTest0::test205 , RegressionTest0::test206 , RegressionTest0::test207 , RegressionTest0::test208 , RegressionTest0::test209 , RegressionTest0::test210 , RegressionTest0::test211 , RegressionTest0::test212 , RegressionTest0::test213 , RegressionTest0::test214 , RegressionTest0::test215 , RegressionTest0::test216 , RegressionTest0::test217 , RegressionTest0::test218 , RegressionTest0::test219 , RegressionTest0::test220 , RegressionTest0::test221 , RegressionTest0::test222 , RegressionTest0::test223 , RegressionTest0::test224 , RegressionTest0::test225 , RegressionTest0::test226 , RegressionTest0::test227 , RegressionTest0::test228 , RegressionTest0::test229 , RegressionTest0::test230 , RegressionTest0::test231 , RegressionTest0::test232 , RegressionTest0::test233 , RegressionTest0::test234 , RegressionTest0::test235 , RegressionTest0::test236 , RegressionTest0::test237 , RegressionTest0::test238 , RegressionTest0::test239 , RegressionTest0::test240 , RegressionTest0::test241 , RegressionTest0::test242 , RegressionTest0::test243 , RegressionTest0::test244 , RegressionTest0::test245 , RegressionTest0::test246 , RegressionTest0::test247 , RegressionTest0::test248 , RegressionTest0::test249 , RegressionTest0::test250 , RegressionTest0::test251 , RegressionTest0::test252 , RegressionTest0::test253 , RegressionTest0::test254 , RegressionTest0::test255 , RegressionTest0::test256 , RegressionTest0::test257 , RegressionTest0::test258 , RegressionTest0::test259 , RegressionTest0::test260 , RegressionTest0::test261 , RegressionTest0::test262 , RegressionTest0::test263 , RegressionTest0::test264 , RegressionTest0::test265 , RegressionTest0::test266 , RegressionTest0::test267 , RegressionTest0::test268 , RegressionTest0::test269 , RegressionTest0::test270 , RegressionTest0::test271 , RegressionTest0::test272 , RegressionTest0::test273 , RegressionTest0::test274 , RegressionTest0::test275 , RegressionTest0::test276 , RegressionTest0::test277 , RegressionTest0::test278 , RegressionTest0::test279 , RegressionTest0::test280 , RegressionTest0::test281 , RegressionTest0::test282 , RegressionTest0::test283 , RegressionTest0::test284 , RegressionTest0::test285 , RegressionTest0::test286 , RegressionTest0::test287 , RegressionTest0::test288 , RegressionTest0::test289 , RegressionTest0::test290 , RegressionTest0::test291 , RegressionTest0::test292 , RegressionTest0::test293 , RegressionTest0::test294 , RegressionTest0::test295 , RegressionTest0::test296 , RegressionTest0::test297 , RegressionTest0::test298 , RegressionTest0::test299 , RegressionTest0::test300 , RegressionTest0::test301 , RegressionTest0::test302 , RegressionTest0::test303 , RegressionTest0::test304 , RegressionTest0::test305 , RegressionTest0::test306 , RegressionTest0::test307 , RegressionTest0::test308 , RegressionTest0::test309 , RegressionTest0::test310 , RegressionTest0::test311 , RegressionTest0::test312 , RegressionTest0::test313 , RegressionTest0::test314 , RegressionTest0::test315 , RegressionTest0::test316 , RegressionTest0::test317 , RegressionTest0::test318 , RegressionTest0::test319 , RegressionTest0::test320 , RegressionTest0::test321 , RegressionTest0::test322 , RegressionTest0::test323 , RegressionTest0::test324 , RegressionTest0::test325 , RegressionTest0::test326 , RegressionTest0::test327 , RegressionTest0::test328 , RegressionTest0::test329 , RegressionTest0::test330 , RegressionTest0::test331 , RegressionTest0::test332 , RegressionTest0::test333 , RegressionTest0::test334 , RegressionTest0::test335 , RegressionTest0::test336 , RegressionTest0::test337 , RegressionTest0::test338 , RegressionTest0::test339 , RegressionTest0::test340 , RegressionTest0::test341 , RegressionTest0::test342 , RegressionTest0::test343 , RegressionTest0::test344 , RegressionTest0::test345 , RegressionTest0::test346 , RegressionTest0::test347 , RegressionTest0::test348 , RegressionTest0::test349 , RegressionTest0::test350 , RegressionTest0::test351 , RegressionTest0::test352 , RegressionTest0::test353 , RegressionTest0::test354 , RegressionTest0::test355 , RegressionTest0::test356 , RegressionTest0::test357 , RegressionTest0::test358 , RegressionTest0::test359 , RegressionTest0::test360 , RegressionTest0::test361 , RegressionTest0::test362 , RegressionTest0::test363 , RegressionTest0::test364 , RegressionTest0::test365 , RegressionTest0::test366 , RegressionTest0::test367 , RegressionTest0::test368 , RegressionTest0::test369 , RegressionTest0::test370 , RegressionTest0::test371 , RegressionTest0::test372 , RegressionTest0::test373 , RegressionTest0::test374 , RegressionTest0::test375 , RegressionTest0::test376 , RegressionTest0::test377 , RegressionTest0::test378 , RegressionTest0::test379 , RegressionTest0::test380 , RegressionTest0::test381 , RegressionTest0::test382 , RegressionTest0::test383 , RegressionTest0::test384 , RegressionTest0::test385 , RegressionTest0::test386 , RegressionTest0::test387 , RegressionTest0::test388 , RegressionTest0::test389 , RegressionTest0::test390 , RegressionTest0::test391 , RegressionTest0::test392 , RegressionTest0::test393 , RegressionTest0::test394 , RegressionTest0::test395 , RegressionTest0::test396 , RegressionTest0::test397 , RegressionTest0::test398 , RegressionTest0::test399 , RegressionTest0::test400 , RegressionTest0::test401 , RegressionTest0::test402 , RegressionTest0::test403 , RegressionTest0::test404 , RegressionTest0::test405 , RegressionTest0::test406 , RegressionTest0::test407 , RegressionTest0::test408 , RegressionTest0::test409 , RegressionTest0::test410 , RegressionTest0::test411 , RegressionTest0::test412 , RegressionTest0::test413 , RegressionTest0::test414 , RegressionTest0::test415 , RegressionTest0::test416 , RegressionTest0::test417 , RegressionTest0::test418 , RegressionTest0::test419 , RegressionTest0::test420 , RegressionTest0::test421 , RegressionTest0::test422 , RegressionTest0::test423 , RegressionTest0::test424 , RegressionTest0::test425
SubLine_ESTest::test0 , 0 , 107 , 73 , 148 , 59 , 226 , 200 , 133 , 175 , 376 , 119 , 196 , 169 , 133 , 105 , 280 , 164 , 148 , 166 , 135 , 185 , 216 , 112 , 233 , 274 , 194 , 327
SubLine_ESTest::test1 , 107 , 0 , 133 , 126 , 111 , 232 , 212 , 149 , 191 , 386 , 156 , 163 , 166 , 110 , 94 , 266 , 106 , 143 , 138 , 94 , 143 , 212 , 101 , 229 , 230 , 179 , 310
SubLine_ESTest::test2 , 73 , 133 , 0 , 121 , 34 , 209 , 184 , 116 , 116 , 378 , 171 , 171 , 156 , 112 , 81 , 254 , 153 , 128 , 186 , 157 , 195 , 221 , 140 , 233 , 271 , 193 , 316
SubLine_ESTest::test3 , 148 , 126 , 121 , 0 , 98 , 133 , 112 , 119 , 76 , 350 , 164 , 122 , 113 , 119 , 119 , 221 , 92 , 85 , 153 , 145 , 179 , 209 , 155 , 208 , 224 , 177 , 296
SubLine_ESTest::test4 , 59 , 111 , 34 , 98 , 0 , 189 , 164 , 83 , 141 , 380 , 161 , 149 , 125 , 99 , 58 , 244 , 122 , 97 , 177 , 143 , 186 , 217 , 126 , 227 , 266 , 188 , 311
SubLine_ESTest::test5 , 226 , 232 , 209 , 133 , 189 , 0 , 35 , 116 , 126 , 322 , 231 , 163 , 183 , 227 , 232 , 196 , 170 , 179 , 223 , 225 , 218 , 247 , 243 , 255 , 259 , 244 , 296
SubLine_ESTest::test6 , 200 , 212 , 184 , 112 , 164 , 35 , 0 , 93 , 102 , 300 , 211 , 143 , 164 , 207 , 213 , 185 , 149 , 157 , 199 , 203 , 199 , 224 , 230 , 233 , 242 , 231 , 284
SubLine_ESTest::test7 , 133 , 149 , 116 , 119 , 83 , 116 , 93 , 0 , 100 , 330 , 146 , 128 , 93 , 129 , 140 , 206 , 95 , 109 , 164 , 148 , 186 , 189 , 167 , 197 , 248 , 196 , 282
SubLine_ESTest::test8 , 175 , 191 , 116 , 76 , 141 , 126 , 102 , 100 , 0 , 333 , 200 , 161 , 159 , 149 , 191 , 235 , 143 , 135 , 192 , 185 , 210 , 213 , 205 , 226 , 244 , 215 , 315
SubLine_ESTest::test00 , 376 , 386 , 378 , 350 , 380 , 322 , 300 , 330 , 333 , 0 , 260 , 349 , 262 , 357 , 402 , 343 , 359 , 334 , 346 , 357 , 340 , 254 , 384 , 206 , 304 , 319 , 311
SubLine_ESTest::test01 , 119 , 156 , 171 , 164 , 161 , 231 , 211 , 146 , 200 , 260 , 0 , 186 , 59 , 161 , 170 , 251 , 164 , 164 , 169 , 150 , 170 , 105 , 153 , 118 , 240 , 183 , 279
SubLine_ESTest::test02 , 196 , 163 , 171 , 122 , 149 , 163 , 143 , 128 , 161 , 349 , 186 , 0 , 133 , 160 , 154 , 110 , 89 , 99 , 69 , 104 , 162 , 212 , 193 , 226 , 202 , 201 , 200
SubLine_ESTest::test03 , 169 , 166 , 156 , 113 , 125 , 183 , 164 , 93 , 159 , 262 , 59 , 133 , 0 , 112 , 146 , 212 , 106 , 123 , 179 , 167 , 183 , 114 , 170 , 113 , 238 , 187 , 283
SubLine_ESTest::test04 , 133 , 110 , 112 , 119 , 99 , 227 , 207 , 129 , 149 , 357 , 161 , 160 , 112 , 0 , 88 , 252 , 97 , 72 , 168 , 144 , 185 , 213 , 118 , 207 , 254 , 172 , 308
SubLine_ESTest::test05 , 105 , 94 , 81 , 119 , 58 , 232 , 213 , 140 , 191 , 402 , 170 , 154 , 146 , 88 , 0 , 260 , 124 , 108 , 176 , 137 , 193 , 235 , 87 , 244 , 271 , 161 , 325
SubLine_ESTest::test06 , 280 , 266 , 254 , 221 , 244 , 196 , 185 , 206 , 235 , 343 , 251 , 110 , 212 , 252 , 260 , 0 , 195 , 196 , 165 , 201 , 223 , 258 , 273 , 274 , 269 , 279 , 179
SubLine_ESTest::test07 , 164 , 106 , 153 , 92 , 122 , 170 , 149 , 95 , 143 , 359 , 164 , 89 , 106 , 97 , 124 , 195 , 0 , 61 , 103 , 90 , 141 , 205 , 152 , 217 , 194 , 173 , 248
SubLine_ESTest::test08 , 148 , 143 , 128 , 85 , 97 , 179 , 157 , 109 , 135 , 334 , 164 , 99 , 123 , 72 , 108 , 196 , 61 , 0 , 156 , 150 , 164 , 221 , 149 , 210 , 240 , 180 , 288
SubLine_ESTest::test09 , 166 , 138 , 186 , 153 , 177 , 223 , 199 , 164 , 192 , 346 , 169 , 69 , 179 , 168 , 176 , 165 , 103 , 156 , 0 , 52 , 117 , 168 , 130 , 212 , 189 , 179 , 196
SubLine_ESTest::test10 , 135 , 94 , 157 , 145 , 143 , 225 , 203 , 148 , 185 , 357 , 150 , 104 , 167 , 144 , 137 , 201 , 90 , 150 , 52 , 0 , 91 , 172 , 105 , 214 , 194 , 162 , 239
SubLine_ESTest::test11 , 185 , 143 , 195 , 179 , 186 , 218 , 199 , 186 , 210 , 340 , 170 , 162 , 183 , 185 , 193 , 223 , 141 , 164 , 117 , 91 , 0 , 165 , 140 , 207 , 109 , 179 , 273
SubLine_ESTest::test12 , 216 , 212 , 221 , 209 , 217 , 247 , 224 , 189 , 213 , 254 , 105 , 212 , 114 , 213 , 235 , 258 , 205 , 221 , 168 , 172 , 165 , 0 , 190 , 136 , 219 , 214 , 284
SubLine_ESTest::test13 , 112 , 101 , 140 , 155 , 126 , 243 , 230 , 167 , 205 , 384 , 153 , 193 , 170 , 118 , 87 , 273 , 152 , 149 , 130 , 105 , 140 , 190 , 0 , 222 , 245 , 109 , 306
SubLine_ESTest::test14 , 233 , 229 , 233 , 208 , 227 , 255 , 233 , 197 , 226 , 206 , 118 , 226 , 113 , 207 , 244 , 274 , 217 , 210 , 212 , 214 , 207 , 136 , 222 , 0 , 134 , 114 , 187
SubLine_ESTest::test15 , 274 , 230 , 271 , 224 , 266 , 259 , 242 , 248 , 244 , 304 , 240 , 202 , 238 , 254 , 271 , 269 , 194 , 240 , 189 , 194 , 109 , 219 , 245 , 134 , 0 , 137 , 171
SubLine_ESTest::test16 , 194 , 179 , 193 , 177 , 188 , 244 , 231 , 196 , 215 , 319 , 183 , 201 , 187 , 172 , 161 , 279 , 173 , 180 , 179 , 162 , 179 , 214 , 109 , 114 , 137 , 0 , 205
SubLine_ESTest::test17 , 327 , 310 , 316 , 296 , 311 , 296 , 284 , 282 , 315 , 311 , 279 , 200 , 283 , 308 , 325 , 179 , 248 , 288 , 196 , 239 , 273 , 284 , 306 , 187 , 171 , 205 , 0
