: , RegressionTest0::test001 , RegressionTest0::test002 , RegressionTest0::test003 , RegressionTest0::test004 , RegressionTest0::test005 , RegressionTest0::test006 , RegressionTest0::test007 , RegressionTest0::test008 , RegressionTest0::test009 , RegressionTest0::test010 , RegressionTest0::test011 , RegressionTest0::test012 , RegressionTest0::test013 , RegressionTest0::test014 , RegressionTest0::test015 , RegressionTest0::test016 , RegressionTest0::test017 , RegressionTest0::test018 , RegressionTest0::test019 , RegressionTest0::test020 , RegressionTest0::test021 , RegressionTest0::test022 , RegressionTest0::test023 , RegressionTest0::test024 , RegressionTest0::test025 , RegressionTest0::test026 , RegressionTest0::test027 , RegressionTest0::test028 , RegressionTest0::test029 , RegressionTest0::test030 , RegressionTest0::test031 , RegressionTest0::test032 , RegressionTest0::test033 , RegressionTest0::test034 , RegressionTest0::test035 , RegressionTest0::test036 , RegressionTest0::test037 , RegressionTest0::test038 , RegressionTest0::test039 , RegressionTest0::test040 , RegressionTest0::test041 , RegressionTest0::test042 , RegressionTest0::test043 , RegressionTest0::test044 , RegressionTest0::test045 , RegressionTest0::test046 , RegressionTest0::test047 , RegressionTest0::test048 , RegressionTest0::test049 , RegressionTest0::test050 , RegressionTest0::test051 , RegressionTest0::test052 , RegressionTest0::test053 , RegressionTest0::test054 , RegressionTest0::test055 , RegressionTest0::test056 , RegressionTest0::test057 , RegressionTest0::test058 , RegressionTest0::test059 , RegressionTest0::test060 , RegressionTest0::test061 , RegressionTest0::test062 , RegressionTest0::test063 , RegressionTest0::test064 , RegressionTest0::test065 , RegressionTest0::test066 , RegressionTest0::test067 , RegressionTest0::test068 , RegressionTest0::test069 , RegressionTest0::test070 , RegressionTest0::test071 , RegressionTest0::test072 , RegressionTest0::test073 , RegressionTest0::test074 , RegressionTest0::test075 , RegressionTest0::test076 , RegressionTest0::test077 , RegressionTest0::test078 , RegressionTest0::test079 , RegressionTest0::test080 , RegressionTest0::test081 , RegressionTest0::test082 , RegressionTest0::test083 , RegressionTest0::test084 , RegressionTest0::test085 , RegressionTest0::test086 , RegressionTest0::test087 , RegressionTest0::test088 , RegressionTest0::test089 , RegressionTest0::test090 , RegressionTest0::test091 , RegressionTest0::test092 , RegressionTest0::test093 , RegressionTest0::test094 , RegressionTest0::test095 , RegressionTest0::test096 , RegressionTest0::test097 , RegressionTest0::test098 , RegressionTest0::test099 , RegressionTest0::test100 , RegressionTest0::test101 , RegressionTest0::test102 , RegressionTest0::test103 , RegressionTest0::test104 , RegressionTest0::test105 , RegressionTest0::test106 , RegressionTest0::test107 , RegressionTest0::test108 , RegressionTest0::test109 , RegressionTest0::test110 , RegressionTest0::test111 , RegressionTest0::test112 , RegressionTest0::test113 , RegressionTest0::test114 , RegressionTest0::test115 , RegressionTest0::test116 , RegressionTest0::test117 , RegressionTest0::test118 , RegressionTest0::test119 , RegressionTest0::test120 , RegressionTest0::test121 , RegressionTest0::test122 , RegressionTest0::test123 , RegressionTest0::test124 , RegressionTest0::test125 , RegressionTest0::test126 , RegressionTest0::test127 , RegressionTest0::test128 , RegressionTest0::test129 , RegressionTest0::test130 , RegressionTest0::test131 , RegressionTest0::test132 , RegressionTest0::test133 , RegressionTest0::test134 , RegressionTest0::test135 , RegressionTest0::test136 , RegressionTest0::test137 , RegressionTest0::test138 , RegressionTest0::test139 , RegressionTest0::test140 , RegressionTest0::test141 , RegressionTest0::test142 , RegressionTest0::test143 , RegressionTest0::test144 , RegressionTest0::test145 , RegressionTest0::test146 , RegressionTest0::test147 , RegressionTest0::test148 , RegressionTest0::test149 , RegressionTest0::test150 , RegressionTest0::test151 , RegressionTest0::test152 , RegressionTest0::test153 , RegressionTest0::test154 , RegressionTest0::test155 , RegressionTest0::test156 , RegressionTest0::test157 , RegressionTest0::test158 , RegressionTest0::test159 , RegressionTest0::test160 , RegressionTest0::test161 , RegressionTest0::test162 , RegressionTest0::test163 , RegressionTest0::test164 , RegressionTest0::test165 , RegressionTest0::test166 , RegressionTest0::test167 , RegressionTest0::test168 , RegressionTest0::test169 , RegressionTest0::test170 , RegressionTest0::test171 , RegressionTest0::test172 , RegressionTest0::test173 , RegressionTest0::test174 , RegressionTest0::test175 , RegressionTest0::test176 , RegressionTest0::test177 , RegressionTest0::test178 , RegressionTest0::test179 , RegressionTest0::test180 , RegressionTest0::test181 , RegressionTest0::test182 , RegressionTest0::test183 , RegressionTest0::test184 , RegressionTest0::test185 , RegressionTest0::test186 , RegressionTest0::test187 , RegressionTest0::test188 , RegressionTest0::test189 , RegressionTest0::test190 , RegressionTest0::test191 , RegressionTest0::test192 , RegressionTest0::test193 , RegressionTest0::test194 , RegressionTest0::test195 , RegressionTest0::test196 , RegressionTest0::test197 , RegressionTest0::test198 , RegressionTest0::test199 , RegressionTest0::test200 , RegressionTest0::test201 , RegressionTest0::test202 , RegressionTest0::test203 , RegressionTest0::test204 , RegressionTest0::test205 , RegressionTest0::test206 , RegressionTest0::test207 , RegressionTest0::test208 , RegressionTest0::test209 , RegressionTest0::test210 , RegressionTest0::test211 , RegressionTest0::test212 , RegressionTest0::test213 , RegressionTest0::test214 , RegressionTest0::test215 , RegressionTest0::test216 , RegressionTest0::test217 , RegressionTest0::test218 , RegressionTest0::test219 , RegressionTest0::test220 , RegressionTest0::test221 , RegressionTest0::test222 , RegressionTest0::test223 , RegressionTest0::test224 , RegressionTest0::test225 , RegressionTest0::test226 , RegressionTest0::test227 , RegressionTest0::test228 , RegressionTest0::test229 , RegressionTest0::test230 , RegressionTest0::test231 , RegressionTest0::test232 , RegressionTest0::test233 , RegressionTest0::test234 , RegressionTest0::test235 , RegressionTest0::test236 , RegressionTest0::test237 , RegressionTest0::test238 , RegressionTest0::test239 , RegressionTest0::test240 , RegressionTest0::test241 , RegressionTest0::test242 , RegressionTest0::test243 , RegressionTest0::test244 , RegressionTest0::test245 , RegressionTest0::test246 , RegressionTest0::test247 , RegressionTest0::test248 , RegressionTest0::test249 , RegressionTest0::test250 , RegressionTest0::test251 , RegressionTest0::test252 , RegressionTest0::test253 , RegressionTest0::test254 , RegressionTest0::test255 , RegressionTest0::test256 , RegressionTest0::test257 , RegressionTest0::test258 , RegressionTest0::test259 , RegressionTest0::test260 , RegressionTest0::test261 , RegressionTest0::test262 , RegressionTest0::test263 , RegressionTest0::test264 , RegressionTest0::test265 , RegressionTest0::test266 , RegressionTest0::test267 , RegressionTest0::test268 , RegressionTest0::test269 , RegressionTest0::test270 , RegressionTest0::test271 , RegressionTest0::test272 , RegressionTest0::test273 , RegressionTest0::test274 , RegressionTest0::test275 , RegressionTest0::test276 , RegressionTest0::test277 , RegressionTest0::test278 , RegressionTest0::test279 , RegressionTest0::test280 , RegressionTest0::test281 , RegressionTest0::test282 , RegressionTest0::test283 , RegressionTest0::test284 , RegressionTest0::test285 , RegressionTest0::test286 , RegressionTest0::test287 , RegressionTest0::test288 , RegressionTest0::test289 , RegressionTest0::test290 , RegressionTest0::test291
EventState_ESTest::test00 , 0 , 210 , 177 , 146 , 216 , 221 , 201 , 420 , 681 , 392 , 458 , 594 , 628 , 472 , 168 , 417 , 484 , 266 , 520 , 603
EventState_ESTest::test01 , 210 , 0 , 220 , 177 , 245 , 333 , 302 , 521 , 786 , 507 , 553 , 702 , 741 , 573 , 205 , 512 , 617 , 314 , 645 , 726
EventState_ESTest::test02 , 177 , 220 , 0 , 100 , 151 , 203 , 197 , 451 , 723 , 430 , 485 , 637 , 664 , 499 , 126 , 445 , 554 , 204 , 566 , 642
EventState_ESTest::test03 , 146 , 177 , 100 , 0 , 162 , 240 , 187 , 444 , 715 , 413 , 481 , 635 , 666 , 516 , 126 , 447 , 536 , 191 , 560 , 656
EventState_ESTest::test04 , 216 , 245 , 151 , 162 , 0 , 244 , 241 , 442 , 710 , 429 , 466 , 614 , 637 , 495 , 167 , 438 , 506 , 220 , 557 , 640
EventState_ESTest::test05 , 221 , 333 , 203 , 240 , 244 , 0 , 134 , 344 , 608 , 315 , 393 , 526 , 542 , 410 , 236 , 375 , 413 , 274 , 441 , 525
EventState_ESTest::test06 , 201 , 302 , 197 , 187 , 241 , 134 , 0 , 342 , 609 , 302 , 380 , 521 , 552 , 403 , 213 , 365 , 436 , 171 , 457 , 503
EventState_ESTest::test07 , 420 , 521 , 451 , 444 , 442 , 344 , 342 , 0 , 309 , 304 , 192 , 236 , 271 , 482 , 447 , 160 , 523 , 429 , 246 , 437
EventState_ESTest::test08 , 681 , 786 , 723 , 715 , 710 , 608 , 609 , 309 , 0 , 457 , 340 , 333 , 379 , 533 , 717 , 403 , 556 , 674 , 396 , 444
EventState_ESTest::test09 , 392 , 507 , 430 , 413 , 429 , 315 , 302 , 304 , 457 , 0 , 317 , 312 , 339 , 374 , 395 , 284 , 389 , 379 , 349 , 468
EventState_ESTest::test10 , 458 , 553 , 485 , 481 , 466 , 393 , 380 , 192 , 340 , 317 , 0 , 257 , 285 , 443 , 481 , 186 , 478 , 457 , 311 , 383
EventState_ESTest::test11 , 594 , 702 , 637 , 635 , 614 , 526 , 521 , 236 , 333 , 312 , 257 , 0 , 116 , 473 , 634 , 278 , 524 , 584 , 351 , 424
EventState_ESTest::test12 , 628 , 741 , 664 , 666 , 637 , 542 , 552 , 271 , 379 , 339 , 285 , 116 , 0 , 497 , 666 , 310 , 498 , 624 , 318 , 428
EventState_ESTest::test13 , 472 , 573 , 499 , 516 , 495 , 410 , 403 , 482 , 533 , 374 , 443 , 473 , 497 , 0 , 486 , 475 , 261 , 463 , 460 , 418
EventState_ESTest::test14 , 168 , 205 , 126 , 126 , 167 , 236 , 213 , 447 , 717 , 395 , 481 , 634 , 666 , 486 , 0 , 426 , 533 , 163 , 570 , 622
EventState_ESTest::test15 , 417 , 512 , 445 , 447 , 438 , 375 , 365 , 160 , 403 , 284 , 186 , 278 , 310 , 475 , 426 , 0 , 477 , 435 , 271 , 325
EventState_ESTest::test16 , 484 , 617 , 554 , 536 , 506 , 413 , 436 , 523 , 556 , 389 , 478 , 524 , 498 , 261 , 533 , 477 , 0 , 491 , 496 , 374
EventState_ESTest::test17 , 266 , 314 , 204 , 191 , 220 , 274 , 171 , 429 , 674 , 379 , 457 , 584 , 624 , 463 , 163 , 435 , 491 , 0 , 550 , 544
EventState_ESTest::test18 , 520 , 645 , 566 , 560 , 557 , 441 , 457 , 246 , 396 , 349 , 311 , 351 , 318 , 460 , 570 , 271 , 496 , 550 , 0 , 399
EventState_ESTest::test19 , 603 , 726 , 642 , 656 , 640 , 525 , 503 , 437 , 444 , 468 , 383 , 424 , 428 , 418 , 622 , 325 , 374 , 544 , 399 , 0
