: , RegressionTest0::test1 , RegressionTest0::test2 , RegressionTest0::test3 , RegressionTest0::test4 , RegressionTest0::test5 , RegressionTest0::test6 , RegressionTest0::test7 , RegressionTest0::test8 , RegressionTest0::test9
SimplexTableau_ESTest::test00 , 0 , 241 , 442 , 333 , 73 , 245 , 314 , 300 , 75 , 289 , 83 , 105 , 124 , 335 , 122 , 56 , 213 , 98 , 147 , 217 , 377 , 397 , 428 , 262 , 218 , 315 , 207
SimplexTableau_ESTest::test01 , 241 , 0 , 487 , 409 , 230 , 183 , 436 , 394 , 233 , 434 , 214 , 202 , 214 , 421 , 216 , 238 , 341 , 234 , 172 , 343 , 499 , 506 , 538 , 372 , 345 , 440 , 380
SimplexTableau_ESTest::test02 , 442 , 487 , 0 , 533 , 443 , 455 , 523 , 500 , 437 , 501 , 425 , 432 , 432 , 490 , 433 , 447 , 423 , 425 , 468 , 423 , 521 , 527 , 559 , 413 , 422 , 466 , 460
SimplexTableau_ESTest::test03 , 333 , 409 , 533 , 0 , 323 , 370 , 166 , 128 , 308 , 208 , 286 , 265 , 220 , 166 , 218 , 335 , 308 , 321 , 356 , 316 , 399 , 366 , 358 , 331 , 315 , 347 , 325
SimplexTableau_ESTest::test04 , 73 , 230 , 443 , 323 , 0 , 237 , 285 , 286 , 33 , 240 , 62 , 83 , 110 , 323 , 107 , 61 , 224 , 103 , 130 , 232 , 388 , 417 , 453 , 253 , 232 , 333 , 265
SimplexTableau_ESTest::test05 , 245 , 183 , 455 , 370 , 237 , 0 , 401 , 384 , 232 , 415 , 216 , 199 , 212 , 412 , 210 , 241 , 342 , 231 , 206 , 347 , 468 , 469 , 508 , 374 , 349 , 420 , 390
SimplexTableau_ESTest::test06 , 314 , 436 , 523 , 166 , 285 , 401 , 0 , 275 , 281 , 180 , 311 , 339 , 340 , 312 , 340 , 302 , 318 , 316 , 368 , 328 , 395 , 369 , 353 , 347 , 326 , 346 , 331
SimplexTableau_ESTest::test07 , 300 , 394 , 500 , 128 , 286 , 384 , 275 , 0 , 279 , 156 , 257 , 228 , 183 , 40 , 181 , 298 , 261 , 295 , 321 , 262 , 356 , 272 , 305 , 281 , 269 , 305 , 262
SimplexTableau_ESTest::test08 , 75 , 233 , 437 , 308 , 33 , 232 , 281 , 279 , 0 , 225 , 47 , 76 , 103 , 304 , 101 , 59 , 212 , 90 , 134 , 220 , 387 , 406 , 446 , 240 , 221 , 321 , 263
SimplexTableau_ESTest::test09 , 289 , 434 , 501 , 208 , 240 , 415 , 180 , 156 , 225 , 0 , 268 , 298 , 314 , 183 , 312 , 276 , 261 , 304 , 345 , 273 , 341 , 278 , 276 , 299 , 272 , 293 , 267
SimplexTableau_ESTest::test10 , 83 , 214 , 425 , 286 , 62 , 216 , 311 , 257 , 47 , 268 , 0 , 35 , 79 , 292 , 77 , 73 , 178 , 52 , 102 , 190 , 356 , 378 , 417 , 214 , 192 , 291 , 231
SimplexTableau_ESTest::test11 , 105 , 202 , 432 , 265 , 83 , 199 , 339 , 228 , 76 , 298 , 35 , 0 , 50 , 263 , 48 , 95 , 207 , 85 , 105 , 209 , 375 , 399 , 436 , 237 , 213 , 312 , 249
SimplexTableau_ESTest::test12 , 124 , 214 , 432 , 220 , 110 , 212 , 340 , 183 , 103 , 314 , 79 , 50 , 0 , 220 , 3 , 120 , 225 , 114 , 143 , 230 , 382 , 403 , 435 , 239 , 232 , 324 , 268
SimplexTableau_ESTest::test13 , 335 , 421 , 490 , 166 , 323 , 412 , 312 , 40 , 304 , 183 , 292 , 263 , 220 , 0 , 218 , 331 , 288 , 323 , 354 , 288 , 387 , 300 , 333 , 284 , 293 , 333 , 288
SimplexTableau_ESTest::test14 , 122 , 216 , 433 , 218 , 107 , 210 , 340 , 181 , 101 , 312 , 77 , 48 , 3 , 218 , 0 , 118 , 223 , 116 , 141 , 232 , 380 , 405 , 438 , 241 , 233 , 322 , 268
SimplexTableau_ESTest::test15 , 56 , 238 , 447 , 335 , 61 , 241 , 302 , 298 , 59 , 276 , 73 , 95 , 120 , 331 , 118 , 0 , 208 , 94 , 140 , 212 , 388 , 404 , 438 , 260 , 214 , 315 , 253
SimplexTableau_ESTest::test16 , 213 , 341 , 423 , 308 , 224 , 342 , 318 , 261 , 212 , 261 , 178 , 207 , 225 , 288 , 223 , 208 , 0 , 158 , 241 , 56 , 239 , 238 , 279 , 114 , 56 , 116 , 101
SimplexTableau_ESTest::test17 , 98 , 234 , 425 , 321 , 103 , 231 , 316 , 295 , 90 , 304 , 52 , 85 , 114 , 323 , 116 , 94 , 158 , 0 , 118 , 165 , 338 , 329 , 367 , 206 , 167 , 269 , 208
SimplexTableau_ESTest::test18 , 147 , 172 , 468 , 356 , 130 , 206 , 368 , 321 , 134 , 345 , 102 , 105 , 143 , 354 , 141 , 140 , 241 , 118 , 0 , 242 , 400 , 432 , 468 , 277 , 246 , 346 , 283
SimplexTableau_ESTest::test19 , 217 , 343 , 423 , 316 , 232 , 347 , 328 , 262 , 220 , 273 , 190 , 209 , 230 , 288 , 232 , 212 , 56 , 165 , 242 , 0 , 237 , 241 , 274 , 117 , 10 , 156 , 97
SimplexTableau_ESTest::test20 , 377 , 499 , 521 , 399 , 388 , 468 , 395 , 356 , 387 , 341 , 356 , 375 , 382 , 387 , 380 , 388 , 239 , 338 , 400 , 237 , 0 , 228 , 248 , 283 , 242 , 148 , 272
SimplexTableau_ESTest::test21 , 397 , 506 , 527 , 366 , 417 , 469 , 369 , 272 , 406 , 278 , 378 , 399 , 403 , 300 , 405 , 404 , 238 , 329 , 432 , 241 , 228 , 0 , 47 , 298 , 238 , 185 , 279
SimplexTableau_ESTest::test22 , 428 , 538 , 559 , 358 , 453 , 508 , 353 , 305 , 446 , 276 , 417 , 436 , 435 , 333 , 438 , 438 , 279 , 367 , 468 , 274 , 248 , 47 , 0 , 339 , 279 , 220 , 305
SimplexTableau_ESTest::test23 , 262 , 372 , 413 , 331 , 253 , 374 , 347 , 281 , 240 , 299 , 214 , 237 , 239 , 284 , 241 , 260 , 114 , 206 , 277 , 117 , 283 , 298 , 339 , 0 , 114 , 218 , 159
SimplexTableau_ESTest::test24 , 218 , 345 , 422 , 315 , 232 , 349 , 326 , 269 , 221 , 272 , 192 , 213 , 232 , 293 , 233 , 214 , 56 , 167 , 246 , 10 , 242 , 238 , 279 , 114 , 0 , 153 , 102
SimplexTableau_ESTest::test25 , 315 , 440 , 466 , 347 , 333 , 420 , 346 , 305 , 321 , 293 , 291 , 312 , 324 , 333 , 322 , 315 , 116 , 269 , 346 , 156 , 148 , 185 , 220 , 218 , 153 , 0 , 201
SimplexTableau_ESTest::test26 , 207 , 380 , 460 , 325 , 265 , 390 , 331 , 262 , 263 , 267 , 231 , 249 , 268 , 288 , 268 , 253 , 101 , 208 , 283 , 97 , 272 , 279 , 305 , 159 , 102 , 201 , 0
