: , RegressionTest0::test001 , RegressionTest0::test002 , RegressionTest0::test003 , RegressionTest0::test004 , RegressionTest0::test005 , RegressionTest0::test006 , RegressionTest0::test007 , RegressionTest0::test008 , RegressionTest0::test009 , RegressionTest0::test010 , RegressionTest0::test011 , RegressionTest0::test012 , RegressionTest0::test013 , RegressionTest0::test014 , RegressionTest0::test015 , RegressionTest0::test016 , RegressionTest0::test017 , RegressionTest0::test018 , RegressionTest0::test019 , RegressionTest0::test020 , RegressionTest0::test021 , RegressionTest0::test022 , RegressionTest0::test023 , RegressionTest0::test024 , RegressionTest0::test025 , RegressionTest0::test026 , RegressionTest0::test027 , RegressionTest0::test028 , RegressionTest0::test029 , RegressionTest0::test030 , RegressionTest0::test031 , RegressionTest0::test032 , RegressionTest0::test033 , RegressionTest0::test034 , RegressionTest0::test035 , RegressionTest0::test036 , RegressionTest0::test037 , RegressionTest0::test038 , RegressionTest0::test039 , RegressionTest0::test040 , RegressionTest0::test041 , RegressionTest0::test042 , RegressionTest0::test043 , RegressionTest0::test044 , RegressionTest0::test045 , RegressionTest0::test046 , RegressionTest0::test047 , RegressionTest0::test048 , RegressionTest0::test049 , RegressionTest0::test050 , RegressionTest0::test051 , RegressionTest0::test052 , RegressionTest0::test053 , RegressionTest0::test054 , RegressionTest0::test055 , RegressionTest0::test056 , RegressionTest0::test057 , RegressionTest0::test058 , RegressionTest0::test059 , RegressionTest0::test060 , RegressionTest0::test061 , RegressionTest0::test062 , RegressionTest0::test063 , RegressionTest0::test064 , RegressionTest0::test065 , RegressionTest0::test066 , RegressionTest0::test067 , RegressionTest0::test068 , RegressionTest0::test069 , RegressionTest0::test070 , RegressionTest0::test071 , RegressionTest0::test072 , RegressionTest0::test073 , RegressionTest0::test074 , RegressionTest0::test075 , RegressionTest0::test076 , RegressionTest0::test077 , RegressionTest0::test078 , RegressionTest0::test079 , RegressionTest0::test080 , RegressionTest0::test081 , RegressionTest0::test082 , RegressionTest0::test083 , RegressionTest0::test084 , RegressionTest0::test085 , RegressionTest0::test086 , RegressionTest0::test087 , RegressionTest0::test088 , RegressionTest0::test089 , RegressionTest0::test090 , RegressionTest0::test091 , RegressionTest0::test092 , RegressionTest0::test093 , RegressionTest0::test094 , RegressionTest0::test095 , RegressionTest0::test096 , RegressionTest0::test097 , RegressionTest0::test098 , RegressionTest0::test099 , RegressionTest0::test100 , RegressionTest0::test101 , RegressionTest0::test102 , RegressionTest0::test103 , RegressionTest0::test104 , RegressionTest0::test105 , RegressionTest0::test106 , RegressionTest0::test107 , RegressionTest0::test108 , RegressionTest0::test109 , RegressionTest0::test110 , RegressionTest0::test111 , RegressionTest0::test112 , RegressionTest0::test113 , RegressionTest0::test114 , RegressionTest0::test115 , RegressionTest0::test116 , RegressionTest0::test117 , RegressionTest0::test118 , RegressionTest0::test119 , RegressionTest0::test120 , RegressionTest0::test121 , RegressionTest0::test122 , RegressionTest0::test123 , RegressionTest0::test124 , RegressionTest0::test125 , RegressionTest0::test126 , RegressionTest0::test127 , RegressionTest0::test128 , RegressionTest0::test129
BaseOptimizer_ESTest::test0 , 0 , 6 , 27 , 367 , 9 , 331 , 655 , 426 , 427 , 337 , 158 , 143 , 343 , 401 , 314 , 959 , 697 , 795 , 524 , 479 , 346 , 330 , 502 , 243 , 630 , 345 , 329 , 190 , 377 , 353 , 895 , 1071 , 1027 , 379 , 1068 , 699
BaseOptimizer_ESTest::test1 , 6 , 0 , 31 , 365 , 4 , 332 , 655 , 427 , 429 , 335 , 158 , 143 , 344 , 402 , 316 , 959 , 698 , 796 , 525 , 479 , 346 , 329 , 503 , 243 , 632 , 346 , 330 , 191 , 378 , 354 , 897 , 1073 , 1027 , 380 , 1067 , 698
BaseOptimizer_ESTest::test2 , 27 , 31 , 0 , 362 , 29 , 326 , 648 , 421 , 421 , 332 , 159 , 146 , 336 , 402 , 318 , 950 , 690 , 787 , 522 , 473 , 339 , 323 , 500 , 253 , 619 , 346 , 338 , 201 , 372 , 345 , 885 , 1060 , 1018 , 369 , 1058 , 690
BaseOptimizer_ESTest::test3 , 367 , 365 , 362 , 0 , 365 , 214 , 427 , 302 , 307 , 241 , 333 , 347 , 250 , 378 , 334 , 730 , 466 , 607 , 206 , 305 , 253 , 251 , 446 , 333 , 415 , 376 , 379 , 327 , 259 , 253 , 717 , 857 , 834 , 182 , 757 , 530
BaseOptimizer_ESTest::test4 , 9 , 4 , 29 , 365 , 0 , 331 , 654 , 426 , 429 , 336 , 159 , 144 , 344 , 401 , 317 , 958 , 697 , 794 , 524 , 479 , 346 , 329 , 502 , 244 , 631 , 347 , 330 , 192 , 377 , 354 , 896 , 1072 , 1027 , 379 , 1067 , 697
BaseOptimizer_ESTest::test5 , 331 , 332 , 326 , 214 , 331 , 0 , 473 , 96 , 233 , 282 , 348 , 360 , 210 , 383 , 350 , 682 , 419 , 604 , 335 , 325 , 315 , 309 , 459 , 348 , 353 , 379 , 381 , 348 , 302 , 315 , 726 , 797 , 842 , 192 , 858 , 517
BaseOptimizer_ESTest::test6 , 655 , 655 , 648 , 427 , 654 , 473 , 0 , 394 , 483 , 468 , 614 , 627 , 505 , 557 , 550 , 562 , 437 , 410 , 405 , 389 , 533 , 542 , 522 , 584 , 457 , 606 , 591 , 593 , 524 , 544 , 575 , 705 , 645 , 402 , 724 , 406
BaseOptimizer_ESTest::test7 , 426 , 427 , 421 , 302 , 426 , 96 , 394 , 0 , 286 , 354 , 430 , 445 , 288 , 420 , 419 , 603 , 413 , 538 , 304 , 265 , 390 , 391 , 462 , 425 , 358 , 447 , 437 , 431 , 375 , 389 , 684 , 723 , 773 , 280 , 785 , 448
GaussNewtonOptimizer_ESTest::test0 , 427 , 429 , 421 , 307 , 429 , 233 , 483 , 286 , 0 , 239 , 404 , 420 , 177 , 414 , 402 , 631 , 408 , 594 , 393 , 352 , 313 , 307 , 462 , 392 , 318 , 351 , 394 , 415 , 311 , 312 , 667 , 740 , 788 , 270 , 879 , 509
GaussNewtonOptimizer_ESTest::test1 , 337 , 335 , 332 , 241 , 336 , 282 , 468 , 354 , 239 , 0 , 300 , 315 , 183 , 366 , 327 , 734 , 475 , 580 , 383 , 318 , 197 , 203 , 450 , 325 , 470 , 368 , 347 , 305 , 234 , 229 , 717 , 892 , 827 , 189 , 912 , 531
LevenbergMarquardtOptimizer_ESTest::test0 , 158 , 158 , 159 , 333 , 159 , 348 , 614 , 430 , 404 , 300 , 0 , 46 , 260 , 339 , 282 , 881 , 625 , 723 , 498 , 462 , 328 , 310 , 479 , 219 , 609 , 343 , 331 , 170 , 347 , 332 , 869 , 1038 , 996 , 370 , 1044 , 680
LevenbergMarquardtOptimizer_ESTest::test1 , 143 , 143 , 146 , 347 , 144 , 360 , 627 , 445 , 420 , 315 , 46 , 0 , 278 , 368 , 284 , 913 , 657 , 754 , 513 , 473 , 326 , 310 , 490 , 238 , 616 , 330 , 330 , 196 , 356 , 342 , 881 , 1051 , 1009 , 382 , 1045 , 691
LevenbergMarquardtOptimizer_ESTest::test2 , 343 , 344 , 336 , 250 , 344 , 210 , 505 , 288 , 177 , 183 , 260 , 278 , 0 , 362 , 322 , 682 , 421 , 618 , 396 , 352 , 230 , 216 , 456 , 326 , 409 , 376 , 369 , 308 , 256 , 240 , 754 , 837 , 879 , 264 , 930 , 565
NonLinearConjugateGradientOptimizer_ESTest::test0 , 401 , 402 , 402 , 378 , 401 , 383 , 557 , 420 , 414 , 366 , 339 , 368 , 362 , 0 , 270 , 653 , 427 , 508 , 452 , 434 , 385 , 381 , 432 , 357 , 561 , 390 , 381 , 367 , 393 , 369 , 780 , 929 , 891 , 395 , 955 , 613
NonLinearConjugateGradientOptimizer_ESTest::test1 , 314 , 316 , 318 , 334 , 317 , 350 , 550 , 419 , 402 , 327 , 282 , 284 , 322 , 270 , 0 , 755 , 515 , 607 , 474 , 434 , 354 , 337 , 434 , 307 , 577 , 358 , 342 , 301 , 367 , 351 , 777 , 952 , 906 , 369 , 963 , 615
NonLinearConjugateGradientOptimizer_ESTest::test2 , 959 , 959 , 950 , 730 , 958 , 682 , 562 , 603 , 631 , 734 , 881 , 913 , 682 , 653 , 755 , 0 , 266 , 280 , 643 , 628 , 801 , 803 , 757 , 866 , 592 , 864 , 834 , 877 , 777 , 787 , 697 , 667 , 749 , 687 , 836 , 578
NonLinearConjugateGradientOptimizer_ESTest::test3 , 697 , 698 , 690 , 466 , 697 , 419 , 437 , 413 , 408 , 475 , 625 , 657 , 421 , 427 , 515 , 266 , 0 , 213 , 460 , 439 , 541 , 543 , 563 , 610 , 361 , 641 , 613 , 621 , 527 , 535 , 658 , 708 , 756 , 422 , 839 , 500
NonLinearConjugateGradientOptimizer_ESTest::test4 , 795 , 796 , 787 , 607 , 794 , 604 , 410 , 538 , 594 , 580 , 723 , 754 , 618 , 508 , 607 , 280 , 213 , 0 , 560 , 365 , 662 , 657 , 617 , 707 , 556 , 733 , 701 , 720 , 652 , 642 , 640 , 711 , 691 , 532 , 821 , 364
PowellOptimizer_ESTest::test0 , 524 , 525 , 522 , 206 , 524 , 335 , 405 , 304 , 393 , 383 , 498 , 513 , 396 , 452 , 474 , 643 , 460 , 560 , 0 , 256 , 391 , 394 , 481 , 483 , 423 , 502 , 479 , 470 , 388 , 399 , 596 , 748 , 727 , 294 , 605 , 458
PowellOptimizer_ESTest::test1 , 479 , 479 , 473 , 305 , 479 , 325 , 389 , 265 , 352 , 318 , 462 , 473 , 352 , 434 , 434 , 628 , 439 , 365 , 256 , 0 , 338 , 343 , 446 , 446 , 401 , 465 , 451 , 442 , 357 , 371 , 627 , 717 , 704 , 231 , 770 , 274
PowellOptimizer_ESTest::test2 , 346 , 346 , 339 , 253 , 346 , 315 , 533 , 390 , 313 , 197 , 328 , 326 , 230 , 385 , 354 , 801 , 541 , 662 , 391 , 338 , 0 , 87 , 462 , 334 , 477 , 367 , 380 , 309 , 197 , 187 , 747 , 918 , 861 , 241 , 919 , 574
PowellOptimizer_ESTest::test3 , 330 , 329 , 323 , 251 , 329 , 309 , 542 , 391 , 307 , 203 , 310 , 310 , 216 , 381 , 337 , 803 , 543 , 657 , 394 , 343 , 87 , 0 , 455 , 322 , 481 , 363 , 364 , 294 , 197 , 149 , 754 , 915 , 876 , 249 , 929 , 572
CMAESOptimizer_ESTest::test00 , 502 , 503 , 500 , 446 , 502 , 459 , 522 , 462 , 462 , 450 , 479 , 490 , 456 , 432 , 434 , 757 , 563 , 617 , 481 , 446 , 462 , 455 , 0 , 381 , 477 , 409 , 401 , 430 , 443 , 403 , 627 , 800 , 749 , 442 , 876 , 536
CMAESOptimizer_ESTest::test01 , 243 , 243 , 253 , 333 , 244 , 348 , 584 , 425 , 392 , 325 , 219 , 238 , 326 , 357 , 307 , 866 , 610 , 707 , 483 , 446 , 334 , 322 , 381 , 0 , 522 , 235 , 227 , 131 , 320 , 335 , 778 , 950 , 909 , 367 , 990 , 637
CMAESOptimizer_ESTest::test02 , 630 , 632 , 619 , 415 , 631 , 353 , 457 , 358 , 318 , 470 , 609 , 616 , 409 , 561 , 577 , 592 , 361 , 556 , 423 , 401 , 477 , 481 , 477 , 522 , 0 , 322 , 521 , 569 , 437 , 481 , 443 , 449 , 579 , 347 , 769 , 456
CMAESOptimizer_ESTest::test03 , 345 , 346 , 346 , 376 , 347 , 379 , 606 , 447 , 351 , 368 , 343 , 330 , 376 , 390 , 358 , 864 , 641 , 733 , 502 , 465 , 367 , 363 , 409 , 235 , 322 , 0 , 232 , 273 , 386 , 374 , 637 , 762 , 802 , 381 , 952 , 633
CMAESOptimizer_ESTest::test04 , 329 , 330 , 338 , 379 , 330 , 381 , 591 , 437 , 394 , 347 , 331 , 330 , 369 , 381 , 342 , 834 , 613 , 701 , 479 , 451 , 380 , 364 , 401 , 227 , 521 , 232 , 0 , 295 , 373 , 377 , 778 , 940 , 899 , 395 , 970 , 627
CMAESOptimizer_ESTest::test05 , 190 , 191 , 201 , 327 , 192 , 348 , 593 , 431 , 415 , 305 , 170 , 196 , 308 , 367 , 301 , 877 , 621 , 720 , 470 , 442 , 309 , 294 , 430 , 131 , 569 , 273 , 295 , 0 , 342 , 317 , 818 , 984 , 951 , 357 , 1004 , 664
CMAESOptimizer_ESTest::test06 , 377 , 378 , 372 , 259 , 377 , 302 , 524 , 375 , 311 , 234 , 347 , 356 , 256 , 393 , 367 , 777 , 527 , 652 , 388 , 357 , 197 , 197 , 443 , 320 , 437 , 386 , 373 , 342 , 0 , 160 , 688 , 857 , 789 , 234 , 884 , 564
CMAESOptimizer_ESTest::test07 , 353 , 354 , 345 , 253 , 354 , 315 , 544 , 389 , 312 , 229 , 332 , 342 , 240 , 369 , 351 , 787 , 535 , 642 , 399 , 371 , 187 , 149 , 403 , 335 , 481 , 374 , 377 , 317 , 160 , 0 , 744 , 902 , 859 , 258 , 942 , 575
CMAESOptimizer_ESTest::test08 , 895 , 897 , 885 , 717 , 896 , 726 , 575 , 684 , 667 , 717 , 869 , 881 , 754 , 780 , 777 , 697 , 658 , 640 , 596 , 627 , 747 , 754 , 627 , 778 , 443 , 637 , 778 , 818 , 688 , 744 , 0 , 329 , 277 , 613 , 739 , 585
CMAESOptimizer_ESTest::test09 , 1071 , 1073 , 1060 , 857 , 1072 , 797 , 705 , 723 , 740 , 892 , 1038 , 1051 , 837 , 929 , 952 , 667 , 708 , 711 , 748 , 717 , 918 , 915 , 800 , 950 , 449 , 762 , 940 , 984 , 857 , 902 , 329 , 0 , 338 , 794 , 782 , 609
CMAESOptimizer_ESTest::test10 , 1027 , 1027 , 1018 , 834 , 1027 , 842 , 645 , 773 , 788 , 827 , 996 , 1009 , 879 , 891 , 906 , 749 , 756 , 691 , 727 , 704 , 861 , 876 , 749 , 909 , 579 , 802 , 899 , 951 , 789 , 859 , 277 , 338 , 0 , 733 , 728 , 592
SimplexOptimizer_ESTest::test0 , 379 , 380 , 369 , 182 , 379 , 192 , 402 , 280 , 270 , 189 , 370 , 382 , 264 , 395 , 369 , 687 , 422 , 532 , 294 , 231 , 241 , 249 , 442 , 367 , 347 , 381 , 395 , 357 , 234 , 258 , 613 , 794 , 733 , 0 , 784 , 423
SimplexOptimizer_ESTest::test1 , 1068 , 1067 , 1058 , 757 , 1067 , 858 , 724 , 785 , 879 , 912 , 1044 , 1045 , 930 , 955 , 963 , 836 , 839 , 821 , 605 , 770 , 919 , 929 , 876 , 990 , 769 , 952 , 970 , 1004 , 884 , 942 , 739 , 782 , 728 , 784 , 0 , 757
SimplexOptimizer_ESTest::test2 , 699 , 698 , 690 , 530 , 697 , 517 , 406 , 448 , 509 , 531 , 680 , 691 , 565 , 613 , 615 , 578 , 500 , 364 , 458 , 274 , 574 , 572 , 536 , 637 , 456 , 633 , 627 , 664 , 564 , 575 , 585 , 609 , 592 , 423 , 757 , 0
