: , RegressionTest0::test001 , RegressionTest0::test002 , RegressionTest0::test003 , RegressionTest0::test004 , RegressionTest0::test005 , RegressionTest0::test006 , RegressionTest0::test007 , RegressionTest0::test008 , RegressionTest0::test009 , RegressionTest0::test010 , RegressionTest0::test011 , RegressionTest0::test012 , RegressionTest0::test013 , RegressionTest0::test014 , RegressionTest0::test015 , RegressionTest0::test016 , RegressionTest0::test017 , RegressionTest0::test018 , RegressionTest0::test019 , RegressionTest0::test020 , RegressionTest0::test021 , RegressionTest0::test022 , RegressionTest0::test023 , RegressionTest0::test024 , RegressionTest0::test025 , RegressionTest0::test026 , RegressionTest0::test027 , RegressionTest0::test028 , RegressionTest0::test029 , RegressionTest0::test030 , RegressionTest0::test031 , RegressionTest0::test032 , RegressionTest0::test033 , RegressionTest0::test034 , RegressionTest0::test035 , RegressionTest0::test036 , RegressionTest0::test037 , RegressionTest0::test038 , RegressionTest0::test039 , RegressionTest0::test040 , RegressionTest0::test041 , RegressionTest0::test042 , RegressionTest0::test043 , RegressionTest0::test044 , RegressionTest0::test045 , RegressionTest0::test046 , RegressionTest0::test047 , RegressionTest0::test048 , RegressionTest0::test049 , RegressionTest0::test050 , RegressionTest0::test051 , RegressionTest0::test052 , RegressionTest0::test053 , RegressionTest0::test054 , RegressionTest0::test055 , RegressionTest0::test056 , RegressionTest0::test057 , RegressionTest0::test058 , RegressionTest0::test059 , RegressionTest0::test060 , RegressionTest0::test061 , RegressionTest0::test062 , RegressionTest0::test063 , RegressionTest0::test064 , RegressionTest0::test065 , RegressionTest0::test066 , RegressionTest0::test067 , RegressionTest0::test068 , RegressionTest0::test069 , RegressionTest0::test070 , RegressionTest0::test071 , RegressionTest0::test072 , RegressionTest0::test073 , RegressionTest0::test074 , RegressionTest0::test075 , RegressionTest0::test076 , RegressionTest0::test077 , RegressionTest0::test078 , RegressionTest0::test079 , RegressionTest0::test080 , RegressionTest0::test081 , RegressionTest0::test082 , RegressionTest0::test083 , RegressionTest0::test084 , RegressionTest0::test085 , RegressionTest0::test086 , RegressionTest0::test087 , RegressionTest0::test088 , RegressionTest0::test089 , RegressionTest0::test090 , RegressionTest0::test091 , RegressionTest0::test092 , RegressionTest0::test093 , RegressionTest0::test094 , RegressionTest0::test095 , RegressionTest0::test096 , RegressionTest0::test097 , RegressionTest0::test098 , RegressionTest0::test099 , RegressionTest0::test100 , RegressionTest0::test101 , RegressionTest0::test102 , RegressionTest0::test103 , RegressionTest0::test104 , RegressionTest0::test105 , RegressionTest0::test106 , RegressionTest0::test107 , RegressionTest0::test108 , RegressionTest0::test109 , RegressionTest0::test110 , RegressionTest0::test111 , RegressionTest0::test112 , RegressionTest0::test113 , RegressionTest0::test114 , RegressionTest0::test115 , RegressionTest0::test116 , RegressionTest0::test117 , RegressionTest0::test118 , RegressionTest0::test119 , RegressionTest0::test120 , RegressionTest0::test121 , RegressionTest0::test122 , RegressionTest0::test123 , RegressionTest0::test124 , RegressionTest0::test125 , RegressionTest0::test126 , RegressionTest0::test127 , RegressionTest0::test128 , RegressionTest0::test129 , RegressionTest0::test130 , RegressionTest0::test131 , RegressionTest0::test132 , RegressionTest0::test133 , RegressionTest0::test134 , RegressionTest0::test135 , RegressionTest0::test136 , RegressionTest0::test137 , RegressionTest0::test138 , RegressionTest0::test139 , RegressionTest0::test140 , RegressionTest0::test141 , RegressionTest0::test142 , RegressionTest0::test143 , RegressionTest0::test144 , RegressionTest0::test145 , RegressionTest0::test146 , RegressionTest0::test147 , RegressionTest0::test148
Line_ESTest::test00 , 0 , 115 , 152 , 29 , 131 , 118 , 202 , 86 , 134 , 73 , 210 , 142 , 128 , 112 , 102
Line_ESTest::test01 , 115 , 0 , 73 , 119 , 167 , 45 , 228 , 80 , 196 , 120 , 156 , 182 , 127 , 144 , 94
Line_ESTest::test02 , 152 , 73 , 0 , 157 , 207 , 63 , 250 , 111 , 225 , 151 , 142 , 215 , 157 , 179 , 111
Line_ESTest::test03 , 29 , 119 , 157 , 0 , 139 , 123 , 206 , 81 , 132 , 79 , 216 , 140 , 123 , 106 , 101
Line_ESTest::test04 , 131 , 167 , 207 , 139 , 0 , 176 , 181 , 165 , 52 , 172 , 273 , 62 , 181 , 68 , 169
Line_ESTest::test05 , 118 , 45 , 63 , 123 , 176 , 0 , 230 , 80 , 194 , 120 , 148 , 183 , 126 , 150 , 97
Line_ESTest::test06 , 202 , 228 , 250 , 206 , 181 , 230 , 0 , 212 , 186 , 212 , 293 , 187 , 224 , 193 , 226
Line_ESTest::test07 , 86 , 80 , 111 , 81 , 165 , 80 , 212 , 0 , 121 , 41 , 148 , 162 , 101 , 128 , 144
Line_ESTest::test08 , 134 , 196 , 225 , 132 , 52 , 194 , 186 , 121 , 0 , 141 , 259 , 49 , 169 , 79 , 192
Line_ESTest::test09 , 73 , 120 , 151 , 79 , 172 , 120 , 212 , 41 , 141 , 0 , 146 , 180 , 124 , 132 , 110
Line_ESTest::test10 , 210 , 156 , 142 , 216 , 273 , 148 , 293 , 148 , 259 , 146 , 0 , 295 , 215 , 244 , 195
Line_ESTest::test11 , 142 , 182 , 215 , 140 , 62 , 183 , 187 , 162 , 49 , 180 , 295 , 0 , 142 , 93 , 181
Line_ESTest::test12 , 128 , 127 , 157 , 123 , 181 , 126 , 224 , 101 , 169 , 124 , 215 , 142 , 0 , 144 , 169
Line_ESTest::test13 , 112 , 144 , 179 , 106 , 68 , 150 , 193 , 128 , 79 , 132 , 244 , 93 , 144 , 0 , 129
Line_ESTest::test14 , 102 , 94 , 111 , 101 , 169 , 97 , 226 , 144 , 192 , 110 , 195 , 181 , 169 , 129 , 0
