: , RegressionTest0::test001 , RegressionTest0::test002 , RegressionTest0::test003 , RegressionTest0::test004 , RegressionTest0::test005 , RegressionTest0::test006 , RegressionTest0::test007 , RegressionTest0::test008 , RegressionTest0::test009 , RegressionTest0::test010 , RegressionTest0::test011 , RegressionTest0::test012 , RegressionTest0::test013 , RegressionTest0::test014 , RegressionTest0::test015 , RegressionTest0::test016 , RegressionTest0::test017 , RegressionTest0::test018 , RegressionTest0::test019 , RegressionTest0::test020 , RegressionTest0::test021 , RegressionTest0::test022 , RegressionTest0::test023 , RegressionTest0::test024 , RegressionTest0::test025 , RegressionTest0::test026 , RegressionTest0::test027 , RegressionTest0::test028 , RegressionTest0::test029 , RegressionTest0::test030 , RegressionTest0::test031 , RegressionTest0::test032 , RegressionTest0::test033 , RegressionTest0::test034 , RegressionTest0::test035 , RegressionTest0::test036 , RegressionTest0::test037 , RegressionTest0::test038 , RegressionTest0::test039 , RegressionTest0::test040 , RegressionTest0::test041 , RegressionTest0::test042 , RegressionTest0::test043 , RegressionTest0::test044 , RegressionTest0::test045 , RegressionTest0::test046 , RegressionTest0::test047 , RegressionTest0::test048 , RegressionTest0::test049 , RegressionTest0::test050 , RegressionTest0::test051 , RegressionTest0::test052 , RegressionTest0::test053 , RegressionTest0::test054 , RegressionTest0::test055 , RegressionTest0::test056 , RegressionTest0::test057 , RegressionTest0::test058 , RegressionTest0::test059 , RegressionTest0::test060 , RegressionTest0::test061 , RegressionTest0::test062 , RegressionTest0::test063 , RegressionTest0::test064 , RegressionTest0::test065 , RegressionTest0::test066 , RegressionTest0::test067 , RegressionTest0::test068 , RegressionTest0::test069 , RegressionTest0::test070 , RegressionTest0::test071 , RegressionTest0::test072 , RegressionTest0::test073 , RegressionTest0::test074 , RegressionTest0::test075 , RegressionTest0::test076 , RegressionTest0::test077 , RegressionTest0::test078 , RegressionTest0::test079 , RegressionTest0::test080 , RegressionTest0::test081 , RegressionTest0::test082 , RegressionTest0::test083 , RegressionTest0::test084 , RegressionTest0::test085 , RegressionTest0::test086 , RegressionTest0::test087 , RegressionTest0::test088 , RegressionTest0::test089 , RegressionTest0::test090 , RegressionTest0::test091 , RegressionTest0::test092 , RegressionTest0::test093 , RegressionTest0::test094 , RegressionTest0::test095 , RegressionTest0::test096 , RegressionTest0::test097 , RegressionTest0::test098 , RegressionTest0::test099 , RegressionTest0::test100 , RegressionTest0::test101 , RegressionTest0::test102 , RegressionTest0::test103 , RegressionTest0::test104 , RegressionTest0::test105 , RegressionTest0::test106 , RegressionTest0::test107 , RegressionTest0::test108 , RegressionTest0::test109 , RegressionTest0::test110 , RegressionTest0::test111 , RegressionTest0::test112 , RegressionTest0::test113 , RegressionTest0::test114 , RegressionTest0::test115 , RegressionTest0::test116 , RegressionTest0::test117 , RegressionTest0::test118 , RegressionTest0::test119 , RegressionTest0::test120 , RegressionTest0::test121 , RegressionTest0::test122 , RegressionTest0::test123 , RegressionTest0::test124 , RegressionTest0::test125 , RegressionTest0::test126 , RegressionTest0::test127 , RegressionTest0::test128 , RegressionTest0::test129 , RegressionTest0::test130 , RegressionTest0::test131 , RegressionTest0::test132 , RegressionTest0::test133 , RegressionTest0::test134 , RegressionTest0::test135 , RegressionTest0::test136 , RegressionTest0::test137 , RegressionTest0::test138 , RegressionTest0::test139 , RegressionTest0::test140 , RegressionTest0::test141 , RegressionTest0::test142 , RegressionTest0::test143 , RegressionTest0::test144 , RegressionTest0::test145 , RegressionTest0::test146 , RegressionTest0::test147 , RegressionTest0::test148 , RegressionTest0::test149 , RegressionTest0::test150 , RegressionTest0::test151 , RegressionTest0::test152 , RegressionTest0::test153 , RegressionTest0::test154 , RegressionTest0::test155 , RegressionTest0::test156 , RegressionTest0::test157 , RegressionTest0::test158 , RegressionTest0::test159 , RegressionTest0::test160 , RegressionTest0::test161 , RegressionTest0::test162 , RegressionTest0::test163 , RegressionTest0::test164 , RegressionTest0::test165 , RegressionTest0::test166 , RegressionTest0::test167 , RegressionTest0::test168 , RegressionTest0::test169 , RegressionTest0::test170 , RegressionTest0::test171 , RegressionTest0::test172 , RegressionTest0::test173 , RegressionTest0::test174 , RegressionTest0::test175 , RegressionTest0::test176 , RegressionTest0::test177 , RegressionTest0::test178 , RegressionTest0::test179 , RegressionTest0::test180 , RegressionTest0::test181 , RegressionTest0::test182 , RegressionTest0::test183 , RegressionTest0::test184 , RegressionTest0::test185 , RegressionTest0::test186 , RegressionTest0::test187 , RegressionTest0::test188 , RegressionTest0::test189 , RegressionTest0::test190 , RegressionTest0::test191 , RegressionTest0::test192 , RegressionTest0::test193 , RegressionTest0::test194 , RegressionTest0::test195 , RegressionTest0::test196 , RegressionTest0::test197 , RegressionTest0::test198 , RegressionTest0::test199 , RegressionTest0::test200 , RegressionTest0::test201 , RegressionTest0::test202 , RegressionTest0::test203 , RegressionTest0::test204 , RegressionTest0::test205 , RegressionTest0::test206 , RegressionTest0::test207 , RegressionTest0::test208 , RegressionTest0::test209 , RegressionTest0::test210 , RegressionTest0::test211 , RegressionTest0::test212 , RegressionTest0::test213 , RegressionTest0::test214 , RegressionTest0::test215 , RegressionTest0::test216 , RegressionTest0::test217 , RegressionTest0::test218 , RegressionTest0::test219 , RegressionTest0::test220 , RegressionTest0::test221 , RegressionTest0::test222 , RegressionTest0::test223 , RegressionTest0::test224 , RegressionTest0::test225 , RegressionTest0::test226 , RegressionTest0::test227 , RegressionTest0::test228 , RegressionTest0::test229 , RegressionTest0::test230 , RegressionTest0::test231 , RegressionTest0::test232 , RegressionTest0::test233 , RegressionTest0::test234 , RegressionTest0::test235 , RegressionTest0::test236 , RegressionTest0::test237 , RegressionTest0::test238 , RegressionTest0::test239 , RegressionTest0::test240 , RegressionTest0::test241 , RegressionTest0::test242 , RegressionTest0::test243 , RegressionTest0::test244 , RegressionTest0::test245
MultidimensionalCounter_ESTest::test00 , 0 , 295 , 261 , 91 , 107 , 103 , 230 , 195 , 195 , 129 , 188 , 169 , 190 , 96 , 253
MultidimensionalCounter_ESTest::test01 , 295 , 0 , 111 , 347 , 352 , 385 , 267 , 275 , 233 , 326 , 232 , 245 , 214 , 351 , 184
MultidimensionalCounter_ESTest::test02 , 261 , 111 , 0 , 320 , 324 , 355 , 252 , 282 , 214 , 292 , 218 , 241 , 188 , 322 , 166
MultidimensionalCounter_ESTest::test03 , 91 , 347 , 320 , 0 , 63 , 60 , 268 , 186 , 187 , 131 , 183 , 173 , 183 , 28 , 314
MultidimensionalCounter_ESTest::test04 , 107 , 352 , 324 , 63 , 0 , 68 , 306 , 209 , 221 , 98 , 216 , 198 , 175 , 77 , 346
MultidimensionalCounter_ESTest::test05 , 103 , 385 , 355 , 60 , 68 , 0 , 312 , 209 , 209 , 124 , 202 , 192 , 204 , 74 , 344
MultidimensionalCounter_ESTest::test06 , 230 , 267 , 252 , 268 , 306 , 312 , 0 , 305 , 275 , 300 , 275 , 278 , 294 , 271 , 246
MultidimensionalCounter_ESTest::test07 , 195 , 275 , 282 , 186 , 209 , 209 , 305 , 0 , 122 , 212 , 120 , 96 , 140 , 190 , 247
MultidimensionalCounter_ESTest::test08 , 195 , 233 , 214 , 187 , 221 , 209 , 275 , 122 , 0 , 210 , 15 , 43 , 61 , 191 , 172
MultidimensionalCounter_ESTest::test09 , 129 , 326 , 292 , 131 , 98 , 124 , 300 , 212 , 210 , 0 , 205 , 202 , 168 , 134 , 305
MultidimensionalCounter_ESTest::test10 , 188 , 232 , 218 , 183 , 216 , 202 , 275 , 120 , 15 , 205 , 0 , 36 , 54 , 183 , 171
MultidimensionalCounter_ESTest::test11 , 169 , 245 , 241 , 173 , 198 , 192 , 278 , 96 , 43 , 202 , 36 , 0 , 81 , 176 , 174
MultidimensionalCounter_ESTest::test12 , 190 , 214 , 188 , 183 , 175 , 204 , 294 , 140 , 61 , 168 , 54 , 81 , 0 , 177 , 201
MultidimensionalCounter_ESTest::test13 , 96 , 351 , 322 , 28 , 77 , 74 , 271 , 190 , 191 , 134 , 183 , 176 , 177 , 0 , 316
MultidimensionalCounter_ESTest::test14 , 253 , 184 , 166 , 314 , 346 , 344 , 246 , 247 , 172 , 305 , 171 , 174 , 201 , 316 , 0
