: , RegressionTest0::test01 , RegressionTest0::test02 , RegressionTest0::test03 , RegressionTest0::test04 , RegressionTest0::test05 , RegressionTest0::test06 , RegressionTest0::test07 , RegressionTest0::test08 , RegressionTest0::test09 , RegressionTest0::test10 , RegressionTest0::test11 , RegressionTest0::test12 , RegressionTest0::test13 , RegressionTest0::test14 , RegressionTest0::test15 , RegressionTest0::test16 , RegressionTest0::test17 , RegressionTest0::test18 , RegressionTest0::test19 , RegressionTest0::test20 , RegressionTest0::test21 , RegressionTest0::test22 , RegressionTest0::test23 , RegressionTest0::test24 , RegressionTest0::test25 , RegressionTest0::test26 , RegressionTest0::test27 , RegressionTest0::test28 , RegressionTest0::test29 , RegressionTest0::test30 , RegressionTest0::test31
KMeansPlusPlusClusterer_ESTest::test0 , 0 , 276 , 285 , 414 , 404 , 652
KMeansPlusPlusClusterer_ESTest::test1 , 276 , 0 , 98 , 226 , 137 , 460
KMeansPlusPlusClusterer_ESTest::test2 , 285 , 98 , 0 , 317 , 204 , 495
KMeansPlusPlusClusterer_ESTest::test3 , 414 , 226 , 317 , 0 , 343 , 406
KMeansPlusPlusClusterer_ESTest::test4 , 404 , 137 , 204 , 343 , 0 , 454
KMeansPlusPlusClusterer_ESTest::test6 , 652 , 460 , 495 , 406 , 454 , 0
