: , RegressionTest0::test001 , RegressionTest0::test002 , RegressionTest0::test003 , RegressionTest0::test004 , RegressionTest0::test005 , RegressionTest0::test006 , RegressionTest0::test007 , RegressionTest0::test008 , RegressionTest0::test009 , RegressionTest0::test010 , RegressionTest0::test011 , RegressionTest0::test012 , RegressionTest0::test013 , RegressionTest0::test014 , RegressionTest0::test015 , RegressionTest0::test016 , RegressionTest0::test017 , RegressionTest0::test018 , RegressionTest0::test019 , RegressionTest0::test020 , RegressionTest0::test021 , RegressionTest0::test022 , RegressionTest0::test023 , RegressionTest0::test024 , RegressionTest0::test025 , RegressionTest0::test026 , RegressionTest0::test027 , RegressionTest0::test028 , RegressionTest0::test029 , RegressionTest0::test030 , RegressionTest0::test031 , RegressionTest0::test032 , RegressionTest0::test033 , RegressionTest0::test034 , RegressionTest0::test035 , RegressionTest0::test036 , RegressionTest0::test037 , RegressionTest0::test038 , RegressionTest0::test039 , RegressionTest0::test040 , RegressionTest0::test041 , RegressionTest0::test042 , RegressionTest0::test043 , RegressionTest0::test044 , RegressionTest0::test045 , RegressionTest0::test046 , RegressionTest0::test047 , RegressionTest0::test048 , RegressionTest0::test049 , RegressionTest0::test050 , RegressionTest0::test051 , RegressionTest0::test052 , RegressionTest0::test053 , RegressionTest0::test054 , RegressionTest0::test055 , RegressionTest0::test056 , RegressionTest0::test057 , RegressionTest0::test058 , RegressionTest0::test059 , RegressionTest0::test060 , RegressionTest0::test061 , RegressionTest0::test062 , RegressionTest0::test063 , RegressionTest0::test064 , RegressionTest0::test065 , RegressionTest0::test066 , RegressionTest0::test067 , RegressionTest0::test068 , RegressionTest0::test069 , RegressionTest0::test070 , RegressionTest0::test071 , RegressionTest0::test072 , RegressionTest0::test073 , RegressionTest0::test074 , RegressionTest0::test075 , RegressionTest0::test076 , RegressionTest0::test077 , RegressionTest0::test078 , RegressionTest0::test079 , RegressionTest0::test080 , RegressionTest0::test081 , RegressionTest0::test082 , RegressionTest0::test083 , RegressionTest0::test084 , RegressionTest0::test085 , RegressionTest0::test086 , RegressionTest0::test087 , RegressionTest0::test088 , RegressionTest0::test089 , RegressionTest0::test090 , RegressionTest0::test091 , RegressionTest0::test092 , RegressionTest0::test093 , RegressionTest0::test094 , RegressionTest0::test095 , RegressionTest0::test096 , RegressionTest0::test097 , RegressionTest0::test098 , RegressionTest0::test099 , RegressionTest0::test100 , RegressionTest0::test101 , RegressionTest0::test102 , RegressionTest0::test103 , RegressionTest0::test104 , RegressionTest0::test105
RegressionTest0::test001 , 0 , 220 , 138 , 297 , 5 , 40 , 206 , 116 , 2469 , 3616 , 10328 , 5063 , 1069 , 2757 , 2324 , 3005 , 1241 , 929 , 6471 , 5162 , 3215 , 280 , 10452 , 3404 , 5806 , 5769 , 10117 , 1316 , 6780 , 2894 , 2895 , 940 , 5940 , 5443 , 7027 , 2642 , 3783 , 10324 , 5215 , 7004 , 2454 , 1261 , 10205 , 4060 , 2978 , 2825 , 2619 , 10091 , 7233 , 5991 , 7989 , 2103 , 1273 , 10289 , 6541 , 2437 , 3874 , 12183 , 2126 , 7508 , 3888 , 1896 , 2886 , 10202 , 2689 , 3006 , 5759 , 2093 , 5711 , 6215 , 7153 , 2780 , 7753 , 2595 , 1059 , 9158 , 8990 , 2873 , 783 , 4261 , 227 , 2898 , 7458 , 1675 , 6542 , 10702 , 3116 , 2910 , 1783 , 4446 , 3710 , 3692 , 1021 , 3416 , 1700 , 10900 , 6042 , 3561 , 9834 , 7648 , 850 , 806 , 6384 , 8746 , 4880
RegressionTest0::test002 , 220 , 0 , 250 , 158 , 220 , 203 , 95 , 285 , 2555 , 3716 , 10453 , 5174 , 1154 , 2847 , 2427 , 3091 , 1377 , 1006 , 6587 , 5277 , 3314 , 191 , 10575 , 3500 , 5918 , 5883 , 10239 , 1415 , 6896 , 2987 , 2989 , 1027 , 6057 , 5553 , 7142 , 2731 , 3882 , 10449 , 5328 , 7120 , 2579 , 1317 , 10327 , 4163 , 3104 , 2914 , 2707 , 10215 , 7349 , 6101 , 8109 , 2177 , 1330 , 10412 , 6659 , 2522 , 3975 , 12322 , 2208 , 7626 , 3992 , 1975 , 3028 , 10324 , 2825 , 3100 , 5868 , 2172 , 5823 , 6334 , 7273 , 2866 , 7871 , 2680 , 1198 , 9283 , 9108 , 2962 , 801 , 4370 , 74 , 2986 , 7576 , 1782 , 6661 , 10826 , 3208 , 3000 , 1858 , 4559 , 3821 , 3796 , 1111 , 3516 , 1808 , 11025 , 6161 , 3674 , 9958 , 7768 , 875 , 852 , 6505 , 8874 , 4995
RegressionTest0::test003 , 138 , 250 , 0 , 332 , 139 , 134 , 243 , 179 , 2450 , 3591 , 10297 , 5035 , 1035 , 2739 , 2292 , 2986 , 1262 , 920 , 6443 , 5140 , 3193 , 307 , 10417 , 3368 , 5778 , 5743 , 10085 , 1280 , 6752 , 2878 , 2880 , 941 , 5914 , 5412 , 6997 , 2626 , 3757 , 10292 , 5191 , 6974 , 2423 , 1249 , 10172 , 4034 , 2947 , 2806 , 2601 , 10061 , 7202 , 5963 , 7962 , 2066 , 1262 , 10257 , 6515 , 2418 , 3847 , 12149 , 2102 , 7478 , 3863 , 1886 , 2862 , 10170 , 2665 , 2990 , 5722 , 2069 , 5684 , 6188 , 7122 , 2750 , 7721 , 2565 , 1039 , 9126 , 8959 , 2850 , 766 , 4229 , 204 , 2882 , 7417 , 1661 , 6516 , 10673 , 3097 , 2894 , 1770 , 4423 , 3690 , 3671 , 1014 , 3398 , 1685 , 10866 , 6014 , 3536 , 9804 , 7620 , 838 , 806 , 6347 , 8718 , 4853
RegressionTest0::test004 , 297 , 158 , 332 , 0 , 297 , 284 , 133 , 365 , 2672 , 3832 , 10571 , 5292 , 1230 , 2961 , 2529 , 3209 , 1498 , 1088 , 6705 , 5393 , 3429 , 313 , 10693 , 3614 , 6034 , 6000 , 10357 , 1496 , 7014 , 3102 , 3104 , 1105 , 6174 , 5671 , 7260 , 2848 , 4001 , 10567 , 5444 , 7238 , 2667 , 1434 , 10445 , 4279 , 3193 , 3030 , 2821 , 10333 , 7467 , 6216 , 8227 , 2295 , 1445 , 10529 , 6776 , 2636 , 4090 , 12410 , 2309 , 7743 , 4110 , 2094 , 3118 , 10441 , 2918 , 3216 , 5985 , 2273 , 5941 , 6453 , 7390 , 2984 , 7988 , 2793 , 1280 , 9401 , 9226 , 3078 , 920 , 4482 , 204 , 3108 , 7694 , 1872 , 6779 , 10945 , 3325 , 3120 , 1980 , 4678 , 3940 , 3915 , 1187 , 3635 , 1900 , 11143 , 6278 , 3784 , 10076 , 7886 , 991 , 970 , 6623 , 8990 , 5114
RegressionTest0::test005 , 5 , 220 , 139 , 297 , 0 , 43 , 206 , 116 , 2472 , 3620 , 10330 , 5065 , 1070 , 2758 , 2323 , 3005 , 1244 , 932 , 6471 , 5162 , 3217 , 280 , 10453 , 3404 , 5804 , 5771 , 10118 , 1317 , 6782 , 2896 , 2897 , 943 , 5941 , 5444 , 7025 , 2644 , 3784 , 10325 , 5216 , 7005 , 2458 , 1264 , 10206 , 4061 , 2978 , 2826 , 2622 , 10092 , 7233 , 5992 , 7991 , 2102 , 1276 , 10290 , 6541 , 2440 , 3876 , 12185 , 2127 , 7509 , 3891 , 1899 , 2888 , 10203 , 2689 , 3007 , 5760 , 2094 , 5712 , 6216 , 7154 , 2780 , 7754 , 2595 , 1059 , 9159 , 8991 , 2874 , 783 , 4263 , 229 , 2901 , 7459 , 1676 , 6543 , 10704 , 3118 , 2913 , 1784 , 4449 , 3714 , 3695 , 1024 , 3419 , 1699 , 10902 , 6044 , 3562 , 9835 , 7649 , 852 , 809 , 6385 , 8748 , 4882
RegressionTest0::test006 , 40 , 203 , 134 , 284 , 43 , 0 , 194 , 127 , 2470 , 3617 , 10339 , 5067 , 1069 , 2760 , 2330 , 3004 , 1240 , 915 , 6477 , 5168 , 3218 , 286 , 10459 , 3405 , 5809 , 5772 , 10126 , 1311 , 6787 , 2897 , 2899 , 933 , 5948 , 5447 , 7032 , 2645 , 3784 , 10334 , 5217 , 7010 , 2465 , 1258 , 10214 , 4061 , 2987 , 2827 , 2619 , 10100 , 7238 , 5995 , 7999 , 2101 , 1273 , 10298 , 6548 , 2435 , 3874 , 12192 , 2128 , 7515 , 3893 , 1893 , 2892 , 10211 , 2698 , 3010 , 5763 , 2096 , 5716 , 6222 , 7161 , 2775 , 7759 , 2590 , 1065 , 9167 , 8998 , 2873 , 776 , 4267 , 214 , 2900 , 7464 , 1690 , 6552 , 10712 , 3117 , 2913 , 1789 , 4453 , 3718 , 3695 , 1011 , 3420 , 1714 , 10908 , 6049 , 3565 , 9844 , 7656 , 851 , 802 , 6396 , 8757 , 4884
RegressionTest0::test007 , 206 , 95 , 243 , 133 , 206 , 194 , 0 , 274 , 2590 , 3749 , 10485 , 5207 , 1149 , 2880 , 2449 , 3130 , 1410 , 1002 , 6621 , 5311 , 3346 , 267 , 10608 , 3536 , 5951 , 5917 , 10270 , 1414 , 6928 , 3021 , 3023 , 1026 , 6091 , 5588 , 7177 , 2765 , 3917 , 10481 , 5360 , 7155 , 2586 , 1345 , 10359 , 4197 , 3111 , 2948 , 2740 , 10247 , 7384 , 6134 , 8143 , 2218 , 1361 , 10444 , 6693 , 2556 , 4006 , 12330 , 2226 , 7661 , 4025 , 2009 , 3037 , 10356 , 2838 , 3132 , 5899 , 2190 , 5856 , 6366 , 7306 , 2901 , 7904 , 2713 , 1201 , 9316 , 9142 , 2995 , 843 , 4401 , 113 , 3021 , 7611 , 1783 , 6694 , 10857 , 3243 , 3034 , 1889 , 4592 , 3853 , 3829 , 1108 , 3550 , 1808 , 11056 , 6191 , 3702 , 9988 , 7800 , 913 , 880 , 6536 , 8904 , 5027
RegressionTest0::test008 , 116 , 285 , 179 , 365 , 116 , 127 , 274 , 0 , 2430 , 3577 , 10266 , 5017 , 1043 , 2722 , 2281 , 2967 , 1226 , 910 , 6416 , 5125 , 3175 , 321 , 10398 , 3358 , 5760 , 5724 , 10055 , 1285 , 6730 , 2857 , 2859 , 934 , 5896 , 5388 , 6972 , 2602 , 3739 , 10261 , 5173 , 6949 , 2416 , 1234 , 10143 , 4019 , 2931 , 2789 , 2581 , 10035 , 7176 , 5940 , 7938 , 2055 , 1251 , 10227 , 6493 , 2401 , 3834 , 12131 , 2087 , 7452 , 3843 , 1871 , 2832 , 10140 , 2649 , 2969 , 5710 , 2050 , 5665 , 6162 , 7105 , 2739 , 7694 , 2555 , 1026 , 9101 , 8931 , 2832 , 757 , 4209 , 267 , 2858 , 7403 , 1616 , 6491 , 10632 , 3072 , 2863 , 1718 , 4402 , 3672 , 3650 , 1019 , 3375 , 1641 , 10832 , 5994 , 3513 , 9779 , 7579 , 830 , 799 , 6315 , 8695 , 4836
RegressionTest0::test009 , 2469 , 2555 , 2450 , 2672 , 2472 , 2470 , 2590 , 2430 , 0 , 1213 , 7918 , 2717 , 2037 , 465 , 1950 , 2122 , 1285 , 1838 , 4062 , 2795 , 850 , 2396 , 8112 , 2288 , 3395 , 3483 , 7705 , 1969 , 4409 , 566 , 588 , 1762 , 3573 , 3123 , 4616 , 393 , 1377 , 7914 , 2903 , 4594 , 2018 , 1321 , 7793 , 1651 , 2200 , 513 , 464 , 7760 , 4820 , 4558 , 5617 , 1556 , 1267 , 7878 , 4172 , 490 , 1469 , 10272 , 1747 , 5098 , 1553 , 1034 , 2196 , 7790 , 1901 , 680 , 4205 , 1749 , 3362 , 3888 , 4775 , 1891 , 5341 , 1809 , 2055 , 6789 , 6577 , 548 , 1951 , 2967 , 2514 , 1198 , 5850 , 1568 , 4287 , 8397 , 1179 , 1165 , 1526 , 2465 , 1740 , 1792 , 1749 , 1539 , 1553 , 8627 , 3993 , 2406 , 7545 , 5415 , 1899 , 1734 , 4234 , 6475 , 2865
RegressionTest0::test010 , 3616 , 3716 , 3591 , 3832 , 3620 , 3617 , 3749 , 3577 , 1213 , 0 , 6746 , 1679 , 3058 , 1338 , 2698 , 2443 , 2402 , 2959 , 2919 , 1667 , 1092 , 3554 , 6974 , 2412 , 2223 , 2373 , 6534 , 2944 , 3280 , 1303 , 1310 , 2905 , 2431 , 2411 , 3443 , 1387 , 251 , 6744 , 1804 , 3416 , 2732 , 2445 , 6622 , 500 , 2733 , 1285 , 1428 , 6633 , 3646 , 4074 , 4470 , 2289 , 2426 , 6707 , 3026 , 1555 , 302 , 9493 , 2603 , 3919 , 1592 , 1921 , 2751 , 6619 , 2507 , 1184 , 3754 , 2616 , 2243 , 3143 , 3882 , 2174 , 4167 , 2259 , 3081 , 5637 , 5405 , 1288 , 3074 , 2783 , 3670 , 1534 , 5255 , 2621 , 3474 , 7367 , 1470 , 1528 , 2537 , 1974 , 1603 , 1690 , 2878 , 1733 , 2593 , 7520 , 3380 , 2468 , 6456 , 4488 , 3002 , 2897 , 3534 , 5646 , 2394
RegressionTest0::test011 , 10328 , 10453 , 10297 , 10571 , 10330 , 10339 , 10485 , 10266 , 7918 , 6746 , 0 , 5665 , 9516 , 7650 , 8654 , 8193 , 9112 , 9570 , 4223 , 5399 , 7209 , 10286 , 3616 , 7863 , 4634 , 4917 , 225 , 9316 , 4216 , 7548 , 7529 , 9525 , 4690 , 5435 , 3643 , 7760 , 6578 , 178 , 5368 , 3596 , 8640 , 9153 , 270 , 6350 , 8327 , 7587 , 7788 , 3937 , 3454 , 6831 , 3244 , 8607 , 9141 , 345 , 4355 , 7969 , 6490 , 7675 , 8674 , 3324 , 6672 , 8552 , 8379 , 227 , 8381 , 7426 , 6743 , 8710 , 4951 , 4773 , 5298 , 8272 , 3261 , 8399 , 9511 , 3343 , 1692 , 7563 , 9714 , 7609 , 10404 , 7541 , 6542 , 8966 , 4572 , 4099 , 7339 , 7548 , 8853 , 6416 , 6911 , 6915 , 9469 , 7275 , 8938 , 4486 , 5621 , 7575 , 4179 , 4411 , 9644 , 9625 , 5529 , 4799 , 6180
RegressionTest0::test012 , 5063 , 5174 , 5035 , 5292 , 5065 , 5067 , 5207 , 5017 , 2717 , 1679 , 5665 , 0 , 4403 , 2398 , 3829 , 3279 , 3870 , 4366 , 2770 , 1624 , 2009 , 5009 , 5824 , 3162 , 2035 , 1876 , 5454 , 4239 , 2406 , 2274 , 2260 , 4299 , 2107 , 2078 , 2759 , 2525 , 1654 , 5663 , 1837 , 2736 , 3861 , 3900 , 5542 , 1672 , 3721 , 2337 , 2571 , 5273 , 2937 , 3840 , 3448 , 3492 , 3883 , 5627 , 2552 , 2715 , 1579 , 8651 , 3802 , 3199 , 1191 , 3319 , 3744 , 5532 , 3549 , 2175 , 3503 , 3822 , 1997 , 2487 , 3719 , 3273 , 3341 , 3343 , 4407 , 4636 , 4390 , 2308 , 4490 , 3322 , 5127 , 2692 , 4664 , 3944 , 3059 , 6366 , 2478 , 2714 , 3851 , 2255 , 2269 , 2202 , 4255 , 2479 , 3906 , 6567 , 3130 , 3046 , 5213 , 3879 , 4420 , 4359 , 3073 , 5110 , 2398
RegressionTest0::test013 , 1069 , 1154 , 1035 , 1230 , 1070 , 1069 , 1149 , 1043 , 2037 , 3058 , 9516 , 4403 , 0 , 2274 , 1338 , 2484 , 1132 , 807 , 5754 , 4516 , 2639 , 1049 , 9649 , 2784 , 5137 , 5106 , 9314 , 307 , 6064 , 2392 , 2395 , 838 , 5240 , 4747 , 6311 , 2163 , 3182 , 9516 , 4573 , 6284 , 1460 , 1014 , 9404 , 3448 , 1985 , 2312 , 2149 , 9268 , 6500 , 5229 , 7236 , 1599 , 1052 , 9485 , 5824 , 2008 , 3295 , 11240 , 1472 , 6771 , 3273 , 1566 , 1911 , 9403 , 1705 , 2456 , 5013 , 1440 , 5043 , 5513 , 6385 , 2218 , 7013 , 2048 , 345 , 8386 , 8231 , 2353 , 900 , 3277 , 1108 , 2402 , 6699 , 1286 , 5838 , 9920 , 2596 , 2401 , 1404 , 3825 , 3147 , 3096 , 850 , 2897 , 1316 , 10111 , 5314 , 2897 , 9037 , 6930 , 867 , 894 , 5678 , 8009 , 4181
RegressionTest0::test014 , 2757 , 2847 , 2739 , 2961 , 2758 , 2760 , 2880 , 2722 , 465 , 1338 , 7650 , 2398 , 2274 , 0 , 2103 , 2195 , 1573 , 2105 , 3836 , 2438 , 479 , 2685 , 7866 , 2314 , 3269 , 3171 , 7444 , 2164 , 4076 , 259 , 249 , 2028 , 3221 , 2865 , 4410 , 185 , 1470 , 7654 , 2575 , 4389 , 2176 , 1579 , 7534 , 1703 , 2236 , 84 , 292 , 7453 , 4603 , 4455 , 5272 , 1703 , 1539 , 7617 , 3823 , 330 , 1527 , 10011 , 1900 , 4881 , 1223 , 1182 , 2263 , 7526 , 1984 , 259 , 4074 , 1914 , 3107 , 3599 , 4438 , 2023 , 5099 , 1894 , 2292 , 6446 , 6349 , 171 , 2237 , 2908 , 2804 , 1053 , 5706 , 1791 , 3984 , 8091 , 1035 , 1016 , 1710 , 2312 , 1609 , 1570 , 1993 , 1448 , 1732 , 8348 , 3856 , 2325 , 7275 , 5168 , 2180 , 2029 , 4038 , 6249 , 2769
RegressionTest0::test015 , 2324 , 2427 , 2292 , 2529 , 2323 , 2330 , 2449 , 2281 , 1950 , 2698 , 8654 , 3829 , 1338 , 2103 , 0 , 2232 , 1691 , 1775 , 5057 , 3968 , 2354 , 2292 , 8792 , 2429 , 4526 , 4498 , 8469 , 1153 , 5367 , 2169 , 2167 , 1828 , 4608 , 4123 , 5603 , 1992 , 2801 , 8654 , 4015 , 5576 , 525 , 1683 , 8557 , 3050 , 846 , 2147 , 2012 , 8395 , 5780 , 4561 , 6449 , 1768 , 1728 , 8641 , 5107 , 1904 , 2897 , 10141 , 1525 , 6016 , 2857 , 1759 , 905 , 8541 , 1406 , 2268 , 4330 , 1525 , 4437 , 4837 , 5644 , 2068 , 6261 , 1968 , 1404 , 7582 , 7432 , 2172 , 1900 , 2150 , 2373 , 2204 , 5983 , 1584 , 5174 , 9059 , 2323 , 2194 , 1567 , 3360 , 2757 , 2765 , 1744 , 2590 , 1608 , 9242 , 4701 , 2545 , 8200 , 6165 , 1828 , 1903 , 4947 , 7287 , 3640
RegressionTest0::test016 , 3005 , 3091 , 2986 , 3209 , 3005 , 3004 , 3130 , 2967 , 2122 , 2443 , 8193 , 3279 , 2484 , 2195 , 2232 , 0 , 2313 , 2403 , 4475 , 3435 , 2343 , 2957 , 8115 , 1644 , 4047 , 4021 , 7985 , 2399 , 4821 , 2179 , 2175 , 2340 , 4111 , 3667 , 5065 , 2193 , 2597 , 8173 , 3517 , 5045 , 2320 , 2334 , 8062 , 2702 , 2468 , 2206 , 2193 , 7757 , 5259 , 3622 , 5940 , 1664 , 2343 , 8155 , 4576 , 2136 , 2577 , 10215 , 2258 , 5507 , 2433 , 2112 , 2457 , 8033 , 1974 , 2272 , 3435 , 2256 , 3940 , 4275 , 4954 , 1452 , 5714 , 1486 , 2485 , 6958 , 6900 , 2228 , 2431 , 2772 , 3048 , 2154 , 4838 , 2363 , 4619 , 8565 , 2268 , 2166 , 2288 , 2850 , 2495 , 2569 , 2262 , 2361 , 2358 , 8719 , 3994 , 1991 , 7628 , 5690 , 2341 , 2533 , 4656 , 6494 , 3123
RegressionTest0::test017 , 1241 , 1377 , 1262 , 1498 , 1244 , 1240 , 1410 , 1226 , 1285 , 2402 , 9112 , 3870 , 1132 , 1573 , 1691 , 2313 , 0 , 877 , 5258 , 3962 , 2023 , 1236 , 9250 , 2619 , 4591 , 4572 , 8898 , 1187 , 5578 , 1719 , 1727 , 835 , 4728 , 4268 , 5810 , 1462 , 2573 , 9109 , 4007 , 5788 , 1862 , 359 , 8987 , 2852 , 2312 , 1638 , 1448 , 8898 , 6016 , 5120 , 6776 , 1505 , 443 , 9073 , 5336 , 1266 , 2663 , 11167 , 1521 , 6292 , 2706 , 905 , 2172 , 8985 , 2027 , 1819 , 4839 , 1499 , 4509 , 5027 , 5948 , 2041 , 6539 , 1889 , 1161 , 7947 , 7772 , 1677 , 900 , 3467 , 1340 , 1769 , 6526 , 1072 , 5367 , 9506 , 1972 , 1785 , 1094 , 3312 , 2588 , 2565 , 840 , 2294 , 1079 , 9713 , 4900 , 2804 , 8643 , 6471 , 943 , 574 , 5228 , 7572 , 3746
RegressionTest0::test018 , 929 , 1006 , 920 , 1088 , 932 , 915 , 1002 , 910 , 1838 , 2959 , 9570 , 4366 , 807 , 2105 , 1775 , 2403 , 877 , 0 , 5734 , 4493 , 2528 , 890 , 9692 , 2776 , 5141 , 5087 , 9367 , 980 , 6058 , 2239 , 2244 , 421 , 5268 , 4793 , 6349 , 1947 , 3073 , 9566 , 4545 , 6320 , 1911 , 604 , 9456 , 3388 , 2363 , 2166 , 1980 , 9314 , 6544 , 5287 , 7288 , 1537 , 721 , 9540 , 5861 , 1816 , 3216 , 11402 , 1440 , 6815 , 3199 , 1332 , 2317 , 9453 , 2120 , 2341 , 4980 , 1402 , 5020 , 5488 , 6459 , 2030 , 7025 , 1848 , 874 , 8428 , 8293 , 2205 , 629 , 3584 , 969 , 2212 , 6764 , 1025 , 5834 , 9971 , 2456 , 2225 , 1223 , 3785 , 3038 , 3027 , 507 , 2753 , 1109 , 10171 , 5362 , 2806 , 9107 , 6945 , 560 , 593 , 5657 , 8041 , 4208
RegressionTest0::test019 , 6471 , 6587 , 6443 , 6705 , 6471 , 6477 , 6621 , 6416 , 4062 , 2919 , 4223 , 2770 , 5754 , 3836 , 5057 , 4475 , 5258 , 5734 , 0 , 1812 , 3532 , 6424 , 4758 , 4310 , 1697 , 1890 , 4046 , 5571 , 1834 , 3696 , 3672 , 5676 , 1304 , 2550 , 1326 , 3951 , 2781 , 4242 , 1747 , 1355 , 5080 , 5297 , 4110 , 2581 , 4896 , 3786 , 3951 , 4668 , 1501 , 4135 , 2430 , 4815 , 5280 , 4219 , 1550 , 4118 , 2680 , 8101 , 5045 , 1632 , 2758 , 4729 , 4947 , 4050 , 4760 , 3663 , 3864 , 5072 , 2277 , 1227 , 3089 , 4502 , 2019 , 4639 , 5752 , 3281 , 3085 , 3748 , 5867 , 4340 , 6541 , 3794 , 4702 , 5234 , 2613 , 5333 , 3590 , 3820 , 5104 , 3107 , 3333 , 3436 , 5629 , 3632 , 5191 , 5718 , 3283 , 4202 , 4695 , 3071 , 5797 , 5765 , 3535 , 4431 , 3115
RegressionTest0::test020 , 5162 , 5277 , 5140 , 5393 , 5162 , 5168 , 5311 , 5125 , 2795 , 1667 , 5399 , 1624 , 4516 , 2438 , 3968 , 3435 , 3962 , 4493 , 1812 , 0 , 2071 , 5113 , 5688 , 3316 , 1560 , 1491 , 5185 , 4343 , 1911 , 2451 , 2462 , 4435 , 844 , 2027 , 2334 , 2572 , 1632 , 5396 , 964 , 2310 , 4003 , 3990 , 5275 , 1491 , 3863 , 2372 , 2615 , 5122 , 2541 , 3986 , 2896 , 3646 , 3969 , 5360 , 1439 , 2763 , 1425 , 8609 , 3934 , 2816 , 2030 , 3425 , 3908 , 5271 , 3671 , 2200 , 3668 , 3952 , 1992 , 2496 , 3054 , 3399 , 3054 , 3490 , 4521 , 4068 , 4260 , 2361 , 4597 , 3428 , 5230 , 2655 , 4830 , 4050 , 2716 , 6211 , 2382 , 2686 , 3937 , 2375 , 2377 , 2404 , 4396 , 2511 , 4017 , 6311 , 3058 , 3294 , 5401 , 3441 , 4532 , 4458 , 2900 , 4955 , 2428
RegressionTest0::test021 , 3215 , 3314 , 3193 , 3429 , 3217 , 3218 , 3346 , 3175 , 850 , 1092 , 7209 , 2009 , 2639 , 479 , 2354 , 2343 , 2023 , 2528 , 3532 , 2071 , 0 , 3148 , 7483 , 2395 , 3006 , 2845 , 7031 , 2533 , 3656 , 513 , 527 , 2453 , 2808 , 2570 , 4074 , 589 , 1149 , 7243 , 2253 , 4028 , 2425 , 2016 , 7121 , 1367 , 2415 , 413 , 629 , 7004 , 4243 , 4279 , 4836 , 1939 , 2004 , 7206 , 3391 , 799 , 1260 , 9667 , 2107 , 4510 , 961 , 1498 , 2442 , 7118 , 2208 , 292 , 3922 , 2122 , 2731 , 3232 , 3977 , 2059 , 4793 , 2032 , 2660 , 5987 , 5980 , 416 , 2678 , 2788 , 3265 , 1265 , 5495 , 2150 , 3700 , 7767 , 1224 , 1305 , 2108 , 2058 , 1562 , 1400 , 2428 , 1414 , 2126 , 7972 , 3554 , 2290 , 6874 , 4825 , 2603 , 2489 , 3726 , 5920 , 2501
RegressionTest0::test022 , 280 , 191 , 307 , 313 , 280 , 286 , 267 , 321 , 2396 , 3554 , 10286 , 5009 , 1049 , 2685 , 2292 , 2957 , 1236 , 890 , 6424 , 5113 , 3148 , 0 , 10408 , 3352 , 5753 , 5718 , 10071 , 1301 , 6729 , 2823 , 2827 , 892 , 5896 , 5391 , 6976 , 2567 , 3723 , 10282 , 5166 , 6954 , 2442 , 1171 , 10160 , 4001 , 2971 , 2751 , 2544 , 10050 , 7183 , 5960 , 7945 , 2040 , 1184 , 10245 , 6496 , 2360 , 3813 , 12163 , 2079 , 7460 , 3830 , 1828 , 2897 , 10157 , 2693 , 2938 , 5719 , 2047 , 5659 , 6171 , 7111 , 2729 , 7705 , 2542 , 1101 , 9119 , 8942 , 2798 , 696 , 4226 , 194 , 2826 , 7420 , 1665 , 6493 , 10663 , 3047 , 2839 , 1728 , 4396 , 3659 , 3635 , 989 , 3355 , 1689 , 10858 , 5995 , 3536 , 9792 , 7605 , 767 , 721 , 6339 , 8709 , 4835
RegressionTest0::test023 , 10452 , 10575 , 10417 , 10693 , 10453 , 10459 , 10608 , 10398 , 8112 , 6974 , 3616 , 5824 , 9649 , 7866 , 8792 , 8115 , 9250 , 9692 , 4758 , 5688 , 7483 , 10408 , 0 , 7838 , 4995 , 5242 , 3517 , 9444 , 4891 , 7729 , 7723 , 9636 , 5088 , 5797 , 3838 , 7977 , 6849 , 3596 , 5624 , 3762 , 8757 , 9302 , 3590 , 6603 , 8468 , 7804 , 7967 , 3756 , 3733 , 6632 , 4545 , 8642 , 9287 , 3638 , 4835 , 8140 , 6728 , 7805 , 8868 , 3763 , 6777 , 8691 , 8505 , 3564 , 8457 , 7652 , 6420 , 8893 , 5280 , 5260 , 5727 , 8226 , 4310 , 8383 , 9636 , 4496 , 4090 , 7779 , 9809 , 7686 , 10526 , 7764 , 6093 , 9174 , 5344 , 5007 , 7540 , 7777 , 9067 , 6742 , 7171 , 7217 , 9580 , 7494 , 9148 , 4790 , 6180 , 7698 , 4472 , 5313 , 9754 , 9755 , 5756 , 5345 , 6538
RegressionTest0::test024 , 3404 , 3500 , 3368 , 3614 , 3404 , 3405 , 3536 , 3358 , 2288 , 2412 , 7863 , 3162 , 2784 , 2314 , 2429 , 1644 , 2619 , 2776 , 4310 , 3316 , 2395 , 3352 , 7838 , 0 , 3885 , 3727 , 7669 , 2676 , 4594 , 2321 , 2328 , 2688 , 3922 , 3335 , 4811 , 2300 , 2526 , 7866 , 3295 , 4784 , 2504 , 2654 , 7753 , 2612 , 2568 , 2313 , 2283 , 7468 , 4993 , 2961 , 5712 , 1949 , 2647 , 7840 , 4355 , 2332 , 2486 , 9914 , 2508 , 5212 , 2438 , 2487 , 2571 , 7721 , 2059 , 2327 , 3001 , 2506 , 3691 , 4054 , 4649 , 1623 , 5450 , 1669 , 2784 , 6716 , 6587 , 2335 , 2835 , 2730 , 3453 , 2322 , 4892 , 2688 , 4370 , 8247 , 2329 , 2334 , 2627 , 2737 , 2406 , 2547 , 2571 , 2415 , 2678 , 8417 , 3745 , 1416 , 7296 , 5465 , 2745 , 2905 , 4489 , 6316 , 2856
RegressionTest0::test025 , 5806 , 5918 , 5778 , 6034 , 5804 , 5809 , 5951 , 5760 , 3395 , 2223 , 4634 , 2035 , 5137 , 3269 , 4526 , 4047 , 4591 , 5141 , 1697 , 1560 , 3006 , 5753 , 4995 , 3885 , 0 , 1792 , 4417 , 4959 , 1824 , 3176 , 3144 , 5070 , 1402 , 2153 , 1461 , 3381 , 2107 , 4630 , 1364 , 1409 , 4551 , 4638 , 4509 , 1902 , 4398 , 3229 , 3374 , 5300 , 1608 , 4180 , 2664 , 4262 , 4629 , 4594 , 1790 , 3507 , 1964 , 8366 , 4495 , 1867 , 2552 , 4066 , 4441 , 4506 , 4242 , 3068 , 3899 , 4508 , 1787 , 2382 , 3287 , 3963 , 2134 , 4119 , 5125 , 3806 , 3365 , 3241 , 5234 , 3902 , 5870 , 3194 , 4804 , 4658 , 2454 , 5622 , 3020 , 3225 , 4536 , 2540 , 2739 , 2739 , 5026 , 2990 , 4614 , 5718 , 3326 , 3843 , 4911 , 3111 , 5161 , 5097 , 3037 , 4564 , 2746
RegressionTest0::test026 , 5769 , 5883 , 5743 , 6000 , 5771 , 5772 , 5917 , 5724 , 3483 , 2373 , 4917 , 1876 , 5106 , 3171 , 4498 , 4021 , 4572 , 5087 , 1890 , 1491 , 2845 , 5718 , 5242 , 3727 , 1792 , 0 , 4714 , 4934 , 2179 , 3062 , 3033 , 5030 , 1363 , 2063 , 1898 , 3311 , 2390 , 4906 , 709 , 1877 , 4529 , 4604 , 4794 , 2361 , 4369 , 3109 , 3291 , 4918 , 2086 , 4087 , 2986 , 4191 , 4598 , 4881 , 1847 , 3460 , 2282 , 8338 , 4437 , 2328 , 2426 , 4053 , 4427 , 4759 , 4196 , 2955 , 3876 , 4451 , 1358 , 1666 , 3653 , 3899 , 2777 , 4041 , 5110 , 3987 , 3819 , 3119 , 5197 , 3837 , 5835 , 3247 , 4903 , 4605 , 2380 , 5650 , 3031 , 3291 , 4481 , 2504 , 2765 , 2813 , 4989 , 3059 , 4557 , 5804 , 3047 , 3753 , 4883 , 3214 , 5129 , 5057 , 2975 , 4594 , 2503
RegressionTest0::test027 , 10117 , 10239 , 10085 , 10357 , 10118 , 10126 , 10270 , 10055 , 7705 , 6534 , 225 , 5454 , 9314 , 7444 , 8469 , 7985 , 8898 , 9367 , 4046 , 5185 , 7031 , 10071 , 3517 , 7669 , 4417 , 4714 , 0 , 9106 , 4003 , 7339 , 7318 , 9312 , 4470 , 5241 , 3432 , 7567 , 6372 , 286 , 5161 , 3412 , 8443 , 8945 , 175 , 6137 , 8142 , 7386 , 7573 , 3852 , 3257 , 6632 , 3081 , 8399 , 8926 , 254 , 4142 , 7755 , 6274 , 7623 , 8484 , 3151 , 6454 , 8342 , 8195 , 132 , 8177 , 7209 , 6545 , 8515 , 4732 , 4576 , 5109 , 8067 , 3052 , 8190 , 9307 , 3235 , 1514 , 7357 , 9501 , 7425 , 10191 , 7350 , 6383 , 8763 , 4354 , 3970 , 7141 , 7350 , 8667 , 6203 , 6698 , 6719 , 9264 , 7077 , 8733 , 4348 , 5469 , 7416 , 4116 , 4300 , 9434 , 9412 , 5387 , 4696 , 5969
RegressionTest0::test028 , 1316 , 1415 , 1280 , 1496 , 1317 , 1311 , 1414 , 1285 , 1969 , 2944 , 9316 , 4239 , 307 , 2164 , 1153 , 2399 , 1187 , 980 , 5571 , 4343 , 2533 , 1301 , 9444 , 2676 , 4959 , 4934 , 9106 , 0 , 5870 , 2291 , 2298 , 1002 , 5058 , 4579 , 6125 , 2084 , 3068 , 9309 , 4408 , 6091 , 1243 , 1069 , 9196 , 3324 , 1769 , 2213 , 2071 , 9057 , 6306 , 5073 , 7038 , 1549 , 1107 , 9280 , 5634 , 1943 , 3168 , 10987 , 1400 , 6575 , 3145 , 1501 , 1681 , 9193 , 1587 , 2350 , 4845 , 1375 , 4873 , 5336 , 6195 , 2137 , 6830 , 1983 , 506 , 8190 , 8034 , 2258 , 1070 , 3039 , 1370 , 2314 , 6520 , 1254 , 5662 , 9714 , 2498 , 2310 , 1363 , 3674 , 3028 , 2969 , 966 , 2780 , 1249 , 9898 , 5149 , 2770 , 8843 , 6743 , 1030 , 1040 , 5490 , 7836 , 4023
RegressionTest0::test029 , 6780 , 6896 , 6752 , 7014 , 6782 , 6787 , 6928 , 6730 , 4409 , 3280 , 4216 , 2406 , 6064 , 4076 , 5367 , 4821 , 5578 , 6058 , 1834 , 1911 , 3656 , 6729 , 4891 , 4594 , 1824 , 2179 , 4003 , 5870 , 0 , 4035 , 4004 , 6004 , 1682 , 2510 , 1667 , 4176 , 3140 , 4194 , 2033 , 1649 , 5387 , 5597 , 4080 , 2937 , 5189 , 4014 , 4207 , 4598 , 1816 , 4481 , 1707 , 5171 , 5586 , 4168 , 1493 , 4385 , 3066 , 7951 , 5327 , 1927 , 3288 , 5015 , 5224 , 4041 , 5074 , 3852 , 4221 , 5352 , 1608 , 2487 , 3119 , 4857 , 1975 , 4999 , 6039 , 2792 , 3008 , 3990 , 6181 , 4596 , 6849 , 4023 , 4884 , 5523 , 2739 , 5087 , 3875 , 4042 , 5389 , 3307 , 3436 , 3575 , 5947 , 3832 , 5490 , 5311 , 3482 , 4449 , 4349 , 2995 , 6118 , 6069 , 3335 , 4299 , 3294
RegressionTest0::test030 , 2894 , 2987 , 2878 , 3102 , 2896 , 2897 , 3021 , 2857 , 566 , 1303 , 7548 , 2274 , 2392 , 259 , 2169 , 2179 , 1719 , 2239 , 3696 , 2451 , 513 , 2823 , 7729 , 2321 , 3176 , 3062 , 7339 , 2291 , 4035 , 0 , 66 , 2166 , 3227 , 2776 , 4291 , 369 , 1473 , 7541 , 2585 , 4271 , 2222 , 1735 , 7425 , 1703 , 2319 , 225 , 463 , 7325 , 4499 , 4385 , 5258 , 1810 , 1700 , 7504 , 3821 , 520 , 1498 , 9948 , 2008 , 4768 , 1110 , 1316 , 2330 , 7414 , 2062 , 349 , 3971 , 2022 , 3007 , 3454 , 4442 , 2018 , 4987 , 1921 , 2400 , 6405 , 6233 , 274 , 2354 , 2843 , 2943 , 1020 , 5606 , 1921 , 3901 , 7989 , 1056 , 1026 , 1838 , 2217 , 1531 , 1533 , 2145 , 1352 , 1860 , 8231 , 3761 , 2345 , 7150 , 5106 , 2280 , 2169 , 3960 , 6129 , 2616
RegressionTest0::test031 , 2895 , 2989 , 2880 , 3104 , 2897 , 2899 , 3023 , 2859 , 588 , 1310 , 7529 , 2260 , 2395 , 249 , 2167 , 2175 , 1727 , 2244 , 3672 , 2462 , 527 , 2827 , 7723 , 2328 , 3144 , 3033 , 7318 , 2298 , 4004 , 66 , 0 , 2169 , 3242 , 2774 , 4275 , 377 , 1478 , 7526 , 2547 , 4255 , 2221 , 1739 , 7404 , 1681 , 2317 , 240 , 479 , 7315 , 4484 , 4396 , 5238 , 1814 , 1702 , 7495 , 3790 , 522 , 1492 , 9946 , 2011 , 4739 , 1093 , 1314 , 2329 , 7388 , 2080 , 353 , 3986 , 2029 , 2979 , 3434 , 4462 , 2041 , 4958 , 1931 , 2409 , 6397 , 6206 , 290 , 2360 , 2862 , 2946 , 1010 , 5625 , 1925 , 3875 , 7958 , 1040 , 1010 , 1789 , 2222 , 1513 , 1518 , 2147 , 1344 , 1870 , 8222 , 3762 , 2357 , 7134 , 5089 , 2288 , 2170 , 3948 , 6134 , 2630
RegressionTest0::test032 , 940 , 1027 , 941 , 1105 , 943 , 933 , 1026 , 934 , 1762 , 2905 , 9525 , 4299 , 838 , 2028 , 1828 , 2340 , 835 , 421 , 5676 , 4435 , 2453 , 892 , 9636 , 2688 , 5070 , 5030 , 9312 , 1002 , 6004 , 2166 , 2169 , 0 , 5190 , 4705 , 6273 , 1914 , 3044 , 9520 , 4482 , 6245 , 1954 , 682 , 9400 , 3320 , 2407 , 2093 , 1868 , 9260 , 6473 , 5240 , 7226 , 1476 , 645 , 9485 , 5783 , 1704 , 3158 , 11392 , 1463 , 6746 , 3125 , 1338 , 2358 , 9397 , 2057 , 2273 , 5001 , 1439 , 4956 , 5427 , 6384 , 2085 , 6967 , 1904 , 907 , 8369 , 8221 , 2140 , 576 , 3557 , 999 , 2214 , 6735 , 1126 , 5778 , 9915 , 2353 , 2228 , 1226 , 3742 , 3005 , 2976 , 444 , 2740 , 1151 , 10121 , 5296 , 2747 , 9053 , 6870 , 531 , 597 , 5625 , 7995 , 4174
RegressionTest0::test033 , 5940 , 6057 , 5914 , 6174 , 5941 , 5948 , 6091 , 5896 , 3573 , 2431 , 4690 , 2107 , 5240 , 3221 , 4608 , 4111 , 4728 , 5268 , 1304 , 844 , 2808 , 5896 , 5088 , 3922 , 1402 , 1363 , 4470 , 5058 , 1682 , 3227 , 3242 , 5190 , 0 , 2202 , 1846 , 3347 , 2341 , 4720 , 1010 , 1789 , 4641 , 4765 , 4592 , 2181 , 4444 , 3156 , 3395 , 4449 , 1929 , 4129 , 2059 , 4353 , 4748 , 4685 , 1054 , 3545 , 2196 , 8221 , 4568 , 2188 , 2608 , 4191 , 4500 , 4576 , 4320 , 2972 , 3909 , 4586 , 1942 , 2084 , 2929 , 4107 , 2748 , 4220 , 5237 , 3233 , 3641 , 3123 , 5367 , 3921 , 6010 , 3341 , 4905 , 4762 , 2505 , 5628 , 3069 , 3372 , 4645 , 2735 , 3002 , 2926 , 5148 , 3191 , 4730 , 5867 , 3160 , 3848 , 4999 , 3050 , 5297 , 5242 , 3047 , 4699 , 2779
RegressionTest0::test034 , 5443 , 5553 , 5412 , 5671 , 5444 , 5447 , 5588 , 5388 , 3123 , 2411 , 5435 , 2078 , 4747 , 2865 , 4123 , 3667 , 4268 , 4793 , 2550 , 2027 , 2570 , 5391 , 5797 , 3335 , 2153 , 2063 , 5241 , 4579 , 2510 , 2776 , 2774 , 4705 , 2202 , 0 , 2669 , 2951 , 2341 , 5411 , 1731 , 2658 , 4170 , 4256 , 5305 , 2203 , 4024 , 2819 , 2932 , 5447 , 2820 , 3801 , 3308 , 3912 , 4266 , 5368 , 2292 , 3109 , 2277 , 8558 , 4172 , 2876 , 2236 , 3716 , 4055 , 5274 , 3684 , 2701 , 3545 , 4189 , 2144 , 2394 , 3043 , 3597 , 3182 , 3679 , 4741 , 4240 , 4229 , 2779 , 4884 , 3466 , 5506 , 2987 , 4746 , 4308 , 2595 , 6149 , 2823 , 2990 , 4230 , 2535 , 2529 , 2602 , 4663 , 2726 , 4286 , 6396 , 2753 , 3325 , 5322 , 3852 , 4784 , 4741 , 3206 , 4449 , 2351
RegressionTest0::test035 , 7027 , 7142 , 6997 , 7260 , 7025 , 7032 , 7177 , 6972 , 4616 , 3443 , 3643 , 2759 , 6311 , 4410 , 5603 , 5065 , 5810 , 6349 , 1326 , 2334 , 4074 , 6976 , 3838 , 4811 , 1461 , 1898 , 3432 , 6125 , 1667 , 4291 , 4275 , 6273 , 1846 , 2669 , 0 , 4543 , 3310 , 3610 , 2271 , 194 , 5594 , 5856 , 3467 , 3036 , 5425 , 4346 , 4522 , 4494 , 329 , 4428 , 2172 , 5415 , 5850 , 3589 , 1776 , 4694 , 3185 , 7965 , 5618 , 582 , 3585 , 5269 , 5487 , 3511 , 5302 , 4199 , 4322 , 5639 , 2372 , 2039 , 3306 , 5072 , 1348 , 5214 , 6307 , 2889 , 2533 , 4348 , 6428 , 4833 , 7094 , 4368 , 4977 , 5821 , 2866 , 5087 , 4148 , 4395 , 5698 , 3421 , 3771 , 3819 , 6227 , 4069 , 5787 , 5095 , 3563 , 4716 , 4324 , 3073 , 6361 , 6325 , 3529 , 4327 , 3355
RegressionTest0::test036 , 2642 , 2731 , 2626 , 2848 , 2644 , 2645 , 2765 , 2602 , 393 , 1387 , 7760 , 2525 , 2163 , 185 , 1992 , 2193 , 1462 , 1947 , 3951 , 2572 , 589 , 2567 , 7977 , 2300 , 3381 , 3311 , 7567 , 2084 , 4176 , 369 , 377 , 1914 , 3347 , 2951 , 4543 , 0 , 1487 , 7770 , 2718 , 4507 , 2088 , 1434 , 7655 , 1758 , 2154 , 241 , 132 , 7563 , 4731 , 4495 , 5392 , 1640 , 1425 , 7740 , 3946 , 214 , 1641 , 10060 , 1721 , 5001 , 1354 , 1131 , 2223 , 7652 , 1947 , 417 , 4146 , 1756 , 3242 , 3712 , 4558 , 1979 , 5221 , 1912 , 2173 , 6559 , 6477 , 277 , 2112 , 2885 , 2690 , 1061 , 5771 , 1634 , 4109 , 8228 , 944 , 983 , 1623 , 2399 , 1675 , 1695 , 1887 , 1494 , 1662 , 8472 , 3900 , 2370 , 7401 , 5251 , 2063 , 1911 , 4065 , 6341 , 2809
RegressionTest0::test037 , 3783 , 3882 , 3757 , 4001 , 3784 , 3784 , 3917 , 3739 , 1377 , 251 , 6578 , 1654 , 3182 , 1470 , 2801 , 2597 , 2573 , 3073 , 2781 , 1632 , 1149 , 3723 , 6849 , 2526 , 2107 , 2390 , 6372 , 3068 , 3140 , 1473 , 1478 , 3044 , 2341 , 2341 , 3310 , 1487 , 0 , 6573 , 1829 , 3288 , 2841 , 2586 , 6461 , 365 , 2755 , 1422 , 1518 , 6470 , 3512 , 4085 , 4351 , 2421 , 2581 , 6547 , 2922 , 1624 , 265 , 9293 , 2605 , 3783 , 1641 , 2075 , 2796 , 6458 , 2594 , 1332 , 3791 , 2626 , 2145 , 2984 , 3811 , 2321 , 4018 , 2420 , 3202 , 5495 , 5260 , 1422 , 3233 , 2795 , 3838 , 1429 , 5226 , 2631 , 3318 , 7233 , 1448 , 1374 , 2605 , 2017 , 1765 , 1731 , 2997 , 1774 , 2664 , 7454 , 3297 , 2497 , 6363 , 4383 , 3161 , 3064 , 3318 , 5560 , 2404
RegressionTest0::test038 , 10324 , 10449 , 10292 , 10567 , 10325 , 10334 , 10481 , 10261 , 7914 , 6744 , 178 , 5663 , 9516 , 7654 , 8654 , 8173 , 9109 , 9566 , 4242 , 5396 , 7243 , 10282 , 3596 , 7866 , 4630 , 4906 , 286 , 9309 , 4194 , 7541 , 7526 , 9520 , 4720 , 5411 , 3610 , 7770 , 6573 , 0 , 5372 , 3604 , 8622 , 9149 , 227 , 6341 , 8329 , 7598 , 7785 , 3963 , 3501 , 6796 , 3250 , 8607 , 9137 , 295 , 4350 , 7965 , 6486 , 7727 , 8678 , 3324 , 6702 , 8546 , 8384 , 264 , 8370 , 7431 , 6719 , 8705 , 4950 , 4770 , 5259 , 8248 , 3244 , 8389 , 9508 , 3327 , 1688 , 7560 , 9709 , 7608 , 10399 , 7536 , 6515 , 8965 , 4591 , 4118 , 7343 , 7543 , 8864 , 6415 , 6912 , 6936 , 9474 , 7257 , 8941 , 4506 , 5601 , 7610 , 4177 , 4474 , 9642 , 9622 , 5555 , 4765 , 6167
RegressionTest0::test039 , 5215 , 5328 , 5191 , 5444 , 5216 , 5217 , 5360 , 5173 , 2903 , 1804 , 5368 , 1837 , 4573 , 2575 , 4015 , 3517 , 4007 , 4545 , 1747 , 964 , 2253 , 5166 , 5624 , 3295 , 1364 , 709 , 5161 , 4408 , 2033 , 2585 , 2547 , 4482 , 1010 , 1731 , 2271 , 2718 , 1829 , 5372 , 0 , 2250 , 4048 , 4037 , 5253 , 1779 , 3900 , 2529 , 2695 , 5225 , 2464 , 4062 , 2930 , 3685 , 4029 , 5338 , 1523 , 2871 , 1711 , 8563 , 3953 , 2711 , 2012 , 3502 , 3958 , 5226 , 3715 , 2371 , 3785 , 3969 , 1581 , 2024 , 3314 , 3401 , 3024 , 3540 , 4577 , 4104 , 4189 , 2527 , 4649 , 3437 , 5278 , 2766 , 4930 , 4079 , 2524 , 6093 , 2490 , 2796 , 3967 , 2397 , 2381 , 2399 , 4444 , 2590 , 4028 , 6279 , 3058 , 3378 , 5287 , 3423 , 4581 , 4510 , 2908 , 4723 , 2465
RegressionTest0::test040 , 7004 , 7120 , 6974 , 7238 , 7005 , 7010 , 7155 , 6949 , 4594 , 3416 , 3596 , 2736 , 6284 , 4389 , 5576 , 5045 , 5788 , 6320 , 1355 , 2310 , 4028 , 6954 , 3762 , 4784 , 1409 , 1877 , 3412 , 6091 , 1649 , 4271 , 4255 , 6245 , 1789 , 2658 , 194 , 4507 , 3288 , 3604 , 2250 , 0 , 5595 , 5833 , 3495 , 3036 , 5391 , 4323 , 4486 , 4471 , 236 , 4495 , 2165 , 5389 , 5825 , 3587 , 1762 , 4664 , 3163 , 7921 , 5572 , 513 , 3542 , 5244 , 5447 , 3496 , 5283 , 4176 , 4295 , 5593 , 2328 , 2070 , 3364 , 5051 , 1368 , 5191 , 6276 , 2910 , 2521 , 4272 , 6404 , 4795 , 7072 , 4329 , 4981 , 5777 , 2827 , 5078 , 4100 , 4356 , 5657 , 3388 , 3749 , 3797 , 6195 , 4099 , 5747 , 5117 , 3517 , 4678 , 4316 , 3070 , 6338 , 6303 , 3466 , 4342 , 3367
RegressionTest0::test041 , 2454 , 2579 , 2423 , 2667 , 2458 , 2465 , 2586 , 2416 , 2018 , 2732 , 8640 , 3861 , 1460 , 2176 , 525 , 2320 , 1862 , 1911 , 5080 , 4003 , 2425 , 2442 , 8757 , 2504 , 4551 , 4529 , 8443 , 1243 , 5387 , 2222 , 2221 , 1954 , 4641 , 4170 , 5594 , 2088 , 2841 , 8622 , 4048 , 5595 , 0 , 1822 , 8517 , 3052 , 707 , 2200 , 2085 , 8354 , 5795 , 4516 , 6437 , 1838 , 1843 , 8609 , 5144 , 2000 , 2938 , 10091 , 1610 , 6046 , 2905 , 1881 , 745 , 8528 , 1414 , 2310 , 4313 , 1612 , 4476 , 4866 , 5624 , 2121 , 6269 , 2043 , 1518 , 7554 , 7405 , 2216 , 2066 , 1988 , 2531 , 2247 , 5960 , 1725 , 5213 , 9041 , 2394 , 2227 , 1711 , 3396 , 2805 , 2779 , 1868 , 2588 , 1730 , 9213 , 4693 , 2545 , 8183 , 6170 , 1989 , 2035 , 4979 , 7254 , 3673
RegressionTest0::test042 , 1261 , 1317 , 1249 , 1434 , 1264 , 1258 , 1345 , 1234 , 1321 , 2445 , 9153 , 3900 , 1014 , 1579 , 1683 , 2334 , 359 , 604 , 5297 , 3990 , 2016 , 1171 , 9302 , 2654 , 4638 , 4604 , 8945 , 1069 , 5597 , 1735 , 1739 , 682 , 4765 , 4256 , 5856 , 1434 , 2586 , 9149 , 4037 , 5833 , 1822 , 0 , 9031 , 2871 , 2207 , 1645 , 1433 , 8926 , 6061 , 5163 , 6814 , 1477 , 153 , 9118 , 5365 , 1254 , 2699 , 11132 , 1352 , 6340 , 2729 , 830 , 2179 , 9030 , 2051 , 1828 , 4874 , 1316 , 4555 , 5066 , 5976 , 2078 , 6580 , 1908 , 1082 , 7982 , 7823 , 1692 , 893 , 3433 , 1290 , 1742 , 6572 , 807 , 5390 , 9558 , 1997 , 1755 , 998 , 3314 , 2575 , 2550 , 732 , 2271 , 890 , 9769 , 4915 , 2729 , 8682 , 6516 , 837 , 502 , 5237 , 7604 , 3750
RegressionTest0::test043 , 10205 , 10327 , 10172 , 10445 , 10206 , 10214 , 10359 , 10143 , 7793 , 6622 , 270 , 5542 , 9404 , 7534 , 8557 , 8062 , 8987 , 9456 , 4110 , 5275 , 7121 , 10160 , 3590 , 7753 , 4509 , 4794 , 175 , 9196 , 4080 , 7425 , 7404 , 9400 , 4592 , 5305 , 3467 , 7655 , 6461 , 227 , 5253 , 3495 , 8517 , 9031 , 0 , 6205 , 8230 , 7468 , 7662 , 3916 , 3381 , 6708 , 3139 , 8484 , 9013 , 291 , 4230 , 7843 , 6364 , 7689 , 8574 , 3207 , 6587 , 8426 , 8282 , 183 , 8257 , 7310 , 6621 , 8605 , 4828 , 4656 , 5152 , 8136 , 3128 , 8275 , 9397 , 3224 , 1576 , 7448 , 9586 , 7512 , 10279 , 7438 , 6407 , 8852 , 4488 , 4031 , 7230 , 7438 , 8755 , 6294 , 6789 , 6815 , 9352 , 7111 , 8821 , 4458 , 5562 , 7504 , 4129 , 4385 , 9518 , 9500 , 5473 , 4717 , 6059
RegressionTest0::test044 , 4060 , 4163 , 4034 , 4279 , 4061 , 4061 , 4197 , 4019 , 1651 , 500 , 6350 , 1672 , 3448 , 1703 , 3050 , 2702 , 2852 , 3388 , 2581 , 1491 , 1367 , 4001 , 6603 , 2612 , 1902 , 2361 , 6137 , 3324 , 2937 , 1703 , 1681 , 3320 , 2181 , 2203 , 3036 , 1758 , 365 , 6341 , 1779 , 3036 , 3052 , 2871 , 6205 , 0 , 2983 , 1645 , 1757 , 6289 , 3259 , 4086 , 4134 , 2666 , 2858 , 6303 , 2733 , 1856 , 353 , 9177 , 2913 , 3535 , 1600 , 2341 , 3029 , 6218 , 2790 , 1539 , 3823 , 2931 , 1984 , 2918 , 3664 , 2516 , 3770 , 2632 , 3443 , 5259 , 5036 , 1645 , 3510 , 2947 , 4117 , 1543 , 5143 , 2940 , 3196 , 7044 , 1631 , 1553 , 2866 , 2114 , 1836 , 1903 , 3271 , 1765 , 2923 , 7257 , 3243 , 2622 , 6198 , 4257 , 3436 , 3343 , 3375 , 5410 , 2461
RegressionTest0::test045 , 2978 , 3104 , 2947 , 3193 , 2978 , 2987 , 3111 , 2931 , 2200 , 2733 , 8327 , 3721 , 1985 , 2236 , 846 , 2468 , 2312 , 2363 , 4896 , 3863 , 2415 , 2971 , 8468 , 2568 , 4398 , 4369 , 8142 , 1769 , 5189 , 2319 , 2317 , 2407 , 4444 , 4024 , 5425 , 2154 , 2755 , 8329 , 3900 , 5391 , 707 , 2207 , 8230 , 2983 , 0 , 2268 , 2196 , 8066 , 5577 , 4384 , 6213 , 2147 , 2246 , 8311 , 4949 , 2179 , 2891 , 9600 , 1907 , 5825 , 2839 , 2205 , 841 , 8232 , 1550 , 2337 , 4168 , 1910 , 4286 , 4690 , 5381 , 2322 , 6066 , 2257 , 2015 , 7311 , 7170 , 2287 , 2567 , 1672 , 3059 , 2313 , 5731 , 2039 , 5008 , 8736 , 2388 , 2296 , 2077 , 3288 , 2746 , 2714 , 2323 , 2610 , 2056 , 8945 , 4502 , 2498 , 7922 , 5950 , 2489 , 2498 , 4746 , 7065 , 3525
RegressionTest0::test046 , 2825 , 2914 , 2806 , 3030 , 2826 , 2827 , 2948 , 2789 , 513 , 1285 , 7587 , 2337 , 2312 , 84 , 2147 , 2206 , 1638 , 2166 , 3786 , 2372 , 413 , 2751 , 7804 , 2313 , 3229 , 3109 , 7386 , 2213 , 4014 , 225 , 240 , 2093 , 3156 , 2819 , 4346 , 241 , 1422 , 7598 , 2529 , 4323 , 2200 , 1645 , 7468 , 1645 , 2268 , 0 , 312 , 7387 , 4552 , 4438 , 5204 , 1754 , 1607 , 7561 , 3756 , 396 , 1471 , 9946 , 1914 , 4828 , 1159 , 1216 , 2268 , 7472 , 2022 , 198 , 4055 , 1917 , 3046 , 3539 , 4370 , 2038 , 5047 , 1936 , 2328 , 6377 , 6289 , 107 , 2296 , 2893 , 2871 , 1021 , 5687 , 1850 , 3933 , 8035 , 1045 , 1026 , 1776 , 2265 , 1615 , 1507 , 2058 , 1419 , 1789 , 8290 , 3815 , 2332 , 7214 , 5152 , 2246 , 2097 , 4009 , 6203 , 2713
RegressionTest0::test047 , 2619 , 2707 , 2601 , 2821 , 2622 , 2619 , 2740 , 2581 , 464 , 1428 , 7788 , 2571 , 2149 , 292 , 2012 , 2193 , 1448 , 1980 , 3951 , 2615 , 629 , 2544 , 7967 , 2283 , 3374 , 3291 , 7573 , 2071 , 4207 , 463 , 479 , 1868 , 3395 , 2932 , 4522 , 132 , 1518 , 7785 , 2695 , 4486 , 2085 , 1433 , 7662 , 1757 , 2196 , 312 , 0 , 7589 , 4710 , 4516 , 5434 , 1623 , 1396 , 7747 , 3988 , 233 , 1650 , 10075 , 1729 , 4987 , 1415 , 1219 , 2228 , 7661 , 1933 , 476 , 4152 , 1742 , 3255 , 3734 , 4601 , 1961 , 5226 , 1914 , 2164 , 6592 , 6475 , 353 , 2099 , 2905 , 2663 , 1035 , 5781 , 1638 , 4179 , 8244 , 886 , 1089 , 1608 , 2391 , 1692 , 1663 , 1850 , 1527 , 1629 , 8484 , 3925 , 2345 , 7396 , 5232 , 2049 , 1887 , 4157 , 6409 , 2854
RegressionTest0::test048 , 10091 , 10215 , 10061 , 10333 , 10092 , 10100 , 10247 , 10035 , 7760 , 6633 , 3937 , 5273 , 9268 , 7453 , 8395 , 7757 , 8898 , 9314 , 4668 , 5122 , 7004 , 10050 , 3756 , 7468 , 5300 , 4918 , 3852 , 9057 , 4598 , 7325 , 7315 , 9260 , 4449 , 5447 , 4494 , 7563 , 6470 , 3963 , 5225 , 4471 , 8354 , 8926 , 3916 , 6289 , 8066 , 7387 , 7589 , 0 , 4417 , 6109 , 3990 , 8305 , 8916 , 4031 , 4423 , 7762 , 6412 , 7807 , 8483 , 4407 , 6410 , 8342 , 8114 , 3907 , 7971 , 7209 , 5993 , 8509 , 5161 , 4853 , 5444 , 7868 , 4242 , 8017 , 9248 , 4485 , 4492 , 7350 , 9473 , 7301 , 10166 , 7398 , 5933 , 8788 , 5130 , 5431 , 7187 , 7368 , 8713 , 6497 , 6912 , 6928 , 9209 , 7131 , 8777 , 5315 , 5814 , 7228 , 4676 , 5309 , 9385 , 9392 , 5865 , 5345 , 6296
RegressionTest0::test049 , 7233 , 7349 , 7202 , 7467 , 7233 , 7238 , 7384 , 7176 , 4820 , 3646 , 3454 , 2937 , 6500 , 4603 , 5780 , 5259 , 6016 , 6544 , 1501 , 2541 , 4243 , 7183 , 3733 , 4993 , 1608 , 2086 , 3257 , 6306 , 1816 , 4499 , 4484 , 6473 , 1929 , 2820 , 329 , 4731 , 3512 , 3501 , 2464 , 236 , 5795 , 6061 , 3381 , 3259 , 5577 , 4552 , 4710 , 4417 , 0 , 4629 , 2130 , 5597 , 6052 , 3478 , 1893 , 4889 , 3392 , 7878 , 5789 , 285 , 3739 , 5474 , 5639 , 3347 , 5478 , 4393 , 4455 , 5813 , 2465 , 2173 , 3409 , 5256 , 1365 , 5401 , 6488 , 2923 , 2330 , 4503 , 6630 , 4971 , 7301 , 4548 , 5036 , 5993 , 2919 , 4945 , 4321 , 4574 , 5878 , 3542 , 3968 , 3972 , 6419 , 4311 , 5954 , 5025 , 3583 , 4833 , 4216 , 3060 , 6565 , 6532 , 3587 , 4314 , 3515
