:,TarUtilsTest::testName,TarUtilsTest::testNegative,TarUtilsTest::testOverflow,TarUtilsTest::testParseOctal,TarUtilsTest::testParseOctalInvalid,TarUtilsTest::testReadNegativeBinary12Byte,TarUtilsTest::testReadNegativeBinary8Byte,TarUtilsTest::testRoundEncoding,TarUtilsTest::testRoundTripNames,TarUtilsTest::testRoundTripOctal,TarUtilsTest::testRoundTripOctalOrBinary12,TarUtilsTest::testRoundTripOctalOrBinary8,TarUtilsTest::testTrailers,TarUtilsTest::testVerifyHeaderCheckSum,TarUtilsTest::testWriteNegativeBinary8Byte,
TarUtilsTest::testName ,0,31,30,49,29,53,37,31,36,31,33,34,43,7830,37,
TarUtilsTest::testNegative ,31,0,3,55,21,58,38,2,7,9,6,5,54,7853,38,
TarUtilsTest::testOverflow ,30,3,0,53,19,57,37,3,9,9,8,7,52,7851,37,
TarUtilsTest::testParseOctal ,49,55,53,0,44,49,44,54,61,56,58,59,53,7808,44,
TarUtilsTest::testParseOctalInvalid ,29,21,19,44,0,55,36,20,25,24,25,24,46,7838,36,
TarUtilsTest::testReadNegativeBinary12Byte ,53,58,57,49,55,0,23,58,63,58,58,61,55,7807,23,
TarUtilsTest::testReadNegativeBinary8Byte ,37,38,37,44,36,23,0,38,43,39,40,41,49,7823,0,
TarUtilsTest::testRoundEncoding ,31,2,3,54,20,58,38,0,7,9,6,5,53,7853,38,
TarUtilsTest::testRoundTripNames ,36,7,9,61,25,63,43,7,0,10,6,2,59,7860,43,
TarUtilsTest::testRoundTripOctal ,31,9,9,56,24,58,39,9,10,0,7,8,56,7850,39,
TarUtilsTest::testRoundTripOctalOrBinary12 ,33,6,8,58,25,58,40,6,6,7,0,5,55,7854,40,
TarUtilsTest::testRoundTripOctalOrBinary8 ,34,5,7,59,24,61,41,5,2,8,5,0,57,7858,41,
TarUtilsTest::testTrailers ,43,54,52,53,46,55,49,53,59,56,55,57,0,7822,49,
TarUtilsTest::testVerifyHeaderCheckSum ,7830,7853,7851,7808,7838,7807,7823,7853,7860,7850,7854,7858,7822,0,7823,
TarUtilsTest::testWriteNegativeBinary8Byte ,37,38,37,44,36,23,0,38,43,39,40,41,49,7823,0,
