:,TarUtilsTest::testName,TarUtilsTest::testNegative,TarUtilsTest::testOverflow,TarUtilsTest::testParseOctal,TarUtilsTest::testParseOctalInvalid,TarUtilsTest::testReadNegativeBinary12Byte,TarUtilsTest::testReadNegativeBinary8Byte,TarUtilsTest::testRoundEncoding,TarUtilsTest::testRoundTripNames,TarUtilsTest::testRoundTripOctal,TarUtilsTest::testRoundTripOctalOrBinary12,TarUtilsTest::testRoundTripOctalOrBinary8,TarUtilsTest::testTrailers,TarUtilsTest::testVerifyHeaderCheckSum,TarUtilsTest::testWriteNegativeBinary8Byte,
TarUtilsTest::testName ,0,31,30,37,40,53,37,31,36,31,33,34,43,7830,37,
TarUtilsTest::testNegative ,31,0,3,40,43,58,38,2,7,9,6,5,54,7853,38,
TarUtilsTest::testOverflow ,30,3,0,38,41,57,37,3,9,9,8,7,52,7851,37,
TarUtilsTest::testParseOctal ,37,40,38,0,32,49,34,39,46,42,44,44,43,7820,34,
TarUtilsTest::testParseOctalInvalid ,40,43,41,32,0,46,36,43,48,45,47,47,46,7819,36,
TarUtilsTest::testReadNegativeBinary12Byte ,53,58,57,49,46,0,23,58,63,58,58,61,55,7807,23,
TarUtilsTest::testReadNegativeBinary8Byte ,37,38,37,34,36,23,0,38,43,39,40,41,49,7823,0,
TarUtilsTest::testRoundEncoding ,31,2,3,39,43,58,38,0,7,9,6,5,53,7853,38,
TarUtilsTest::testRoundTripNames ,36,7,9,46,48,63,43,7,0,10,6,2,59,7860,43,
TarUtilsTest::testRoundTripOctal ,31,9,9,42,45,58,39,9,10,0,7,8,56,7850,39,
TarUtilsTest::testRoundTripOctalOrBinary12 ,33,6,8,44,47,58,40,6,6,7,0,5,55,7854,40,
TarUtilsTest::testRoundTripOctalOrBinary8 ,34,5,7,44,47,61,41,5,2,8,5,0,57,7858,41,
TarUtilsTest::testTrailers ,43,54,52,43,46,55,49,53,59,56,55,57,0,7822,49,
TarUtilsTest::testVerifyHeaderCheckSum ,7830,7853,7851,7820,7819,7807,7823,7853,7860,7850,7854,7858,7822,0,7823,
TarUtilsTest::testWriteNegativeBinary8Byte ,37,38,37,34,36,23,0,38,43,39,40,41,49,7823,0,
