: ,T1,T2,T3,T4,T5,T6,T7
T1,0,454,117,197,69,366,847
T2,454,0,459,527,523,814,815
T3,117,459,0,198,186,359,730
T4,197,527,198,0,266,479,748
T5,69,523,186,266,0,435,916
T6,366,814,359,479,435,0,997
T7,847,815,730,748,916,997,0
