: , RegressionTest0::test001 , RegressionTest0::test002 , RegressionTest0::test003 , RegressionTest0::test004 , RegressionTest0::test005 , RegressionTest0::test006 , RegressionTest0::test007 , RegressionTest0::test008 , RegressionTest0::test009 , RegressionTest0::test010 , RegressionTest0::test011 , RegressionTest0::test012 , RegressionTest0::test013 , RegressionTest0::test014 , RegressionTest0::test015 , RegressionTest0::test016 , RegressionTest0::test017 , RegressionTest0::test018 , RegressionTest0::test019 , RegressionTest0::test020 , RegressionTest0::test021 , RegressionTest0::test022 , RegressionTest0::test023 , RegressionTest0::test024 , RegressionTest0::test025 , RegressionTest0::test026 , RegressionTest0::test027 , RegressionTest0::test028 , RegressionTest0::test029 , RegressionTest0::test030 , RegressionTest0::test031 , RegressionTest0::test032 , RegressionTest0::test033 , RegressionTest0::test034 , RegressionTest0::test035 , RegressionTest0::test036 , RegressionTest0::test037 , RegressionTest0::test038 , RegressionTest0::test039 , RegressionTest0::test040 , RegressionTest0::test041 , RegressionTest0::test042 , RegressionTest0::test043 , RegressionTest0::test044 , RegressionTest0::test045 , RegressionTest0::test046 , RegressionTest0::test047 , RegressionTest0::test048 , RegressionTest0::test049 , RegressionTest0::test050 , RegressionTest0::test051 , RegressionTest0::test052 , RegressionTest0::test053 , RegressionTest0::test054 , RegressionTest0::test055 , RegressionTest0::test056 , RegressionTest0::test057 , RegressionTest0::test058 , RegressionTest0::test059 , RegressionTest0::test060 , RegressionTest0::test061 , RegressionTest0::test062 , RegressionTest0::test063 , RegressionTest0::test064 , RegressionTest0::test065 , RegressionTest0::test066 , RegressionTest0::test067 , RegressionTest0::test068 , RegressionTest0::test069 , RegressionTest0::test070 , RegressionTest0::test071 , RegressionTest0::test072 , RegressionTest0::test073 , RegressionTest0::test074 , RegressionTest0::test075 , RegressionTest0::test076 , RegressionTest0::test077 , RegressionTest0::test078 , RegressionTest0::test079 , RegressionTest0::test080 , RegressionTest0::test081 , RegressionTest0::test082 , RegressionTest0::test083 , RegressionTest0::test084 , RegressionTest0::test085 , RegressionTest0::test086 , RegressionTest0::test087 , RegressionTest0::test088 , RegressionTest0::test089 , RegressionTest0::test090 , RegressionTest0::test091 , RegressionTest0::test092 , RegressionTest0::test093 , RegressionTest0::test094 , RegressionTest0::test095 , RegressionTest0::test096 , RegressionTest0::test097 , RegressionTest0::test098 , RegressionTest0::test099 , RegressionTest0::test100 , RegressionTest0::test101 , RegressionTest0::test102 , RegressionTest0::test103 , RegressionTest0::test104 , RegressionTest0::test105
TypeUtils_ESTest::test00 , 0 , 239 , 271 , 279 , 355 , 174 , 302 , 178 , 329 , 17 , 122 , 118 , 123 , 13 , 156 , 156 , 219 , 354 , 121 , 223 , 202 , 98 , 249 , 164 , 213 , 197 , 170 , 266 , 270 , 228 , 175 , 251 , 213 , 251 , 252 , 220
TypeUtils_ESTest::test01 , 239 , 0 , 419 , 226 , 449 , 268 , 161 , 269 , 204 , 236 , 216 , 200 , 202 , 239 , 204 , 204 , 279 , 292 , 294 , 270 , 225 , 285 , 209 , 204 , 212 , 220 , 230 , 222 , 222 , 217 , 202 , 50 , 214 , 213 , 205 , 213
TypeUtils_ESTest::test02 , 271 , 419 , 0 , 512 , 372 , 310 , 368 , 314 , 384 , 263 , 369 , 367 , 359 , 276 , 405 , 404 , 263 , 375 , 178 , 273 , 338 , 199 , 480 , 403 , 452 , 401 , 378 , 304 , 304 , 446 , 404 , 429 , 455 , 484 , 479 , 448
TypeUtils_ESTest::test03 , 279 , 226 , 512 , 0 , 550 , 327 , 330 , 327 , 376 , 279 , 201 , 182 , 189 , 278 , 163 , 165 , 331 , 480 , 357 , 460 , 190 , 344 , 75 , 162 , 110 , 196 , 232 , 409 , 409 , 111 , 160 , 229 , 97 , 62 , 60 , 98
TypeUtils_ESTest::test04 , 355 , 449 , 372 , 550 , 0 , 233 , 389 , 237 , 393 , 356 , 382 , 421 , 419 , 367 , 407 , 395 , 303 , 301 , 390 , 397 , 474 , 391 , 513 , 412 , 487 , 445 , 423 , 387 , 387 , 502 , 417 , 453 , 492 , 516 , 514 , 499
TypeUtils_ESTest::test05 , 174 , 268 , 310 , 327 , 233 , 0 , 289 , 6 , 324 , 175 , 182 , 220 , 218 , 172 , 191 , 177 , 124 , 256 , 224 , 315 , 276 , 215 , 293 , 184 , 261 , 258 , 231 , 298 , 298 , 295 , 198 , 274 , 271 , 296 , 296 , 283
TypeUtils_ESTest::test06 , 302 , 161 , 368 , 330 , 389 , 289 , 0 , 290 , 56 , 301 , 290 , 279 , 280 , 304 , 267 , 270 , 297 , 186 , 317 , 157 , 284 , 312 , 301 , 262 , 287 , 282 , 279 , 95 , 104 , 301 , 275 , 158 , 297 , 309 , 304 , 297
TypeUtils_ESTest::test07 , 178 , 269 , 314 , 327 , 237 , 6 , 290 , 0 , 324 , 179 , 178 , 224 , 222 , 168 , 195 , 182 , 125 , 255 , 224 , 315 , 280 , 215 , 289 , 188 , 265 , 258 , 235 , 297 , 298 , 291 , 198 , 275 , 267 , 292 , 296 , 284
TypeUtils_ESTest::test08 , 329 , 204 , 384 , 376 , 393 , 324 , 56 , 324 , 0 , 328 , 321 , 315 , 314 , 331 , 303 , 304 , 296 , 150 , 330 , 190 , 308 , 329 , 349 , 310 , 335 , 318 , 309 , 135 , 138 , 330 , 309 , 200 , 336 , 352 , 349 , 335
TypeUtils_ESTest::test09 , 17 , 236 , 263 , 279 , 356 , 175 , 301 , 179 , 328 , 0 , 112 , 128 , 123 , 28 , 161 , 157 , 211 , 357 , 113 , 225 , 201 , 112 , 249 , 169 , 205 , 196 , 170 , 265 , 269 , 228 , 177 , 248 , 209 , 247 , 252 , 219
TypeUtils_ESTest::test10 , 122 , 216 , 369 , 201 , 382 , 182 , 290 , 178 , 321 , 112 , 0 , 95 , 96 , 124 , 69 , 58 , 201 , 343 , 216 , 320 , 145 , 209 , 167 , 77 , 129 , 138 , 141 , 340 , 344 , 149 , 89 , 217 , 125 , 162 , 175 , 143
TypeUtils_ESTest::test11 , 118 , 200 , 367 , 182 , 421 , 220 , 279 , 224 , 315 , 128 , 95 , 0 , 18 , 128 , 45 , 58 , 237 , 377 , 221 , 322 , 158 , 204 , 143 , 58 , 115 , 169 , 168 , 269 , 273 , 156 , 93 , 212 , 124 , 142 , 150 , 147
TypeUtils_ESTest::test12 , 123 , 202 , 359 , 189 , 419 , 218 , 280 , 222 , 314 , 123 , 96 , 18 , 0 , 133 , 62 , 56 , 235 , 378 , 217 , 316 , 166 , 202 , 154 , 70 , 127 , 174 , 173 , 254 , 258 , 162 , 92 , 214 , 130 , 154 , 163 , 150
TypeUtils_ESTest::test13 , 13 , 239 , 276 , 278 , 367 , 172 , 304 , 168 , 331 , 28 , 124 , 128 , 133 , 0 , 166 , 166 , 218 , 354 , 120 , 220 , 205 , 98 , 240 , 160 , 210 , 196 , 172 , 258 , 267 , 228 , 175 , 250 , 209 , 245 , 250 , 218
TypeUtils_ESTest::test14 , 156 , 204 , 405 , 163 , 407 , 191 , 267 , 195 , 303 , 161 , 69 , 45 , 62 , 166 , 0 , 14 , 218 , 362 , 258 , 357 , 149 , 244 , 124 , 14 , 94 , 165 , 167 , 311 , 314 , 136 , 50 , 208 , 105 , 122 , 130 , 128
TypeUtils_ESTest::test15 , 156 , 204 , 404 , 165 , 395 , 177 , 270 , 182 , 304 , 157 , 58 , 58 , 56 , 166 , 14 , 0 , 215 , 356 , 259 , 357 , 155 , 244 , 132 , 22 , 103 , 167 , 168 , 307 , 311 , 137 , 37 , 208 , 107 , 129 , 138 , 127
TypeUtils_ESTest::test16 , 219 , 279 , 263 , 331 , 303 , 124 , 297 , 125 , 296 , 211 , 201 , 237 , 235 , 218 , 218 , 215 , 0 , 216 , 119 , 314 , 211 , 149 , 309 , 221 , 287 , 264 , 259 , 308 , 310 , 289 , 202 , 284 , 287 , 310 , 299 , 274
TypeUtils_ESTest::test17 , 354 , 292 , 375 , 480 , 301 , 256 , 186 , 255 , 150 , 357 , 343 , 377 , 378 , 354 , 362 , 356 , 216 , 0 , 321 , 182 , 384 , 322 , 448 , 365 , 428 , 399 , 366 , 173 , 169 , 419 , 350 , 291 , 427 , 454 , 448 , 421
TypeUtils_ESTest::test18 , 121 , 294 , 178 , 357 , 390 , 224 , 317 , 224 , 330 , 113 , 216 , 221 , 217 , 120 , 258 , 259 , 119 , 321 , 0 , 231 , 214 , 47 , 333 , 264 , 304 , 259 , 252 , 276 , 277 , 297 , 246 , 306 , 304 , 334 , 321 , 293
TypeUtils_ESTest::test19 , 223 , 270 , 273 , 460 , 397 , 315 , 157 , 315 , 190 , 225 , 320 , 322 , 316 , 220 , 357 , 357 , 314 , 182 , 231 , 0 , 353 , 237 , 432 , 361 , 405 , 352 , 358 , 78 , 76 , 400 , 353 , 270 , 406 , 435 , 429 , 402
TypeUtils_ESTest::test20 , 202 , 225 , 338 , 190 , 474 , 276 , 284 , 280 , 308 , 201 , 145 , 158 , 166 , 205 , 149 , 155 , 211 , 384 , 214 , 353 , 0 , 217 , 167 , 153 , 120 , 135 , 144 , 348 , 346 , 113 , 151 , 223 , 126 , 165 , 165 , 120
TypeUtils_ESTest::test21 , 98 , 285 , 199 , 344 , 391 , 215 , 312 , 215 , 329 , 112 , 209 , 204 , 202 , 98 , 244 , 244 , 149 , 322 , 47 , 237 , 217 , 0 , 317 , 245 , 289 , 244 , 239 , 274 , 274 , 281 , 231 , 298 , 288 , 323 , 312 , 279
TypeUtils_ESTest::test22 , 249 , 209 , 480 , 75 , 513 , 293 , 301 , 289 , 349 , 249 , 167 , 143 , 154 , 240 , 124 , 132 , 309 , 448 , 333 , 432 , 167 , 317 , 0 , 111 , 59 , 175 , 201 , 376 , 385 , 93 , 143 , 208 , 73 , 24 , 47 , 89
TypeUtils_ESTest::test23 , 164 , 204 , 403 , 162 , 412 , 184 , 262 , 188 , 310 , 169 , 77 , 58 , 70 , 160 , 14 , 22 , 221 , 365 , 264 , 361 , 153 , 245 , 111 , 0 , 82 , 166 , 167 , 307 , 315 , 136 , 48 , 208 , 109 , 126 , 134 , 128
TypeUtils_ESTest::test24 , 213 , 212 , 452 , 110 , 487 , 261 , 287 , 265 , 335 , 205 , 129 , 115 , 127 , 210 , 94 , 103 , 287 , 428 , 304 , 405 , 120 , 289 , 59 , 82 , 0 , 148 , 157 , 359 , 367 , 55 , 129 , 212 , 28 , 70 , 88 , 47
TypeUtils_ESTest::test25 , 197 , 220 , 401 , 196 , 445 , 258 , 282 , 258 , 318 , 196 , 138 , 169 , 174 , 196 , 165 , 167 , 264 , 399 , 259 , 352 , 135 , 244 , 175 , 166 , 148 , 0 , 169 , 344 , 344 , 146 , 168 , 221 , 143 , 173 , 167 , 134
TypeUtils_ESTest::test26 , 170 , 230 , 378 , 232 , 423 , 231 , 279 , 235 , 309 , 170 , 141 , 168 , 173 , 172 , 167 , 168 , 259 , 366 , 252 , 358 , 144 , 239 , 201 , 167 , 157 , 169 , 0 , 336 , 331 , 156 , 189 , 229 , 161 , 202 , 202 , 158
TypeUtils_ESTest::test27 , 266 , 222 , 304 , 409 , 387 , 298 , 95 , 297 , 135 , 265 , 340 , 269 , 254 , 258 , 311 , 307 , 308 , 173 , 276 , 78 , 348 , 274 , 376 , 307 , 359 , 344 , 336 , 0 , 10 , 370 , 312 , 223 , 368 , 383 , 379 , 364
TypeUtils_ESTest::test28 , 270 , 222 , 304 , 409 , 387 , 298 , 104 , 298 , 138 , 269 , 344 , 273 , 258 , 267 , 314 , 311 , 310 , 169 , 277 , 76 , 346 , 274 , 385 , 315 , 367 , 344 , 331 , 10 , 0 , 364 , 305 , 223 , 370 , 385 , 379 , 362
TypeUtils_ESTest::test29 , 228 , 217 , 446 , 111 , 502 , 295 , 301 , 291 , 330 , 228 , 149 , 156 , 162 , 228 , 136 , 137 , 289 , 419 , 297 , 400 , 113 , 281 , 93 , 136 , 55 , 146 , 156 , 370 , 364 , 0 , 108 , 216 , 45 , 86 , 97 , 52
TypeUtils_ESTest::test30 , 175 , 202 , 404 , 160 , 417 , 198 , 275 , 198 , 309 , 177 , 89 , 93 , 92 , 175 , 50 , 37 , 202 , 350 , 246 , 353 , 151 , 231 , 143 , 48 , 129 , 168 , 189 , 312 , 305 , 108 , 0 , 206 , 126 , 136 , 130 , 118
TypeUtils_ESTest::test31 , 251 , 50 , 429 , 229 , 453 , 274 , 158 , 275 , 200 , 248 , 217 , 212 , 214 , 250 , 208 , 208 , 284 , 291 , 306 , 270 , 223 , 298 , 208 , 208 , 212 , 221 , 229 , 223 , 223 , 216 , 206 , 0 , 211 , 212 , 208 , 210
TypeUtils_ESTest::test32 , 213 , 214 , 455 , 97 , 492 , 271 , 297 , 267 , 336 , 209 , 125 , 124 , 130 , 209 , 105 , 107 , 287 , 427 , 304 , 406 , 126 , 288 , 73 , 109 , 28 , 143 , 161 , 368 , 370 , 45 , 126 , 211 , 0 , 55 , 79 , 35
TypeUtils_ESTest::test33 , 251 , 213 , 484 , 62 , 516 , 296 , 309 , 292 , 352 , 247 , 162 , 142 , 154 , 245 , 122 , 129 , 310 , 454 , 334 , 435 , 165 , 323 , 24 , 126 , 70 , 173 , 202 , 383 , 385 , 86 , 136 , 212 , 55 , 0 , 35 , 74
TypeUtils_ESTest::test34 , 252 , 205 , 479 , 60 , 514 , 296 , 304 , 296 , 349 , 252 , 175 , 150 , 163 , 250 , 130 , 138 , 299 , 448 , 321 , 429 , 165 , 312 , 47 , 134 , 88 , 167 , 202 , 379 , 379 , 97 , 130 , 208 , 79 , 35 , 0 , 55
TypeUtils_ESTest::test35 , 220 , 213 , 448 , 98 , 499 , 283 , 297 , 284 , 335 , 219 , 143 , 147 , 150 , 218 , 128 , 127 , 274 , 421 , 293 , 402 , 120 , 279 , 89 , 128 , 47 , 134 , 158 , 364 , 362 , 52 , 118 , 210 , 35 , 74 , 55 , 0
