: , RegressionTest1::test501 , RegressionTest1::test502 , RegressionTest1::test503 , RegressionTest1::test504 , RegressionTest1::test505 , RegressionTest1::test506 , RegressionTest1::test507 , RegressionTest1::test508 , RegressionTest1::test509 , RegressionTest1::test510 , RegressionTest1::test511 , RegressionTest1::test512 , RegressionTest1::test513 , RegressionTest1::test514 , RegressionTest1::test515 , RegressionTest1::test516 , RegressionTest1::test517 , RegressionTest1::test518 , RegressionTest1::test519 , RegressionTest1::test520 , RegressionTest1::test521 , RegressionTest1::test522 , RegressionTest1::test523 , RegressionTest1::test524 , RegressionTest1::test525 , RegressionTest1::test526 , RegressionTest1::test527 , RegressionTest1::test528 , RegressionTest1::test529 , RegressionTest1::test530 , RegressionTest1::test531 , RegressionTest1::test532 , RegressionTest1::test533 , RegressionTest1::test534 , RegressionTest1::test535 , RegressionTest1::test536 , RegressionTest1::test537 , RegressionTest1::test538 , RegressionTest1::test539 , RegressionTest1::test540 , RegressionTest1::test541 , RegressionTest1::test542 , RegressionTest1::test543 , RegressionTest1::test544 , RegressionTest1::test545 , RegressionTest1::test546 , RegressionTest1::test547 , RegressionTest1::test548 , RegressionTest1::test549 , RegressionTest1::test550 , RegressionTest1::test551 , RegressionTest1::test552 , RegressionTest1::test553 , RegressionTest1::test554 , RegressionTest1::test555 , RegressionTest1::test556 , RegressionTest1::test557 , RegressionTest1::test558 , RegressionTest1::test559 , RegressionTest1::test560 , RegressionTest1::test561 , RegressionTest1::test562 , RegressionTest1::test563 , RegressionTest1::test564 , RegressionTest1::test565 , RegressionTest1::test566 , RegressionTest1::test567 , RegressionTest1::test568 , RegressionTest1::test569 , RegressionTest1::test570 , RegressionTest1::test571 , RegressionTest1::test572 , RegressionTest1::test573 , RegressionTest1::test574 , RegressionTest1::test575 , RegressionTest1::test576 , RegressionTest1::test577 , RegressionTest1::test578 , RegressionTest1::test579 , RegressionTest1::test580 , RegressionTest1::test581 , RegressionTest1::test582 , RegressionTest1::test583 , RegressionTest1::test584 , RegressionTest1::test585 , RegressionTest1::test586 , RegressionTest1::test587 , RegressionTest1::test588 , RegressionTest1::test589 , RegressionTest1::test590 , RegressionTest1::test591 , RegressionTest1::test592 , RegressionTest1::test593 , RegressionTest1::test594 , RegressionTest1::test595 , RegressionTest1::test596 , RegressionTest1::test597 , RegressionTest1::test598 , RegressionTest1::test599 , RegressionTest1::test600 , RegressionTest1::test601 , RegressionTest1::test602 , RegressionTest1::test603 , RegressionTest1::test604 , RegressionTest1::test605 , RegressionTest1::test606 , RegressionTest0::test001 , RegressionTest0::test002 , RegressionTest0::test003 , RegressionTest0::test004 , RegressionTest0::test005 , RegressionTest0::test006 , RegressionTest0::test007 , RegressionTest0::test008 , RegressionTest0::test009 , RegressionTest0::test010 , RegressionTest0::test011 , RegressionTest0::test012 , RegressionTest0::test013 , RegressionTest0::test014 , RegressionTest0::test015 , RegressionTest0::test016 , RegressionTest0::test017 , RegressionTest0::test018 , RegressionTest0::test019 , RegressionTest0::test020 , RegressionTest0::test021 , RegressionTest0::test022 , RegressionTest0::test023 , RegressionTest0::test024 , RegressionTest0::test025 , RegressionTest0::test026 , RegressionTest0::test027 , RegressionTest0::test028 , RegressionTest0::test029 , RegressionTest0::test030 , RegressionTest0::test031 , RegressionTest0::test032 , RegressionTest0::test033 , RegressionTest0::test034 , RegressionTest0::test035 , RegressionTest0::test036 , RegressionTest0::test037 , RegressionTest0::test038 , RegressionTest0::test039 , RegressionTest0::test040 , RegressionTest0::test041 , RegressionTest0::test042 , RegressionTest0::test043 , RegressionTest0::test044 , RegressionTest0::test045 , RegressionTest0::test046 , RegressionTest0::test047 , RegressionTest0::test048 , RegressionTest0::test049 , RegressionTest0::test050 , RegressionTest0::test051 , RegressionTest0::test052 , RegressionTest0::test053 , RegressionTest0::test054 , RegressionTest0::test055 , RegressionTest0::test056 , RegressionTest0::test057 , RegressionTest0::test058 , RegressionTest0::test059 , RegressionTest0::test060 , RegressionTest0::test061 , RegressionTest0::test062 , RegressionTest0::test063 , RegressionTest0::test064 , RegressionTest0::test065 , RegressionTest0::test066 , RegressionTest0::test067 , RegressionTest0::test068 , RegressionTest0::test069 , RegressionTest0::test070 , RegressionTest0::test071 , RegressionTest0::test072 , RegressionTest0::test073 , RegressionTest0::test074 , RegressionTest0::test075 , RegressionTest0::test076 , RegressionTest0::test077 , RegressionTest0::test078 , RegressionTest0::test079 , RegressionTest0::test080 , RegressionTest0::test081 , RegressionTest0::test082 , RegressionTest0::test083 , RegressionTest0::test084 , RegressionTest0::test085 , RegressionTest0::test086 , RegressionTest0::test087 , RegressionTest0::test088 , RegressionTest0::test089 , RegressionTest0::test090 , RegressionTest0::test091 , RegressionTest0::test092 , RegressionTest0::test093 , RegressionTest0::test094 , RegressionTest0::test095 , RegressionTest0::test096 , RegressionTest0::test097 , RegressionTest0::test098 , RegressionTest0::test099 , RegressionTest0::test100 , RegressionTest0::test101 , RegressionTest0::test102 , RegressionTest0::test103 , RegressionTest0::test104 , RegressionTest0::test105 , RegressionTest0::test106 , RegressionTest0::test107 , RegressionTest0::test108 , RegressionTest0::test109 , RegressionTest0::test110 , RegressionTest0::test111 , RegressionTest0::test112 , RegressionTest0::test113 , RegressionTest0::test114 , RegressionTest0::test115 , RegressionTest0::test116 , RegressionTest0::test117 , RegressionTest0::test118 , RegressionTest0::test119 , RegressionTest0::test120 , RegressionTest0::test121 , RegressionTest0::test122 , RegressionTest0::test123 , RegressionTest0::test124 , RegressionTest0::test125 , RegressionTest0::test126 , RegressionTest0::test127 , RegressionTest0::test128 , RegressionTest0::test129 , RegressionTest0::test130 , RegressionTest0::test131 , RegressionTest0::test132 , RegressionTest0::test133 , RegressionTest0::test134 , RegressionTest0::test135 , RegressionTest0::test136 , RegressionTest0::test137 , RegressionTest0::test138 , RegressionTest0::test139 , RegressionTest0::test140 , RegressionTest0::test141 , RegressionTest0::test142 , RegressionTest0::test143 , RegressionTest0::test144 , RegressionTest0::test145 , RegressionTest0::test146 , RegressionTest0::test147 , RegressionTest0::test148 , RegressionTest0::test149 , RegressionTest0::test150 , RegressionTest0::test151 , RegressionTest0::test152 , RegressionTest0::test153 , RegressionTest0::test154 , RegressionTest0::test155 , RegressionTest0::test156 , RegressionTest0::test157 , RegressionTest0::test158 , RegressionTest0::test159 , RegressionTest0::test160 , RegressionTest0::test161 , RegressionTest0::test162 , RegressionTest0::test163 , RegressionTest0::test164 , RegressionTest0::test165 , RegressionTest0::test166 , RegressionTest0::test167 , RegressionTest0::test168 , RegressionTest0::test169 , RegressionTest0::test170 , RegressionTest0::test171 , RegressionTest0::test172 , RegressionTest0::test173 , RegressionTest0::test174 , RegressionTest0::test175 , RegressionTest0::test176 , RegressionTest0::test177 , RegressionTest0::test178 , RegressionTest0::test179 , RegressionTest0::test180 , RegressionTest0::test181 , RegressionTest0::test182 , RegressionTest0::test183 , RegressionTest0::test184 , RegressionTest0::test185 , RegressionTest0::test186 , RegressionTest0::test187 , RegressionTest0::test188 , RegressionTest0::test189 , RegressionTest0::test190 , RegressionTest0::test191 , RegressionTest0::test192 , RegressionTest0::test193 , RegressionTest0::test194 , RegressionTest0::test195 , RegressionTest0::test196 , RegressionTest0::test197 , RegressionTest0::test198 , RegressionTest0::test199 , RegressionTest0::test200 , RegressionTest0::test201 , RegressionTest0::test202 , RegressionTest0::test203 , RegressionTest0::test204 , RegressionTest0::test205 , RegressionTest0::test206 , RegressionTest0::test207 , RegressionTest0::test208 , RegressionTest0::test209 , RegressionTest0::test210 , RegressionTest0::test211 , RegressionTest0::test212 , RegressionTest0::test213 , RegressionTest0::test214 , RegressionTest0::test215 , RegressionTest0::test216 , RegressionTest0::test217 , RegressionTest0::test218 , RegressionTest0::test219 , RegressionTest0::test220 , RegressionTest0::test221 , RegressionTest0::test222 , RegressionTest0::test223 , RegressionTest0::test224 , RegressionTest0::test225 , RegressionTest0::test226 , RegressionTest0::test227 , RegressionTest0::test228 , RegressionTest0::test229 , RegressionTest0::test230 , RegressionTest0::test231 , RegressionTest0::test232 , RegressionTest0::test233 , RegressionTest0::test234 , RegressionTest0::test235 , RegressionTest0::test236 , RegressionTest0::test237 , RegressionTest0::test238 , RegressionTest0::test239 , RegressionTest0::test240 , RegressionTest0::test241 , RegressionTest0::test242 , RegressionTest0::test243 , RegressionTest0::test244 , RegressionTest0::test245 , RegressionTest0::test246 , RegressionTest0::test247 , RegressionTest0::test248 , RegressionTest0::test249 , RegressionTest0::test250 , RegressionTest0::test251 , RegressionTest0::test252 , RegressionTest0::test253 , RegressionTest0::test254 , RegressionTest0::test255 , RegressionTest0::test256 , RegressionTest0::test257 , RegressionTest0::test258 , RegressionTest0::test259 , RegressionTest0::test260 , RegressionTest0::test261 , RegressionTest0::test262 , RegressionTest0::test263 , RegressionTest0::test264 , RegressionTest0::test265 , RegressionTest0::test266 , RegressionTest0::test267 , RegressionTest0::test268 , RegressionTest0::test269 , RegressionTest0::test270 , RegressionTest0::test271 , RegressionTest0::test272 , RegressionTest0::test273 , RegressionTest0::test274 , RegressionTest0::test275 , RegressionTest0::test276 , RegressionTest0::test277 , RegressionTest0::test278 , RegressionTest0::test279 , RegressionTest0::test280 , RegressionTest0::test281 , RegressionTest0::test282 , RegressionTest0::test283 , RegressionTest0::test284 , RegressionTest0::test285 , RegressionTest0::test286 , RegressionTest0::test287 , RegressionTest0::test288 , RegressionTest0::test289 , RegressionTest0::test290 , RegressionTest0::test291 , RegressionTest0::test292 , RegressionTest0::test293 , RegressionTest0::test294 , RegressionTest0::test295 , RegressionTest0::test296 , RegressionTest0::test297 , RegressionTest0::test298 , RegressionTest0::test299 , RegressionTest0::test300 , RegressionTest0::test301 , RegressionTest0::test302 , RegressionTest0::test303 , RegressionTest0::test304 , RegressionTest0::test305 , RegressionTest0::test306 , RegressionTest0::test307 , RegressionTest0::test308 , RegressionTest0::test309 , RegressionTest0::test310 , RegressionTest0::test311 , RegressionTest0::test312 , RegressionTest0::test313 , RegressionTest0::test314 , RegressionTest0::test315 , RegressionTest0::test316 , RegressionTest0::test317 , RegressionTest0::test318 , RegressionTest0::test319 , RegressionTest0::test320 , RegressionTest0::test321 , RegressionTest0::test322 , RegressionTest0::test323 , RegressionTest0::test324 , RegressionTest0::test325 , RegressionTest0::test326 , RegressionTest0::test327 , RegressionTest0::test328 , RegressionTest0::test329 , RegressionTest0::test330 , RegressionTest0::test331 , RegressionTest0::test332 , RegressionTest0::test333 , RegressionTest0::test334 , RegressionTest0::test335 , RegressionTest0::test336 , RegressionTest0::test337 , RegressionTest0::test338 , RegressionTest0::test339 , RegressionTest0::test340 , RegressionTest0::test341 , RegressionTest0::test342 , RegressionTest0::test343 , RegressionTest0::test344 , RegressionTest0::test345 , RegressionTest0::test346 , RegressionTest0::test347 , RegressionTest0::test348 , RegressionTest0::test349 , RegressionTest0::test350 , RegressionTest0::test351 , RegressionTest0::test352 , RegressionTest0::test353 , RegressionTest0::test354 , RegressionTest0::test355 , RegressionTest0::test356 , RegressionTest0::test357 , RegressionTest0::test358 , RegressionTest0::test359 , RegressionTest0::test360 , RegressionTest0::test361 , RegressionTest0::test362 , RegressionTest0::test363 , RegressionTest0::test364 , RegressionTest0::test365 , RegressionTest0::test366 , RegressionTest0::test367 , RegressionTest0::test368 , RegressionTest0::test369 , RegressionTest0::test370 , RegressionTest0::test371 , RegressionTest0::test372 , RegressionTest0::test373 , RegressionTest0::test374 , RegressionTest0::test375 , RegressionTest0::test376 , RegressionTest0::test377 , RegressionTest0::test378 , RegressionTest0::test379 , RegressionTest0::test380 , RegressionTest0::test381 , RegressionTest0::test382 , RegressionTest0::test383 , RegressionTest0::test384 , RegressionTest0::test385 , RegressionTest0::test386 , RegressionTest0::test387 , RegressionTest0::test388 , RegressionTest0::test389 , RegressionTest0::test390 , RegressionTest0::test391 , RegressionTest0::test392 , RegressionTest0::test393 , RegressionTest0::test394 , RegressionTest0::test395 , RegressionTest0::test396 , RegressionTest0::test397 , RegressionTest0::test398 , RegressionTest0::test399 , RegressionTest0::test400 , RegressionTest0::test401 , RegressionTest0::test402 , RegressionTest0::test403 , RegressionTest0::test404 , RegressionTest0::test405 , RegressionTest0::test406 , RegressionTest0::test407 , RegressionTest0::test408 , RegressionTest0::test409 , RegressionTest0::test410 , RegressionTest0::test411 , RegressionTest0::test412 , RegressionTest0::test413 , RegressionTest0::test414 , RegressionTest0::test415 , RegressionTest0::test416 , RegressionTest0::test417 , RegressionTest0::test418 , RegressionTest0::test419 , RegressionTest0::test420 , RegressionTest0::test421 , RegressionTest0::test422 , RegressionTest0::test423 , RegressionTest0::test424 , RegressionTest0::test425 , RegressionTest0::test426 , RegressionTest0::test427 , RegressionTest0::test428 , RegressionTest0::test429 , RegressionTest0::test430 , RegressionTest0::test431 , RegressionTest0::test432 , RegressionTest0::test433 , RegressionTest0::test434 , RegressionTest0::test435 , RegressionTest0::test436 , RegressionTest0::test437 , RegressionTest0::test438 , RegressionTest0::test439 , RegressionTest0::test440 , RegressionTest0::test441 , RegressionTest0::test442 , RegressionTest0::test443 , RegressionTest0::test444 , RegressionTest0::test445 , RegressionTest0::test446 , RegressionTest0::test447 , RegressionTest0::test448 , RegressionTest0::test449 , RegressionTest0::test450 , RegressionTest0::test451 , RegressionTest0::test452 , RegressionTest0::test453 , RegressionTest0::test454 , RegressionTest0::test455 , RegressionTest0::test456 , RegressionTest0::test457 , RegressionTest0::test458 , RegressionTest0::test459 , RegressionTest0::test460 , RegressionTest0::test461 , RegressionTest0::test462 , RegressionTest0::test463 , RegressionTest0::test464 , RegressionTest0::test465 , RegressionTest0::test466 , RegressionTest0::test467 , RegressionTest0::test468 , RegressionTest0::test469 , RegressionTest0::test470 , RegressionTest0::test471 , RegressionTest0::test472 , RegressionTest0::test473 , RegressionTest0::test474 , RegressionTest0::test475 , RegressionTest0::test476 , RegressionTest0::test477 , RegressionTest0::test478 , RegressionTest0::test479 , RegressionTest0::test480 , RegressionTest0::test481 , RegressionTest0::test482 , RegressionTest0::test483 , RegressionTest0::test484 , RegressionTest0::test485 , RegressionTest0::test486 , RegressionTest0::test487 , RegressionTest0::test488 , RegressionTest0::test489 , RegressionTest0::test490 , RegressionTest0::test491 , RegressionTest0::test492 , RegressionTest0::test493 , RegressionTest0::test494 , RegressionTest0::test495 , RegressionTest0::test496 , RegressionTest0::test497 , RegressionTest0::test498 , RegressionTest0::test499 , RegressionTest0::test500
Selector_ESTest::test00 , 0 , 199 , 106 , 229 , 207 , 199 , 80 , 38 , 118 , 72 , 229 , 222 , 114 , 211 , 70 , 85 , 53 , 519 , 71 , 116 , 57 , 93 , 72 , 51 , 50 , 73 , 101 , 164 , 199 , 215
Selector_ESTest::test01 , 199 , 0 , 193 , 74 , 21 , 5 , 197 , 192 , 252 , 203 , 68 , 33 , 194 , 20 , 192 , 204 , 183 , 482 , 212 , 252 , 197 , 213 , 212 , 192 , 181 , 185 , 190 , 222 , 51 , 352
Selector_ESTest::test02 , 106 , 193 , 0 , 218 , 203 , 192 , 113 , 86 , 196 , 93 , 222 , 213 , 51 , 205 , 100 , 114 , 84 , 478 , 124 , 193 , 84 , 112 , 91 , 95 , 82 , 95 , 106 , 167 , 192 , 293
Selector_ESTest::test03 , 229 , 74 , 218 , 0 , 88 , 74 , 232 , 220 , 288 , 231 , 68 , 89 , 226 , 74 , 219 , 231 , 218 , 477 , 244 , 288 , 218 , 235 , 234 , 214 , 218 , 220 , 217 , 235 , 72 , 388
Selector_ESTest::test04 , 207 , 21 , 203 , 88 , 0 , 19 , 181 , 206 , 249 , 192 , 63 , 22 , 205 , 36 , 202 , 190 , 199 , 467 , 217 , 250 , 203 , 199 , 196 , 202 , 196 , 192 , 201 , 237 , 67 , 344
Selector_ESTest::test05 , 199 , 5 , 192 , 74 , 19 , 0 , 197 , 192 , 252 , 203 , 69 , 33 , 194 , 20 , 192 , 203 , 183 , 482 , 212 , 252 , 197 , 214 , 212 , 192 , 181 , 184 , 191 , 221 , 51 , 352
Selector_ESTest::test06 , 80 , 197 , 113 , 232 , 181 , 197 , 0 , 89 , 118 , 37 , 205 , 200 , 95 , 214 , 36 , 18 , 41 , 500 , 93 , 118 , 60 , 38 , 54 , 38 , 40 , 94 , 125 , 195 , 198 , 209
Selector_ESTest::test07 , 38 , 192 , 86 , 220 , 206 , 192 , 89 , 0 , 147 , 74 , 221 , 216 , 89 , 204 , 74 , 90 , 60 , 504 , 97 , 146 , 60 , 94 , 70 , 61 , 58 , 75 , 97 , 150 , 191 , 245
Selector_ESTest::test08 , 118 , 252 , 196 , 288 , 249 , 252 , 118 , 147 , 0 , 133 , 272 , 268 , 191 , 269 , 133 , 128 , 123 , 598 , 98 , 16 , 138 , 149 , 151 , 132 , 121 , 154 , 189 , 265 , 251 , 111
Selector_ESTest::test09 , 72 , 203 , 93 , 231 , 192 , 203 , 37 , 74 , 133 , 0 , 204 , 199 , 104 , 213 , 53 , 38 , 35 , 496 , 91 , 130 , 44 , 50 , 40 , 58 , 33 , 86 , 116 , 181 , 202 , 223
Selector_ESTest::test10 , 229 , 68 , 222 , 68 , 63 , 69 , 205 , 221 , 272 , 204 , 0 , 60 , 223 , 73 , 212 , 202 , 207 , 487 , 241 , 271 , 219 , 205 , 210 , 220 , 212 , 213 , 212 , 240 , 62 , 366
Selector_ESTest::test11 , 222 , 33 , 213 , 89 , 22 , 33 , 200 , 216 , 268 , 199 , 60 , 0 , 214 , 29 , 213 , 199 , 206 , 478 , 227 , 267 , 215 , 209 , 209 , 216 , 208 , 206 , 209 , 239 , 75 , 362
Selector_ESTest::test12 , 114 , 194 , 51 , 226 , 205 , 194 , 95 , 89 , 191 , 104 , 223 , 214 , 0 , 197 , 79 , 93 , 91 , 484 , 121 , 188 , 92 , 94 , 95 , 73 , 90 , 107 , 119 , 184 , 191 , 289
Selector_ESTest::test13 , 211 , 20 , 205 , 74 , 36 , 20 , 214 , 204 , 269 , 213 , 73 , 29 , 197 , 0 , 197 , 213 , 194 , 482 , 224 , 267 , 201 , 222 , 219 , 198 , 197 , 199 , 200 , 226 , 61 , 368
Selector_ESTest::test14 , 70 , 192 , 100 , 219 , 202 , 192 , 36 , 74 , 133 , 53 , 212 , 213 , 79 , 197 , 0 , 35 , 33 , 497 , 75 , 130 , 42 , 45 , 62 , 28 , 33 , 83 , 116 , 184 , 184 , 229
Selector_ESTest::test15 , 85 , 204 , 114 , 231 , 190 , 203 , 18 , 90 , 128 , 38 , 202 , 199 , 93 , 213 , 35 , 0 , 44 , 501 , 93 , 125 , 60 , 38 , 56 , 42 , 46 , 99 , 129 , 196 , 200 , 219
Selector_ESTest::test16 , 53 , 183 , 84 , 218 , 199 , 183 , 41 , 60 , 123 , 35 , 207 , 206 , 91 , 194 , 33 , 44 , 0 , 491 , 72 , 119 , 30 , 56 , 47 , 37 , 12 , 67 , 100 , 170 , 181 , 219
Selector_ESTest::test17 , 519 , 482 , 478 , 477 , 467 , 482 , 500 , 504 , 598 , 496 , 487 , 478 , 484 , 482 , 497 , 501 , 491 , 0 , 504 , 590 , 488 , 505 , 498 , 501 , 493 , 474 , 457 , 460 , 482 , 701
Selector_ESTest::test18 , 71 , 212 , 124 , 244 , 217 , 212 , 93 , 97 , 98 , 91 , 241 , 227 , 121 , 224 , 75 , 93 , 72 , 504 , 0 , 97 , 71 , 97 , 95 , 77 , 75 , 98 , 130 , 197 , 212 , 197
Selector_ESTest::test19 , 116 , 252 , 193 , 288 , 250 , 252 , 118 , 146 , 16 , 130 , 271 , 267 , 188 , 267 , 130 , 125 , 119 , 590 , 97 , 0 , 138 , 147 , 150 , 132 , 120 , 153 , 188 , 264 , 249 , 111
Selector_ESTest::test20 , 57 , 197 , 84 , 218 , 203 , 197 , 60 , 60 , 138 , 44 , 219 , 215 , 92 , 201 , 42 , 60 , 30 , 488 , 71 , 138 , 0 , 59 , 50 , 44 , 29 , 74 , 104 , 167 , 194 , 237
Selector_ESTest::test21 , 93 , 213 , 112 , 235 , 199 , 214 , 38 , 94 , 149 , 50 , 205 , 209 , 94 , 222 , 45 , 38 , 56 , 505 , 97 , 147 , 59 , 0 , 53 , 53 , 57 , 105 , 136 , 197 , 209 , 239
Selector_ESTest::test22 , 72 , 212 , 91 , 234 , 196 , 212 , 54 , 70 , 151 , 40 , 210 , 209 , 95 , 219 , 62 , 56 , 47 , 498 , 95 , 150 , 50 , 53 , 0 , 59 , 44 , 92 , 119 , 149 , 209 , 241
Selector_ESTest::test23 , 51 , 192 , 95 , 214 , 202 , 192 , 38 , 61 , 132 , 58 , 220 , 216 , 73 , 198 , 28 , 42 , 37 , 501 , 77 , 132 , 44 , 53 , 59 , 0 , 32 , 78 , 110 , 171 , 187 , 229
Selector_ESTest::test24 , 50 , 181 , 82 , 218 , 196 , 181 , 40 , 58 , 121 , 33 , 212 , 208 , 90 , 197 , 33 , 46 , 12 , 493 , 75 , 120 , 29 , 57 , 44 , 32 , 0 , 62 , 93 , 165 , 172 , 217
Selector_ESTest::test25 , 73 , 185 , 95 , 220 , 192 , 184 , 94 , 75 , 154 , 86 , 213 , 206 , 107 , 199 , 83 , 99 , 67 , 474 , 98 , 153 , 74 , 105 , 92 , 78 , 62 , 0 , 42 , 121 , 181 , 251
Selector_ESTest::test26 , 101 , 190 , 106 , 217 , 201 , 191 , 125 , 97 , 189 , 116 , 212 , 209 , 119 , 200 , 116 , 129 , 100 , 457 , 130 , 188 , 104 , 136 , 119 , 110 , 93 , 42 , 0 , 114 , 181 , 286
Selector_ESTest::test27 , 164 , 222 , 167 , 235 , 237 , 221 , 195 , 150 , 265 , 181 , 240 , 239 , 184 , 226 , 184 , 196 , 170 , 460 , 197 , 264 , 167 , 197 , 149 , 171 , 165 , 121 , 114 , 0 , 217 , 363
Selector_ESTest::test28 , 199 , 51 , 192 , 72 , 67 , 51 , 198 , 191 , 251 , 202 , 62 , 75 , 191 , 61 , 184 , 200 , 181 , 482 , 212 , 249 , 194 , 209 , 209 , 187 , 172 , 181 , 181 , 217 , 0 , 350
Selector_ESTest::test29 , 215 , 352 , 293 , 388 , 344 , 352 , 209 , 245 , 111 , 223 , 366 , 362 , 289 , 368 , 229 , 219 , 219 , 701 , 197 , 111 , 237 , 239 , 241 , 229 , 217 , 251 , 286 , 363 , 350 , 0
