: , RegressionTest0::test01 , RegressionTest0::test02 , RegressionTest0::test03 , RegressionTest0::test04 , RegressionTest0::test05 , RegressionTest0::test06 , RegressionTest0::test07 , RegressionTest0::test08 , RegressionTest0::test09 , RegressionTest0::test10 , RegressionTest0::test11 , RegressionTest0::test12 , RegressionTest0::test13 , RegressionTest0::test14 , RegressionTest0::test15 , RegressionTest0::test16 , RegressionTest0::test17 , RegressionTest0::test18 , RegressionTest0::test19 , RegressionTest0::test20 , RegressionTest0::test21 , RegressionTest0::test22 , RegressionTest0::test23 , RegressionTest0::test24 , RegressionTest0::test25 , RegressionTest0::test26 , RegressionTest0::test27 , RegressionTest0::test28 , RegressionTest0::test29 , RegressionTest0::test30 , RegressionTest0::test31 , RegressionTest0::test32 , RegressionTest0::test33 , RegressionTest0::test34 , RegressionTest0::test35 , RegressionTest0::test36 , RegressionTest0::test37 , RegressionTest0::test38 , RegressionTest0::test39 , RegressionTest0::test40 , RegressionTest0::test41 , RegressionTest0::test42 , RegressionTest0::test43 , RegressionTest0::test44 , RegressionTest0::test45 , RegressionTest0::test46 , RegressionTest0::test47 , RegressionTest0::test48 , RegressionTest0::test49 , RegressionTest0::test50 , RegressionTest0::test51 , RegressionTest0::test52 , RegressionTest0::test53 , RegressionTest0::test54 , RegressionTest0::test55 , RegressionTest0::test56 , RegressionTest0::test57 , RegressionTest0::test58 , RegressionTest0::test59 , RegressionTest0::test60 , RegressionTest0::test61 , RegressionTest0::test62 , RegressionTest0::test63 , RegressionTest0::test64 , RegressionTest0::test65 , RegressionTest0::test66 , RegressionTest0::test67 , RegressionTest0::test68 , RegressionTest0::test69 , RegressionTest0::test70 , RegressionTest0::test71 , RegressionTest0::test72 , RegressionTest0::test73 , RegressionTest0::test74 , RegressionTest0::test75 , RegressionTest0::test76 , RegressionTest0::test77 , RegressionTest0::test78 , RegressionTest0::test79 , RegressionTest0::test80 , RegressionTest0::test81 , RegressionTest0::test82 , RegressionTest0::test83 , RegressionTest0::test84 , RegressionTest0::test85 , RegressionTest0::test86
DataUtil_ESTest::test00 , 0 , 199 , 132 , 174 , 292 , 292 , 134 , 272 , 218 , 211 , 189 , 191
DataUtil_ESTest::test01 , 199 , 0 , 249 , 281 , 178 , 178 , 243 , 286 , 197 , 102 , 104 , 108
DataUtil_ESTest::test02 , 132 , 249 , 0 , 169 , 360 , 360 , 145 , 289 , 254 , 272 , 260 , 259
DataUtil_ESTest::test03 , 174 , 281 , 169 , 0 , 404 , 404 , 150 , 305 , 286 , 314 , 297 , 294
DataUtil_ESTest::test04 , 292 , 178 , 360 , 404 , 0 , 0 , 370 , 412 , 306 , 116 , 149 , 146
DataUtil_ESTest::test05 , 292 , 178 , 360 , 404 , 0 , 0 , 370 , 412 , 306 , 116 , 149 , 146
DataUtil_ESTest::test06 , 134 , 243 , 145 , 150 , 370 , 370 , 0 , 252 , 241 , 278 , 262 , 260
DataUtil_ESTest::test07 , 272 , 286 , 289 , 305 , 412 , 412 , 252 , 0 , 114 , 323 , 296 , 299
DataUtil_ESTest::test08 , 218 , 197 , 254 , 286 , 306 , 306 , 241 , 114 , 0 , 222 , 201 , 202
DataUtil_ESTest::test09 , 211 , 102 , 272 , 314 , 116 , 116 , 278 , 323 , 222 , 0 , 45 , 41
DataUtil_ESTest::test10 , 189 , 104 , 260 , 297 , 149 , 149 , 262 , 296 , 201 , 45 , 0 , 14
DataUtil_ESTest::test11 , 191 , 108 , 259 , 294 , 146 , 146 , 260 , 299 , 202 , 41 , 14 , 0
