:,SparseRealVectorTest::testBasicFunctions,SparseRealVectorTest::testConcurrentModification,SparseRealVectorTest::testConstructors,SparseRealVectorTest::testDataInOut,SparseRealVectorTest::testMapFunctions,SparseRealVectorTest::testMisc,SparseRealVectorTest::testOuterProduct,SparseRealVectorTest::testPredicates,SparseRealVectorTest::testSerial,
SparseRealVectorTest::testBasicFunctions ,0,112,116,113,719,127,98,82,118,
SparseRealVectorTest::testConcurrentModification ,112,0,33,40,825,21,24,54,15,
SparseRealVectorTest::testConstructors ,116,33,0,34,825,40,35,58,36,
SparseRealVectorTest::testDataInOut ,113,40,34,0,812,48,47,61,45,
SparseRealVectorTest::testMapFunctions ,719,825,825,812,0,846,813,781,835,
SparseRealVectorTest::testMisc ,127,21,40,48,846,0,33,69,12,
SparseRealVectorTest::testOuterProduct ,98,24,35,47,813,33,0,46,24,
SparseRealVectorTest::testPredicates ,82,54,58,61,781,69,46,0,58,
SparseRealVectorTest::testSerial ,118,15,36,45,835,12,24,58,0,
