:,EigenDecompositionImplTest::testAEqualVDVt,EigenDecompositionImplTest::testBigMatrix,EigenDecompositionImplTest::testDiagonal,EigenDecompositionImplTest::testDimension1,EigenDecompositionImplTest::testDimension2,EigenDecompositionImplTest::testDimension3,EigenDecompositionImplTest::testDimension4WithSplit,EigenDecompositionImplTest::testDimension4WithoutSplit,EigenDecompositionImplTest::testDimensions,EigenDecompositionImplTest::testDistinctEigenvalues,EigenDecompositionImplTest::testEigenvalues,EigenDecompositionImplTest::testEigenvectors,EigenDecompositionImplTest::testMath308,EigenDecompositionImplTest::testMathpbx02,EigenDecompositionImplTest::testRepeatedEigenvalue,EigenDecompositionImplTest::testTridiagonal,EigenDecompositionImplTest::testVOrthogonal,EigenDecompositionImplTest::testZeroDivide,
EigenDecompositionImplTest::testAEqualVDVt ,0,21,29,11,27,49,85,78,1,101,6,1,167,297,71,26,0,113,
EigenDecompositionImplTest::testBigMatrix ,21,0,22,18,22,42,79,71,21,94,15,20,159,289,65,7,21,106,
EigenDecompositionImplTest::testDiagonal ,29,22,0,23,20,31,64,56,29,80,24,28,145,275,52,23,29,92,
EigenDecompositionImplTest::testDimension1 ,11,18,23,0,17,38,75,67,11,91,10,10,157,287,61,22,11,103,
EigenDecompositionImplTest::testDimension2 ,27,22,20,17,0,24,60,52,27,76,26,26,141,271,47,24,27,88,
EigenDecompositionImplTest::testDimension3 ,49,42,31,38,24,0,40,32,49,53,48,48,120,249,23,41,49,65,
EigenDecompositionImplTest::testDimension4WithSplit ,85,79,64,75,60,40,0,8,86,49,85,84,99,224,31,77,85,58,
EigenDecompositionImplTest::testDimension4WithoutSplit ,78,71,56,67,52,32,8,0,78,46,77,77,93,221,24,69,78,57,
EigenDecompositionImplTest::testDimensions ,1,21,29,11,27,49,86,78,0,102,6,2,168,298,72,26,1,114,
EigenDecompositionImplTest::testDistinctEigenvalues ,101,94,80,91,76,53,49,46,102,0,101,100,90,211,32,92,101,19,
EigenDecompositionImplTest::testEigenvalues ,6,15,24,10,26,48,85,77,6,101,0,5,164,294,71,20,6,113,
EigenDecompositionImplTest::testEigenvectors ,1,20,28,10,26,48,84,77,2,100,5,0,166,296,70,25,1,112,
EigenDecompositionImplTest::testMath308 ,167,159,145,157,141,120,99,93,168,90,164,166,0,135,102,156,167,95,
EigenDecompositionImplTest::testMathpbx02 ,297,289,275,287,271,249,224,221,298,211,294,296,135,0,231,285,297,215,
EigenDecompositionImplTest::testRepeatedEigenvalue ,71,65,52,61,47,23,31,24,72,32,71,70,102,231,0,63,71,43,
EigenDecompositionImplTest::testTridiagonal ,26,7,23,22,24,41,77,69,26,92,20,25,156,285,63,0,26,104,
EigenDecompositionImplTest::testVOrthogonal ,0,21,29,11,27,49,85,78,1,101,6,1,167,297,71,26,0,113,
EigenDecompositionImplTest::testZeroDivide ,113,106,92,103,88,65,58,57,114,19,113,112,95,215,43,104,113,0,
