:,PearsonsCorrelationTest::testConsistency,PearsonsCorrelationTest::testConstant,PearsonsCorrelationTest::testCovarianceConsistency,PearsonsCorrelationTest::testInsufficientData,PearsonsCorrelationTest::testLongly,PearsonsCorrelationTest::testPValueNearZero,PearsonsCorrelationTest::testStdErrorConsistency,PearsonsCorrelationTest::testSwissFertility,
PearsonsCorrelationTest::testConsistency ,0,29,5,31,284,19,9,139,
PearsonsCorrelationTest::testConstant ,29,0,31,22,263,29,33,119,
PearsonsCorrelationTest::testCovarianceConsistency ,5,31,0,34,285,23,10,139,
PearsonsCorrelationTest::testInsufficientData ,31,22,34,0,271,32,34,126,
PearsonsCorrelationTest::testLongly ,284,263,285,271,0,284,288,159,
PearsonsCorrelationTest::testPValueNearZero ,19,29,23,32,284,0,23,139,
PearsonsCorrelationTest::testStdErrorConsistency ,9,33,10,34,288,23,0,143,
PearsonsCorrelationTest::testSwissFertility ,139,119,139,126,159,139,143,0,
