:,BaseSecantSolverAbstractTest::testBadEndpoints,BaseSecantSolverAbstractTest::testQuinticZero,BaseSecantSolverAbstractTest::testRootEndpoints,BaseSecantSolverAbstractTest::testSinZero,BaseSecantSolverAbstractTest::testSolutionAboveSide,BaseSecantSolverAbstractTest::testSolutionBelowSide,BaseSecantSolverAbstractTest::testSolutionLeftSide,BaseSecantSolverAbstractTest::testSolutionRightSide,RegulaFalsiSolverTest::testIssue631,
BaseSecantSolverAbstractTest::testBadEndpoints ,0,192,8,8,10,10,10,10,11,
BaseSecantSolverAbstractTest::testQuinticZero ,192,0,193,187,193,193,193,193,196,
BaseSecantSolverAbstractTest::testRootEndpoints ,8,193,0,8,9,9,9,9,12,
BaseSecantSolverAbstractTest::testSinZero ,8,187,8,0,10,10,10,10,12,
BaseSecantSolverAbstractTest::testSolutionAboveSide ,10,193,9,10,0,1,1,0,11,
BaseSecantSolverAbstractTest::testSolutionBelowSide ,10,193,9,10,1,0,0,1,11,
BaseSecantSolverAbstractTest::testSolutionLeftSide ,10,193,9,10,1,0,0,1,11,
BaseSecantSolverAbstractTest::testSolutionRightSide ,10,193,9,10,0,1,1,0,11,
RegulaFalsiSolverTest::testIssue631 ,11,196,12,12,11,11,11,11,0,
