:,RegressionTest0::test1,RegressionTest0::test2,RegressionTest0::test3,RegressionTest0::test4,RegressionTest0::test5,RegressionTest0::test6,RegressionTest0::test7,RegressionTest0::test8,RegressionTest0::test9,
RegressionTest0::test1 ,0,19,25,17,20,63,33,18,42,
RegressionTest0::test2 ,19,0,39,29,34,58,34,32,41,
RegressionTest0::test3 ,25,39,0,20,5,82,49,7,62,
RegressionTest0::test4 ,17,29,20,0,16,63,29,15,42,
RegressionTest0::test5 ,20,34,5,16,0,78,45,2,58,
RegressionTest0::test6 ,63,58,82,63,78,0,35,76,25,
RegressionTest0::test7 ,33,34,49,29,45,35,0,43,15,
RegressionTest0::test8 ,18,32,7,15,2,76,43,0,56,
RegressionTest0::test9 ,42,41,62,42,58,25,15,56,0,
