:,CholeskyDecompositionTest::testAEqualLLT,CholeskyDecompositionTest::testDimensions,CholeskyDecompositionTest::testLLowerTriangular,CholeskyDecompositionTest::testLTTransposed,CholeskyDecompositionTest::testMath274,CholeskyDecompositionTest::testMatricesValues,CholeskyDecompositionTest::testNonSquare,CholeskyDecompositionTest::testNotPositiveDefinite,CholeskyDecompositionTest::testNotSymmetricMatrixException,RectangularCholeskyDecompositionTest::testDecomposition3x3,RectangularCholeskyDecompositionTest::testFullRank,RectangularCholeskyDecompositionTest::testMath789,
CholeskyDecompositionTest::testAEqualLLT ,0,12,4,0,74,122,3,107,12,54,82,307,
CholeskyDecompositionTest::testDimensions ,12,0,12,12,74,123,12,107,12,55,83,308,
CholeskyDecompositionTest::testLLowerTriangular ,4,12,0,4,72,119,5,105,11,51,79,304,
CholeskyDecompositionTest::testLTTransposed ,0,12,4,0,74,122,3,107,12,54,82,307,
CholeskyDecompositionTest::testMath274 ,74,74,72,74,0,56,71,37,69,31,12,235,
CholeskyDecompositionTest::testMatricesValues ,122,123,119,122,56,0,121,19,119,75,45,194,
CholeskyDecompositionTest::testNonSquare ,3,12,5,3,71,121,0,104,12,53,81,306,
CholeskyDecompositionTest::testNotPositiveDefinite ,107,107,105,107,37,19,104,0,102,62,41,202,
CholeskyDecompositionTest::testNotSymmetricMatrixException ,12,12,11,12,69,119,12,102,0,51,79,304,
RectangularCholeskyDecompositionTest::testDecomposition3x3 ,54,55,51,54,31,75,53,62,51,0,39,254,
RectangularCholeskyDecompositionTest::testFullRank ,82,83,79,82,12,45,81,41,79,39,0,229,
RectangularCholeskyDecompositionTest::testMath789 ,307,308,304,307,235,194,306,202,304,254,229,0,
