:,RegressionTest0::test01,RegressionTest0::test02,RegressionTest0::test03,RegressionTest0::test04,RegressionTest0::test05,RegressionTest0::test06,RegressionTest0::test07,RegressionTest0::test08,RegressionTest0::test09,RegressionTest0::test10,RegressionTest0::test11,
RegressionTest0::test01 ,0,97,44,12,26,252,102,17,41,123,48,
RegressionTest0::test02 ,97,0,53,89,71,156,6,88,82,27,81,
RegressionTest0::test03 ,44,53,0,39,20,208,58,39,40,79,44,
RegressionTest0::test04 ,12,89,39,0,21,245,95,6,30,111,37,
RegressionTest0::test05 ,26,71,20,21,0,226,76,21,33,97,39,
RegressionTest0::test06 ,252,156,208,245,226,0,150,244,231,146,228,
RegressionTest0::test07 ,102,6,58,95,76,150,0,94,87,33,86,
RegressionTest0::test08 ,17,88,39,6,21,244,94,0,27,108,34,
RegressionTest0::test09 ,41,82,40,30,33,231,87,27,0,90,7,
RegressionTest0::test10 ,123,27,79,111,97,146,33,108,90,0,88,
RegressionTest0::test11 ,48,81,44,37,39,228,86,34,7,88,0,
