:,CMAESOptimizer_ESTest::test00,CMAESOptimizer_ESTest::test01,CMAESOptimizer_ESTest::test02,CMAESOptimizer_ESTest::test03,CMAESOptimizer_ESTest::test04,CMAESOptimizer_ESTest::test05,CMAESOptimizer_ESTest::test06,CMAESOptimizer_ESTest::test07,CMAESOptimizer_ESTest::test08,CMAESOptimizer_ESTest::test09,CMAESOptimizer_ESTest::test10,CMAESOptimizer_ESTest::test11,CMAESOptimizer_ESTest::test12,CMAESOptimizer_ESTest::test13,CMAESOptimizer_ESTest::test14,CMAESOptimizer_ESTest::test15,
CMAESOptimizer_ESTest::test00 ,0,21,19,21,22,21,17,27,4,12,28,17,22,6,26,4,
CMAESOptimizer_ESTest::test01 ,21,0,6,1,4,1,34,44,21,27,35,33,36,22,43,22,
CMAESOptimizer_ESTest::test02 ,19,6,0,6,7,6,31,40,19,25,32,30,33,20,39,20,
CMAESOptimizer_ESTest::test03 ,21,1,6,0,4,1,34,44,21,27,35,32,36,22,43,21,
CMAESOptimizer_ESTest::test04 ,22,4,7,4,0,4,35,45,21,28,36,34,37,22,44,23,
CMAESOptimizer_ESTest::test05 ,21,1,6,1,4,0,34,44,21,27,35,32,36,22,43,22,
CMAESOptimizer_ESTest::test06 ,17,34,31,34,35,34,0,26,16,16,25,13,8,17,25,19,
CMAESOptimizer_ESTest::test07 ,27,44,40,44,45,44,26,0,27,28,27,24,29,29,11,27,
CMAESOptimizer_ESTest::test08 ,4,21,19,21,21,21,16,27,0,11,28,18,21,5,26,6,
CMAESOptimizer_ESTest::test09 ,12,27,25,27,28,27,16,28,11,0,26,20,15,14,27,11,
CMAESOptimizer_ESTest::test10 ,28,35,32,35,36,35,25,27,28,26,0,21,27,29,27,27,
CMAESOptimizer_ESTest::test11 ,17,33,30,32,34,32,13,24,18,20,21,0,15,21,23,18,
CMAESOptimizer_ESTest::test12 ,22,36,33,36,37,36,8,29,21,15,27,15,0,24,28,21,
CMAESOptimizer_ESTest::test13 ,6,22,20,22,22,22,17,29,5,14,29,21,24,0,28,8,
CMAESOptimizer_ESTest::test14 ,26,43,39,43,44,43,25,11,26,27,27,23,28,28,0,26,
CMAESOptimizer_ESTest::test15 ,4,22,20,21,23,22,19,27,6,11,27,18,21,8,26,0,
