:,GaussianFitterTest::testFit01,GaussianFitterTest::testFit02,GaussianFitterTest::testFit03,GaussianFitterTest::testFit04,GaussianFitterTest::testFit05,GaussianFitterTest::testFit06,GaussianFitterTest::testFit07,GaussianFitterTest::testMath519,
GaussianFitterTest::testFit01 ,0,6,23,0,0,0,0,108,
GaussianFitterTest::testFit02 ,6,0,25,6,6,6,6,114,
GaussianFitterTest::testFit03 ,23,25,0,23,23,23,23,102,
GaussianFitterTest::testFit04 ,0,6,23,0,0,0,0,108,
GaussianFitterTest::testFit05 ,0,6,23,0,0,0,0,108,
GaussianFitterTest::testFit06 ,0,6,23,0,0,0,0,108,
GaussianFitterTest::testFit07 ,0,6,23,0,0,0,0,108,
GaussianFitterTest::testMath519 ,108,114,102,108,108,108,108,0,
