:,NumericEntityUnescaper_ESTest::test0,NumericEntityUnescaper_ESTest::test1,NumericEntityUnescaper_ESTest::test2,NumericEntityUnescaper_ESTest::test3,NumericEntityUnescaper_ESTest::test4,NumericEntityUnescaper_ESTest::test5,NumericEntityUnescaper_ESTest::test6,NumericEntityUnescaper_ESTest::test7,NumericEntityUnescaper_ESTest::test8,NumericEntityUnescaper_ESTest::test9,
NumericEntityUnescaper_ESTest::test0 ,0,5,12,12,30,23,12,12,11,12,
NumericEntityUnescaper_ESTest::test1 ,5,0,10,10,29,25,9,9,11,16,
NumericEntityUnescaper_ESTest::test2 ,12,10,0,6,23,19,3,3,5,10,
NumericEntityUnescaper_ESTest::test3 ,12,10,6,0,22,19,4,5,3,7,
NumericEntityUnescaper_ESTest::test4 ,30,29,23,22,0,12,23,24,22,21,
NumericEntityUnescaper_ESTest::test5 ,23,25,19,19,12,0,20,20,18,14,
NumericEntityUnescaper_ESTest::test6 ,12,9,3,4,23,20,0,2,6,11,
NumericEntityUnescaper_ESTest::test7 ,12,9,3,5,24,20,2,0,5,11,
NumericEntityUnescaper_ESTest::test8 ,11,11,5,3,22,18,6,5,0,7,
NumericEntityUnescaper_ESTest::test9 ,12,16,10,7,21,14,11,11,7,0,
