:,TypeUtilsTest::testDetermineTypeVariableAssignments,TypeUtilsTest::testGetArrayComponentType,TypeUtilsTest::testGetPrimitiveArrayComponentType,TypeUtilsTest::testGetRawType,TypeUtilsTest::testGetTypeArguments,TypeUtilsTest::testIsArrayGenericTypes,TypeUtilsTest::testIsArrayTypeClasses,TypeUtilsTest::testTypesSatisfyVariables,
TypeUtilsTest::testDetermineTypeVariableAssignments ,0,99,4,6,22,85,4,9,
TypeUtilsTest::testGetArrayComponentType ,99,0,103,98,88,15,103,96,
TypeUtilsTest::testGetPrimitiveArrayComponentType ,4,103,0,10,26,88,0,13,
TypeUtilsTest::testGetRawType ,6,98,10,0,20,84,10,8,
TypeUtilsTest::testGetTypeArguments ,22,88,26,20,0,75,26,16,
TypeUtilsTest::testIsArrayGenericTypes ,85,15,88,84,75,0,88,82,
TypeUtilsTest::testIsArrayTypeClasses ,4,103,0,10,26,88,0,13,
TypeUtilsTest::testTypesSatisfyVariables ,9,96,13,8,16,82,13,0,
