:,ExtendedMessageFormatTest::testBuiltInChoiceFormat,ExtendedMessageFormatTest::testBuiltInDateTimeFormat,ExtendedMessageFormatTest::testBuiltInNumberFormat,ExtendedMessageFormatTest::testEqualsHashcode,ExtendedMessageFormatTest::testEscapedQuote_LANG_477,ExtendedMessageFormatTest::testExtendedAndBuiltInFormats,ExtendedMessageFormatTest::testExtendedFormats,ExtendedMessageFormatTest::testOverriddenBuiltinFormat,
ExtendedMessageFormatTest::testBuiltInChoiceFormat ,0,28,28,21,28,32,23,25,
ExtendedMessageFormatTest::testBuiltInDateTimeFormat ,28,0,11,20,10,36,31,11,
ExtendedMessageFormatTest::testBuiltInNumberFormat ,28,11,0,20,2,45,31,12,
ExtendedMessageFormatTest::testEqualsHashcode ,21,20,20,0,20,40,21,19,
ExtendedMessageFormatTest::testEscapedQuote_LANG_477 ,28,10,2,20,0,45,31,12,
ExtendedMessageFormatTest::testExtendedAndBuiltInFormats ,32,36,45,40,45,0,36,36,
ExtendedMessageFormatTest::testExtendedFormats ,23,31,31,21,31,36,0,29,
ExtendedMessageFormatTest::testOverriddenBuiltinFormat ,25,11,12,19,12,36,29,0,
