: , RegressionTest0::test01 , RegressionTest0::test02 , RegressionTest0::test03 , RegressionTest0::test04 , RegressionTest0::test05 , RegressionTest0::test06 , RegressionTest0::test07 , RegressionTest0::test08 , RegressionTest0::test09 , RegressionTest0::test10 , RegressionTest0::test11 , RegressionTest0::test12 , RegressionTest0::test13 , RegressionTest0::test14 , RegressionTest0::test15 , RegressionTest0::test16 , RegressionTest0::test17 , RegressionTest0::test18 , RegressionTest0::test19 , RegressionTest0::test20 , RegressionTest0::test21 , RegressionTest0::test22 , RegressionTest0::test23 , RegressionTest0::test24 , RegressionTest0::test25 , RegressionTest0::test26 , RegressionTest0::test27 , RegressionTest0::test28 , RegressionTest0::test29 , RegressionTest0::test30 , RegressionTest0::test31 , RegressionTest0::test32 , RegressionTest0::test33 , RegressionTest0::test34 , RegressionTest0::test35 , RegressionTest0::test36 , RegressionTest0::test37 , RegressionTest0::test38 , RegressionTest0::test39 , RegressionTest0::test40 , RegressionTest0::test41 , RegressionTest0::test42 , RegressionTest0::test43 , RegressionTest0::test44 , RegressionTest0::test45 , RegressionTest0::test46 , RegressionTest0::test47 , RegressionTest0::test48 , RegressionTest0::test49 , RegressionTest0::test50 , RegressionTest0::test51 , RegressionTest0::test52 , RegressionTest0::test53 , RegressionTest0::test54 , RegressionTest0::test55 , RegressionTest0::test56 , RegressionTest0::test57 , RegressionTest0::test58 , RegressionTest0::test59 , RegressionTest0::test60 , RegressionTest0::test61 , RegressionTest0::test62 , RegressionTest0::test63 , RegressionTest0::test64 , RegressionTest0::test65 , RegressionTest0::test66 , RegressionTest0::test67 , RegressionTest0::test68 , RegressionTest0::test69 , RegressionTest0::test70 , RegressionTest0::test71 , RegressionTest0::test72 , RegressionTest0::test73 , RegressionTest0::test74 , RegressionTest0::test75 , RegressionTest0::test76 , RegressionTest0::test77 , RegressionTest0::test78 , RegressionTest0::test79 , RegressionTest0::test80 , RegressionTest0::test81 , RegressionTest0::test82 , RegressionTest0::test83 , RegressionTest0::test84 , RegressionTest0::test85 , RegressionTest0::test86 , RegressionTest0::test87 , RegressionTest0::test88 , RegressionTest0::test89 , RegressionTest0::test90 , RegressionTest0::test91 , RegressionTest0::test92 , RegressionTest0::test93 , RegressionTest0::test94 , RegressionTest0::test95
RegressionTest0::test01 , 0 , 617 , 996 , 524 , 4707 , 4598 , 1015 , 4091 , 4261 , 948 , 4411 , 2226 , 5216 , 2012 , 5604 , 3706 , 1376 , 6523 , 699 , 609 , 3426 , 5436 , 604 , 1137 , 6259 , 1399 , 4285 , 6445 , 3463 , 4029 , 5274 , 1156 , 5519 , 4542 , 5983 , 1186 , 3952 , 1199 , 1380 , 4888 , 5500 , 4101 , 4664 , 4764 , 1416 , 3919 , 1030 , 5074 , 1333 , 3367 , 1417 , 5774 , 3936 , 5903 , 1362 , 4745 , 3746 , 763 , 4292 , 2918 , 1376 , 1743 , 4130 , 1797 , 5478 , 3868 , 5948 , 4639 , 6107 , 1842 , 4830 , 1271 , 1307 , 1401 , 1337 , 4124 , 1315 , 868 , 5324 , 941 , 680 , 5790 , 1362 , 1408 , 6273 , 8075 , 8207 , 904 , 4842 , 5281 , 4467 , 3349 , 1416 , 4045 , 958
RegressionTest0::test02 , 617 , 0 , 1433 , 295 , 4971 , 4861 , 653 , 4335 , 4504 , 845 , 4751 , 2593 , 5542 , 2242 , 5877 , 3929 , 1034 , 6859 , 409 , 629 , 3666 , 5810 , 562 , 819 , 6594 , 1054 , 4604 , 6753 , 3849 , 4260 , 5526 , 837 , 5909 , 4880 , 6276 , 868 , 4178 , 878 , 1039 , 5230 , 5850 , 4303 , 4896 , 4979 , 1073 , 4153 , 674 , 5316 , 1531 , 3676 , 1072 , 6155 , 4163 , 6280 , 1013 , 5067 , 3959 , 754 , 4618 , 3229 , 1039 , 1840 , 4452 , 2066 , 5831 , 4212 , 6279 , 4981 , 6442 , 2228 , 5173 , 944 , 977 , 1052 , 1001 , 4468 , 968 , 1171 , 5686 , 1033 , 571 , 6137 , 1023 , 1056 , 6630 , 8433 , 8541 , 671 , 5173 , 5633 , 4807 , 3508 , 1796 , 4261 , 1096
RegressionTest0::test03 , 996 , 1433 , 0 , 1238 , 4157 , 3969 , 1986 , 3536 , 3750 , 1726 , 3837 , 1789 , 4622 , 1760 , 4993 , 3230 , 2368 , 5791 , 1374 , 1392 , 2938 , 4695 , 1365 , 2096 , 5604 , 2378 , 3757 , 5716 , 2650 , 3544 , 4749 , 2117 , 4680 , 3933 , 5318 , 2149 , 3466 , 2173 , 2349 , 4264 , 4759 , 3623 , 4097 , 4240 , 2403 , 3425 , 1996 , 4502 , 1027 , 2811 , 2406 , 4851 , 3394 , 5160 , 2347 , 4113 , 3263 , 1507 , 3738 , 2406 , 2355 , 1723 , 3562 , 1517 , 4871 , 3089 , 5266 , 4050 , 5242 , 1205 , 4196 , 2231 , 2278 , 2382 , 2309 , 3319 , 2276 , 1144 , 4520 , 1328 , 1461 , 5148 , 2332 , 2393 , 5445 , 7230 , 7290 , 1487 , 4222 , 4641 , 3889 , 2917 , 1273 , 3559 , 1268
RegressionTest0::test04 , 524 , 295 , 1238 , 0 , 4776 , 4644 , 936 , 4127 , 4305 , 874 , 4544 , 2341 , 5342 , 2139 , 5652 , 3747 , 1319 , 6621 , 605 , 670 , 3483 , 5541 , 625 , 1079 , 6363 , 1336 , 4400 , 6480 , 3574 , 4075 , 5324 , 1096 , 5649 , 4654 , 6053 , 1125 , 3989 , 1155 , 1324 , 5003 , 5592 , 4123 , 4704 , 4794 , 1360 , 3965 , 958 , 5126 , 1250 , 3494 , 1361 , 5929 , 3974 , 6001 , 1296 , 4853 , 3778 , 826 , 4415 , 2981 , 1322 , 1794 , 4248 , 1952 , 5608 , 3952 , 6054 , 4771 , 6210 , 2057 , 4954 , 1205 , 1241 , 1334 , 1277 , 4208 , 1244 , 951 , 5416 , 989 , 615 , 5910 , 1299 , 1340 , 6361 , 8193 , 8277 , 775 , 4945 , 5393 , 4601 , 3397 , 1547 , 4078 , 1017
RegressionTest0::test05 , 4707 , 4971 , 4157 , 4776 , 0 , 2013 , 5511 , 1367 , 1823 , 5033 , 1968 , 3657 , 1899 , 3539 , 2803 , 1558 , 5874 , 2575 , 4823 , 4791 , 1616 , 2797 , 4824 , 5567 , 2343 , 5871 , 1837 , 3575 , 3518 , 1763 , 1290 , 5587 , 3950 , 1739 , 3196 , 5606 , 1803 , 5648 , 5849 , 1806 , 3138 , 1307 , 1973 , 1202 , 5910 , 1723 , 5494 , 2172 , 4224 , 3290 , 5908 , 3080 , 1510 , 3202 , 5852 , 2155 , 1617 , 4849 , 1995 , 3585 , 5839 , 4117 , 1855 , 3610 , 1938 , 3549 , 2163 , 2020 , 3614 , 3924 , 2310 , 5705 , 5771 , 5875 , 5783 , 3594 , 5727 , 4502 , 3813 , 4618 , 4858 , 2036 , 5806 , 5898 , 3701 , 5340 , 4895 , 4827 , 1774 , 1902 , 1913 , 3203 , 4019 , 1683 , 4357
RegressionTest0::test06 , 4598 , 4861 , 3969 , 4644 , 2013 , 0 , 5437 , 1261 , 1300 , 4970 , 694 , 3490 , 1459 , 3476 , 1325 , 1459 , 5814 , 2804 , 4716 , 4664 , 1340 , 1075 , 4704 , 5490 , 2300 , 5803 , 652 , 2342 , 3073 , 1211 , 2059 , 5509 , 3795 , 863 , 1596 , 5539 , 798 , 5583 , 5778 , 1063 , 3665 , 1800 , 1102 , 1548 , 5850 , 813 , 5419 , 1266 , 4076 , 3267 , 5846 , 1480 , 1020 , 1566 , 5784 , 789 , 1028 , 4732 , 720 , 3452 , 5789 , 4190 , 721 , 3591 , 1701 , 3344 , 2130 , 872 , 3730 , 3697 , 879 , 5635 , 5698 , 5804 , 5713 , 3462 , 5663 , 4398 , 3944 , 4451 , 4773 , 2201 , 5739 , 5827 , 3982 , 4975 , 5435 , 4741 , 1018 , 1494 , 860 , 3354 , 3820 , 1358 , 4239
RegressionTest0::test07 , 1015 , 653 , 1986 , 936 , 5511 , 5437 , 0 , 4900 , 5044 , 818 , 5278 , 3130 , 6088 , 2767 , 6436 , 4447 , 405 , 7424 , 877 , 863 , 4207 , 6399 , 941 , 364 , 7158 , 432 , 5151 , 7371 , 4427 , 4779 , 6069 , 347 , 6492 , 5438 , 6852 , 355 , 4708 , 329 , 463 , 5791 , 6441 , 4835 , 5444 , 5520 , 445 , 4683 , 72 , 5884 , 2118 , 4220 , 436 , 6739 , 4719 , 6855 , 394 , 5622 , 4486 , 893 , 5148 , 3821 , 417 , 2174 , 4983 , 2585 , 6367 , 4781 , 6850 , 5510 , 7021 , 2769 , 5705 , 409 , 385 , 432 , 421 , 5037 , 393 , 1562 , 6262 , 1274 , 807 , 6692 , 419 , 441 , 7216 , 9024 , 9145 , 1048 , 5733 , 6194 , 5335 , 3948 , 2322 , 4786 , 1562
RegressionTest0::test08 , 4091 , 4335 , 3536 , 4127 , 1367 , 1261 , 4900 , 0 , 1093 , 4448 , 1236 , 3107 , 1561 , 2922 , 2273 , 887 , 5253 , 2835 , 4168 , 4160 , 902 , 2218 , 4147 , 4959 , 2564 , 5240 , 1014 , 3089 , 2997 , 1052 , 1696 , 4971 , 3917 , 834 , 2677 , 4983 , 867 , 5021 , 5238 , 1049 , 3299 , 886 , 1280 , 1011 , 5291 , 791 , 4869 , 1739 , 3586 , 2983 , 5285 , 2570 , 428 , 2684 , 5223 , 1477 , 677 , 4233 , 1145 , 3092 , 5219 , 3748 , 979 , 3100 , 1821 , 3189 , 2236 , 1417 , 3667 , 3226 , 1624 , 5081 , 5160 , 5259 , 5164 , 3393 , 5106 , 3847 , 4007 , 4003 , 4243 , 2135 , 5183 , 5284 , 3763 , 5403 , 5475 , 4193 , 1070 , 1498 , 1263 , 3065 , 3356 , 950 , 3662
RegressionTest0::test09 , 4261 , 4504 , 3750 , 4305 , 1823 , 1300 , 5044 , 1093 , 0 , 4583 , 1190 , 3239 , 1801 , 3069 , 2150 , 777 , 5399 , 3021 , 4346 , 4316 , 1071 , 2106 , 4368 , 4999 , 2755 , 5366 , 1067 , 2609 , 3182 , 689 , 1412 , 5117 , 3896 , 1272 , 2521 , 5148 , 930 , 5191 , 5358 , 1504 , 3514 , 1098 , 941 , 1551 , 5430 , 929 , 5027 , 1288 , 3777 , 3214 , 5415 , 2422 , 840 , 2546 , 5363 , 1366 , 921 , 4363 , 1150 , 3234 , 5370 , 3863 , 1024 , 3305 , 2084 , 3302 , 2421 , 1305 , 3664 , 3472 , 1491 , 5194 , 5304 , 5381 , 5273 , 3414 , 5235 , 4053 , 4090 , 4144 , 4398 , 2370 , 5303 , 5405 , 3932 , 5275 , 5560 , 4361 , 1467 , 1783 , 1206 , 3223 , 3576 , 1150 , 3919
RegressionTest0::test10 , 948 , 845 , 1726 , 874 , 5033 , 4970 , 818 , 4448 , 4583 , 0 , 4823 , 2717 , 5581 , 2386 , 5917 , 4013 , 1013 , 6880 , 847 , 700 , 3774 , 5914 , 962 , 735 , 6638 , 1025 , 4673 , 6879 , 3972 , 4280 , 5556 , 743 , 6019 , 4977 , 6360 , 760 , 4219 , 809 , 1013 , 5319 , 5949 , 4327 , 4953 , 5005 , 1044 , 4237 , 834 , 5392 , 1830 , 3720 , 1041 , 6261 , 4274 , 6372 , 998 , 5133 , 4048 , 705 , 4697 , 3418 , 1002 , 1781 , 4530 , 2233 , 5837 , 4292 , 6309 , 5050 , 6512 , 2432 , 5240 , 893 , 931 , 1044 , 983 , 4566 , 968 , 1326 , 5754 , 1096 , 786 , 6137 , 1002 , 1051 , 6689 , 8484 , 8623 , 861 , 5261 , 5710 , 4876 , 3406 , 1935 , 4324 , 1207
RegressionTest0::test11 , 4411 , 4751 , 3837 , 4544 , 1968 , 694 , 5278 , 1236 , 1190 , 4823 , 0 , 3391 , 1070 , 3459 , 1477 , 1289 , 5627 , 2669 , 4593 , 4588 , 1250 , 1298 , 4596 , 5313 , 2046 , 5619 , 346 , 2462 , 2959 , 1122 , 2121 , 5330 , 3909 , 683 , 1806 , 5362 , 686 , 5402 , 5594 , 861 , 3627 , 1662 , 1048 , 1480 , 5665 , 630 , 5257 , 1462 , 3818 , 3101 , 5660 , 1598 , 959 , 1756 , 5599 , 458 , 856 , 4585 , 310 , 3135 , 5603 , 4037 , 355 , 3561 , 1370 , 3131 , 1946 , 404 , 3625 , 3315 , 504 , 5455 , 5516 , 5619 , 5528 , 3300 , 5480 , 4214 , 3819 , 4349 , 4633 , 1951 , 5554 , 5642 , 3922 , 5012 , 5471 , 4558 , 790 , 1247 , 253 , 3320 , 3773 , 1228 , 4134
RegressionTest0::test12 , 2226 , 2593 , 1789 , 2341 , 3657 , 3490 , 3130 , 3107 , 3239 , 2717 , 3391 , 0 , 4073 , 1919 , 4426 , 2890 , 3485 , 5174 , 2506 , 2488 , 2573 , 4210 , 2389 , 3210 , 4929 , 3485 , 3201 , 5095 , 1710 , 3124 , 4103 , 3221 , 3966 , 3448 , 4712 , 3221 , 3014 , 3259 , 3475 , 3671 , 3881 , 3213 , 3644 , 3682 , 3535 , 2994 , 3119 , 4008 , 1807 , 2356 , 3525 , 4443 , 3034 , 4391 , 3475 , 3649 , 2861 , 2565 , 3287 , 2296 , 3471 , 2345 , 3160 , 1932 , 4289 , 2038 , 4616 , 3591 , 4597 , 1818 , 3682 , 3346 , 3397 , 3497 , 3410 , 2186 , 3362 , 1867 , 3364 , 2419 , 2532 , 4347 , 3437 , 3517 , 4275 , 6463 , 6382 , 2575 , 3669 , 3907 , 3452 , 2726 , 1007 , 3061 , 1888
RegressionTest0::test13 , 5216 , 5542 , 4622 , 5342 , 1899 , 1459 , 6088 , 1561 , 1801 , 5581 , 1070 , 4073 , 0 , 4183 , 1916 , 2078 , 6435 , 2106 , 5401 , 5390 , 2210 , 1859 , 5390 , 6118 , 1654 , 6428 , 1285 , 2701 , 3662 , 1878 , 1905 , 6138 , 4125 , 1005 , 2270 , 6171 , 1684 , 6212 , 6399 , 749 , 3653 , 1764 , 1617 , 1438 , 6475 , 1638 , 6069 , 1847 , 4594 , 3584 , 6470 , 2033 , 1659 , 2273 , 6409 , 1121 , 1858 , 5392 , 1237 , 3736 , 6405 , 4774 , 1367 , 4275 , 882 , 3661 , 1414 , 1035 , 3668 , 4026 , 1252 , 6263 , 6323 , 6428 , 6336 , 3782 , 6288 , 4957 , 3882 , 5149 , 5447 , 1625 , 6362 , 6448 , 4120 , 4800 , 5141 , 5365 , 819 , 740 , 1018 , 3911 , 4489 , 1661 , 4934
RegressionTest0::test14 , 2012 , 2242 , 1760 , 2139 , 3539 , 3476 , 2767 , 2922 , 3069 , 2386 , 3459 , 1919 , 4183 , 0 , 4480 , 2579 , 3134 , 5272 , 2117 , 1933 , 2319 , 4287 , 2163 , 2829 , 5088 , 3140 , 3266 , 5108 , 2625 , 2910 , 4070 , 2843 , 4278 , 3522 , 4505 , 2879 , 2906 , 2920 , 3111 , 3853 , 4497 , 2943 , 3496 , 3578 , 3167 , 2874 , 2748 , 3826 , 1945 , 2722 , 3169 , 4609 , 2831 , 4538 , 3107 , 3692 , 2688 , 2016 , 3321 , 2064 , 3115 , 1996 , 3172 , 1357 , 4421 , 2982 , 4768 , 3683 , 5043 , 1871 , 3859 , 2972 , 3025 , 3134 , 3053 , 3226 , 3015 , 2003 , 4237 , 1798 , 2165 , 4556 , 3084 , 3153 , 5183 , 6836 , 7057 , 2210 , 3756 , 4150 , 3516 , 2624 , 1719 , 2988 , 1906
RegressionTest0::test15 , 5604 , 5877 , 4993 , 5652 , 2803 , 1325 , 6436 , 2273 , 2150 , 5917 , 1477 , 4426 , 1916 , 4480 , 0 , 2407 , 6790 , 3035 , 5723 , 5705 , 2338 , 1291 , 5719 , 6473 , 2495 , 6783 , 1536 , 2129 , 3885 , 2196 , 2731 , 6494 , 4152 , 1812 , 1372 , 6526 , 1826 , 6566 , 6755 , 1876 , 4018 , 2734 , 1892 , 2431 , 6826 , 1822 , 6413 , 1940 , 5027 , 4158 , 6824 , 1413 , 2002 , 1494 , 6760 , 1392 , 2004 , 5747 , 1548 , 4196 , 6762 , 5085 , 1653 , 4492 , 2247 , 4018 , 2432 , 1522 , 4203 , 4544 , 1387 , 6617 , 6681 , 6781 , 6684 , 4015 , 6635 , 5342 , 4275 , 5438 , 5775 , 2798 , 6713 , 6804 , 4161 , 4615 , 5496 , 5723 , 1875 , 2014 , 1589 , 4220 , 4807 , 2346 , 5250
RegressionTest0::test16 , 3706 , 3929 , 3230 , 3747 , 1558 , 1459 , 4447 , 887 , 777 , 4013 , 1289 , 2890 , 2078 , 2579 , 2407 , 0 , 4768 , 3396 , 3770 , 3767 , 569 , 2400 , 3788 , 4363 , 3147 , 4743 , 1167 , 2975 , 2928 , 385 , 1888 , 4487 , 3910 , 1426 , 2838 , 4516 , 762 , 4557 , 4730 , 1807 , 3313 , 722 , 1014 , 1540 , 4799 , 736 , 4426 , 1468 , 3198 , 2773 , 4782 , 2727 , 769 , 2844 , 4730 , 1580 , 523 , 3750 , 1168 , 2689 , 4740 , 3285 , 1005 , 2824 , 2333 , 3028 , 2813 , 1392 , 3659 , 2884 , 1699 , 4567 , 4672 , 4774 , 4665 , 3117 , 4639 , 3428 , 3977 , 3514 , 3831 , 2515 , 4696 , 4773 , 3770 , 5574 , 5585 , 3726 , 1693 , 2156 , 1221 , 2771 , 3072 , 901 , 3383
RegressionTest0::test17 , 1376 , 1034 , 2368 , 1319 , 5874 , 5814 , 405 , 5253 , 5399 , 1013 , 5627 , 3485 , 6435 , 3134 , 6790 , 4768 , 0 , 7783 , 1218 , 1233 , 4565 , 6770 , 1291 , 446 , 7516 , 119 , 5506 , 7728 , 4797 , 5104 , 6420 , 358 , 6862 , 5805 , 7223 , 339 , 5048 , 293 , 195 , 6155 , 6795 , 5157 , 5774 , 5855 , 85 , 5025 , 445 , 6216 , 2428 , 4537 , 89 , 7110 , 5092 , 7227 , 113 , 5979 , 4825 , 1195 , 5496 , 4169 , 115 , 2395 , 5329 , 2958 , 6699 , 5108 , 7213 , 5862 , 7352 , 3098 , 6057 , 285 , 204 , 131 , 252 , 5365 , 297 , 1858 , 6593 , 1596 , 1149 , 7024 , 223 , 134 , 7547 , 9341 , 9483 , 1279 , 6100 , 6553 , 5686 , 4270 , 2669 , 5126 , 1914
RegressionTest0::test18 , 6523 , 6859 , 5791 , 6621 , 2575 , 2804 , 7424 , 2835 , 3021 , 6880 , 2669 , 5174 , 2106 , 5272 , 3035 , 3396 , 7783 , 0 , 6709 , 6678 , 3487 , 3048 , 6699 , 7470 , 1799 , 7782 , 2607 , 3721 , 4470 , 3220 , 2428 , 7495 , 4243 , 2161 , 3335 , 7514 , 3068 , 7554 , 7756 , 2214 , 3865 , 3072 , 3078 , 2387 , 7826 , 3014 , 7405 , 2970 , 5848 , 4562 , 7821 , 3117 , 2959 , 3294 , 7765 , 2543 , 3220 , 6740 , 2831 , 4906 , 7750 , 6052 , 2724 , 5280 , 1977 , 4607 , 1401 , 2701 , 3765 , 5394 , 2825 , 7608 , 7681 , 7784 , 7692 , 4489 , 7637 , 6235 , 4300 , 6475 , 6761 , 1630 , 7713 , 7806 , 3916 , 4647 , 4903 , 6718 , 2139 , 2178 , 2686 , 4984 , 5664 , 3069 , 6182
RegressionTest0::test19 , 699 , 409 , 1374 , 605 , 4823 , 4716 , 877 , 4168 , 4346 , 847 , 4593 , 2506 , 5401 , 2117 , 5723 , 3770 , 1218 , 6709 , 0 , 617 , 3487 , 5662 , 718 , 1012 , 6446 , 1235 , 4450 , 6624 , 3703 , 4107 , 5369 , 1005 , 5733 , 4725 , 6132 , 1037 , 4027 , 1043 , 1211 , 5081 , 5690 , 4154 , 4759 , 4834 , 1257 , 4001 , 865 , 5183 , 1522 , 3580 , 1258 , 6002 , 4012 , 6123 , 1193 , 4917 , 3804 , 755 , 4464 , 3146 , 1223 , 1746 , 4301 , 1859 , 5640 , 4078 , 6131 , 4831 , 6293 , 2062 , 5018 , 1116 , 1151 , 1237 , 1177 , 4332 , 1146 , 1125 , 5545 , 998 , 527 , 5990 , 1190 , 1241 , 6482 , 8285 , 8377 , 603 , 5026 , 5482 , 4656 , 3393 , 1738 , 4118 , 1088
RegressionTest0::test20 , 609 , 629 , 1392 , 670 , 4791 , 4664 , 863 , 4160 , 4316 , 700 , 4588 , 2488 , 5390 , 1933 , 5705 , 3767 , 1233 , 6678 , 617 , 0 , 3479 , 5613 , 788 , 948 , 6409 , 1255 , 4433 , 6583 , 3697 , 4055 , 5334 , 935 , 5651 , 4703 , 6073 , 971 , 3990 , 1022 , 1233 , 5061 , 5679 , 4150 , 4689 , 4824 , 1271 , 3994 , 846 , 5130 , 1571 , 3601 , 1273 , 5983 , 3995 , 6089 , 1216 , 4901 , 3807 , 274 , 4451 , 3012 , 1232 , 1795 , 4290 , 1950 , 5654 , 4075 , 6105 , 4805 , 6277 , 2168 , 5003 , 1095 , 1138 , 1255 , 1196 , 4351 , 1163 , 1178 , 5558 , 693 , 689 , 5961 , 1216 , 1265 , 6458 , 8268 , 8351 , 912 , 4998 , 5448 , 4643 , 3220 , 1641 , 4083 , 1002
RegressionTest0::test21 , 3426 , 3666 , 2938 , 3483 , 1616 , 1340 , 4207 , 902 , 1071 , 3774 , 1250 , 2573 , 2210 , 2319 , 2338 , 569 , 4565 , 3487 , 3487 , 3479 , 0 , 2293 , 3513 , 4263 , 3117 , 4561 , 1065 , 3361 , 2745 , 888 , 2130 , 4280 , 3852 , 1474 , 2751 , 4269 , 700 , 4308 , 4541 , 1837 , 3234 , 972 , 1502 , 1642 , 4607 , 674 , 4177 , 1905 , 3014 , 2736 , 4601 , 2639 , 744 , 2754 , 4545 , 1534 , 484 , 3560 , 1131 , 2639 , 4547 , 3084 , 965 , 2483 , 2463 , 2931 , 2899 , 1595 , 3804 , 2724 , 1662 , 4402 , 4461 , 4561 , 4472 , 3084 , 4414 , 3215 , 4022 , 3340 , 3547 , 2775 , 4504 , 4587 , 3849 , 5713 , 5734 , 3511 , 1765 , 2242 , 1425 , 2708 , 2776 , 930 , 3081
RegressionTest0::test22 , 5436 , 5810 , 4695 , 5541 , 2797 , 1075 , 6399 , 2218 , 2106 , 5914 , 1298 , 4210 , 1859 , 4287 , 1291 , 2400 , 6770 , 3048 , 5662 , 5613 , 2293 , 0 , 5621 , 6445 , 2507 , 6760 , 1397 , 1825 , 3613 , 2097 , 2748 , 6465 , 3906 , 1595 , 1246 , 6499 , 1742 , 6540 , 6735 , 1664 , 3846 , 2720 , 1628 , 2399 , 6807 , 1759 , 6375 , 1718 , 4784 , 3787 , 6802 , 805 , 1958 , 886 , 6741 , 1281 , 1981 , 5684 , 1442 , 3923 , 6744 , 5085 , 1522 , 4459 , 2170 , 3850 , 2374 , 1417 , 3919 , 4230 , 1226 , 6588 , 6655 , 6761 , 6670 , 3887 , 6617 , 5173 , 4109 , 5420 , 5732 , 2677 , 6695 , 6784 , 4189 , 4621 , 5440 , 5684 , 1624 , 1890 , 1464 , 4049 , 4638 , 2253 , 5160
RegressionTest0::test23 , 604 , 562 , 1365 , 625 , 4824 , 4704 , 941 , 4147 , 4368 , 962 , 4596 , 2389 , 5390 , 2163 , 5719 , 3788 , 1291 , 6699 , 718 , 788 , 3513 , 5621 , 0 , 1082 , 6425 , 1275 , 4458 , 6610 , 3666 , 4112 , 5375 , 1089 , 5727 , 4725 , 6107 , 1098 , 4036 , 1106 , 1301 , 5068 , 5678 , 4169 , 4748 , 4838 , 1321 , 4005 , 914 , 5066 , 1459 , 3462 , 1316 , 5953 , 4020 , 6094 , 1251 , 4922 , 3832 , 860 , 4469 , 3136 , 1265 , 1803 , 4306 , 2004 , 5620 , 4047 , 6110 , 4819 , 6316 , 2099 , 5023 , 1156 , 1229 , 1318 , 1236 , 4296 , 1217 , 1026 , 5502 , 1011 , 711 , 5932 , 1254 , 1303 , 6441 , 8261 , 8361 , 813 , 5008 , 5445 , 4648 , 3393 , 1598 , 4143 , 1013
RegressionTest0::test24 , 1137 , 819 , 2096 , 1079 , 5567 , 5490 , 364 , 4959 , 4999 , 735 , 5313 , 3210 , 6118 , 2829 , 6473 , 4363 , 446 , 7470 , 1012 , 948 , 4263 , 6445 , 1082 , 0 , 7205 , 405 , 5190 , 7316 , 4486 , 4692 , 6018 , 223 , 6536 , 5490 , 6894 , 213 , 4722 , 305 , 458 , 5842 , 6492 , 4752 , 5362 , 5545 , 456 , 4710 , 401 , 5804 , 2155 , 4245 , 437 , 6793 , 4778 , 6903 , 392 , 5657 , 4507 , 905 , 5179 , 3852 , 423 , 2162 , 5013 , 2647 , 6402 , 4797 , 6898 , 5547 , 7048 , 2820 , 5737 , 342 , 367 , 472 , 396 , 5075 , 424 , 1603 , 6296 , 1325 , 977 , 6709 , 418 , 441 , 7207 , 9035 , 9156 , 1072 , 5786 , 6245 , 5372 , 3956 , 2391 , 4810 , 1647
RegressionTest0::test25 , 6259 , 6594 , 5604 , 6363 , 2343 , 2300 , 7158 , 2564 , 2755 , 6638 , 2046 , 4929 , 1654 , 5088 , 2495 , 3147 , 7516 , 1799 , 6446 , 6409 , 3117 , 2507 , 6425 , 7205 , 0 , 7510 , 2198 , 3326 , 4403 , 2951 , 2105 , 7230 , 4403 , 2016 , 2732 , 7244 , 2667 , 7285 , 7491 , 1656 , 3983 , 2955 , 2607 , 2048 , 7553 , 2630 , 7133 , 2701 , 5628 , 4122 , 7550 , 2592 , 2684 , 2830 , 7499 , 1989 , 2844 , 6467 , 2257 , 4751 , 7482 , 5791 , 2340 , 5173 , 1326 , 4568 , 1231 , 2130 , 3922 , 5109 , 2188 , 7338 , 7414 , 7517 , 7417 , 4503 , 7363 , 5983 , 4362 , 6203 , 6489 , 1726 , 7442 , 7539 , 4137 , 4917 , 4842 , 6451 , 1770 , 1535 , 2131 , 4729 , 5403 , 2806 , 5911
RegressionTest0::test26 , 1399 , 1054 , 2378 , 1336 , 5871 , 5803 , 432 , 5240 , 5366 , 1025 , 5619 , 3485 , 6428 , 3140 , 6783 , 4743 , 119 , 7782 , 1235 , 1255 , 4561 , 6760 , 1275 , 405 , 7510 , 0 , 5497 , 7704 , 4789 , 5080 , 6385 , 388 , 6853 , 5798 , 7213 , 341 , 5042 , 297 , 201 , 6152 , 6786 , 5132 , 5750 , 5853 , 122 , 5014 , 471 , 6173 , 2422 , 4510 , 115 , 7101 , 5082 , 7216 , 102 , 5966 , 4810 , 1219 , 5486 , 4171 , 131 , 2382 , 5318 , 2964 , 6696 , 5104 , 7212 , 5852 , 7335 , 3102 , 6044 , 273 , 207 , 152 , 219 , 5360 , 278 , 1855 , 6583 , 1616 , 1147 , 7005 , 187 , 109 , 7529 , 9317 , 9470 , 1272 , 6093 , 6556 , 5676 , 4245 , 2665 , 5117 , 1916
RegressionTest0::test27 , 4285 , 4604 , 3757 , 4400 , 1837 , 652 , 5151 , 1014 , 1067 , 4673 , 346 , 3201 , 1285 , 3266 , 1536 , 1167 , 5506 , 2607 , 4450 , 4433 , 1065 , 1397 , 4458 , 5190 , 2198 , 5497 , 0 , 2577 , 2957 , 1039 , 1974 , 5209 , 3745 , 614 , 1898 , 5241 , 618 , 5283 , 5475 , 941 , 3501 , 1532 , 1116 , 1346 , 5545 , 516 , 5129 , 1357 , 3776 , 3172 , 5542 , 1734 , 744 , 1861 , 5479 , 488 , 731 , 4467 , 450 , 3177 , 5484 , 3922 , 331 , 3404 , 1573 , 3317 , 2010 , 683 , 3684 , 3364 , 718 , 5335 , 5396 , 5499 , 5405 , 3230 , 5357 , 4114 , 3801 , 4234 , 4504 , 1914 , 5433 , 5521 , 3869 , 5070 , 5508 , 4438 , 882 , 1383 , 545 , 3228 , 3589 , 1152 , 3982
RegressionTest0::test28 , 6445 , 6753 , 5716 , 6480 , 3575 , 2342 , 7371 , 3089 , 2609 , 6879 , 2462 , 5095 , 2701 , 5108 , 2129 , 2975 , 7728 , 3721 , 6624 , 6583 , 3361 , 1825 , 6610 , 7316 , 3326 , 7704 , 2577 , 0 , 4364 , 2666 , 3327 , 7437 , 3918 , 2582 , 2048 , 7467 , 2919 , 7505 , 7678 , 2466 , 4285 , 3374 , 2087 , 3355 , 7759 , 2913 , 7349 , 1910 , 5739 , 4646 , 7740 , 1777 , 2969 , 1831 , 7689 , 2333 , 3078 , 6645 , 2555 , 4462 , 7695 , 5962 , 2687 , 5328 , 2939 , 4500 , 3120 , 2248 , 4482 , 5287 , 2325 , 7516 , 7627 , 7731 , 7612 , 4425 , 7583 , 6127 , 4524 , 6305 , 6700 , 3434 , 7641 , 7730 , 4501 , 4591 , 5348 , 6583 , 2503 , 2591 , 2339 , 4969 , 5487 , 3188 , 6125
RegressionTest0::test29 , 3463 , 3849 , 2650 , 3574 , 3518 , 3073 , 4427 , 2997 , 3182 , 3972 , 2959 , 1710 , 3662 , 2625 , 3885 , 2928 , 4797 , 4470 , 3703 , 3697 , 2745 , 3613 , 3666 , 4486 , 4403 , 4789 , 2957 , 4364 , 0 , 3074 , 3929 , 4507 , 2921 , 3042 , 4074 , 4540 , 2891 , 4579 , 4763 , 3212 , 3001 , 3273 , 3228 , 3515 , 4831 , 2889 , 4416 , 3666 , 2697 , 2557 , 4829 , 3779 , 2915 , 3462 , 4769 , 3158 , 2928 , 3762 , 2943 , 2578 , 4770 , 3372 , 2892 , 2725 , 3831 , 619 , 4092 , 3064 , 3383 , 2209 , 3187 , 4628 , 4684 , 4792 , 4704 , 834 , 4668 , 3148 , 2079 , 3512 , 3825 , 3967 , 4732 , 4807 , 2920 , 5214 , 5440 , 3773 , 3142 , 3592 , 3006 , 2943 , 2262 , 3106 , 3160
RegressionTest0::test30 , 4029 , 4260 , 3544 , 4075 , 1763 , 1211 , 4779 , 1052 , 689 , 4280 , 1122 , 3124 , 1878 , 2910 , 2196 , 385 , 5104 , 3220 , 4107 , 4055 , 888 , 2097 , 4112 , 4692 , 2951 , 5080 , 1039 , 2666 , 3074 , 0 , 1790 , 4804 , 3827 , 1259 , 2542 , 4833 , 573 , 4884 , 5062 , 1624 , 3437 , 940 , 705 , 1532 , 5134 , 681 , 4759 , 1262 , 3509 , 2964 , 5116 , 2475 , 932 , 2560 , 5065 , 1390 , 721 , 4039 , 991 , 2925 , 5070 , 3566 , 863 , 3133 , 2146 , 3076 , 2626 , 1182 , 3621 , 3209 , 1497 , 4893 , 5002 , 5108 , 4998 , 3230 , 4969 , 3751 , 4037 , 3840 , 4162 , 2338 , 5028 , 5108 , 3807 , 5359 , 5501 , 4061 , 1515 , 1952 , 1034 , 2904 , 3376 , 782 , 3677
RegressionTest0::test31 , 5274 , 5526 , 4749 , 5324 , 1290 , 2059 , 6069 , 1696 , 1412 , 5556 , 2121 , 4103 , 1905 , 4070 , 2731 , 1888 , 6420 , 2428 , 5369 , 5334 , 2130 , 2748 , 5375 , 6018 , 2105 , 6385 , 1974 , 3327 , 3929 , 1790 , 0 , 6139 , 4115 , 1871 , 3143 , 6156 , 1996 , 6198 , 6377 , 1757 , 3366 , 1577 , 1869 , 1326 , 6450 , 1976 , 6049 , 1970 , 4779 , 3581 , 6436 , 3051 , 1915 , 3142 , 6384 , 2144 , 1985 , 5384 , 2159 , 4034 , 6388 , 4778 , 2035 , 4150 , 1844 , 3978 , 1972 , 2219 , 3707 , 4429 , 2346 , 6215 , 6323 , 6401 , 6292 , 4005 , 6250 , 5047 , 4112 , 5155 , 5414 , 1981 , 6322 , 6425 , 3925 , 5238 , 4707 , 5373 , 1884 , 1892 , 2158 , 3862 , 4510 , 1902 , 4885
RegressionTest0::test32 , 1156 , 837 , 2117 , 1096 , 5587 , 5509 , 347 , 4971 , 5117 , 743 , 5330 , 3221 , 6138 , 2843 , 6494 , 4487 , 358 , 7495 , 1005 , 935 , 4280 , 6465 , 1089 , 223 , 7230 , 388 , 5209 , 7437 , 4507 , 4804 , 6139 , 0 , 6555 , 5506 , 6916 , 84 , 4738 , 176 , 391 , 5861 , 6514 , 4872 , 5476 , 5565 , 390 , 4727 , 302 , 5922 , 2150 , 4265 , 388 , 6810 , 4796 , 6926 , 340 , 5679 , 4530 , 896 , 5196 , 3871 , 372 , 2169 , 5030 , 2673 , 6417 , 4823 , 6925 , 5562 , 7069 , 2823 , 5757 , 280 , 236 , 383 , 374 , 5093 , 353 , 1603 , 6319 , 1334 , 985 , 6740 , 374 , 384 , 7264 , 9076 , 9206 , 1055 , 5804 , 6266 , 5386 , 3977 , 2394 , 4829 , 1655
RegressionTest0::test33 , 5519 , 5909 , 4680 , 5649 , 3950 , 3795 , 6492 , 3917 , 3896 , 6019 , 3909 , 3966 , 4125 , 4278 , 4152 , 3910 , 6862 , 4243 , 5733 , 5651 , 3852 , 3906 , 5727 , 6536 , 4403 , 6853 , 3745 , 3918 , 2921 , 3827 , 4115 , 6555 , 0 , 3852 , 4190 , 6589 , 3892 , 6635 , 6823 , 3914 , 1970 , 3927 , 3917 , 4077 , 6895 , 3892 , 6479 , 4077 , 4796 , 4059 , 6892 , 4049 , 3982 , 4200 , 6832 , 4001 , 3995 , 5691 , 3957 , 3180 , 6833 , 5187 , 3876 , 4403 , 4234 , 2961 , 4136 , 3966 , 2262 , 4143 , 3966 , 6684 , 6747 , 6856 , 6764 , 2811 , 6715 , 5180 , 2753 , 5333 , 5851 , 4141 , 6786 , 6869 , 3509 , 3966 , 3357 , 5698 , 3927 , 4012 , 3952 , 4249 , 4337 , 3991 , 5130
RegressionTest0::test34 , 4542 , 4880 , 3933 , 4654 , 1739 , 863 , 5438 , 834 , 1272 , 4977 , 683 , 3448 , 1005 , 3522 , 1812 , 1426 , 5805 , 2161 , 4725 , 4703 , 1474 , 1595 , 4725 , 5490 , 2016 , 5798 , 614 , 2582 , 3042 , 1259 , 1871 , 5506 , 3852 , 0 , 2125 , 5537 , 1048 , 5579 , 5771 , 549 , 3473 , 1439 , 1266 , 1244 , 5844 , 982 , 5416 , 1507 , 4027 , 3221 , 5842 , 1920 , 901 , 2051 , 5779 , 814 , 1200 , 4761 , 801 , 3361 , 5782 , 4214 , 710 , 3652 , 1282 , 3427 , 1565 , 794 , 3688 , 3621 , 999 , 5634 , 5696 , 5797 , 5707 , 3430 , 5660 , 4403 , 3896 , 4527 , 4782 , 1644 , 5733 , 5820 , 3879 , 5091 , 5314 , 4740 , 356 , 950 , 695 , 3439 , 3764 , 1126 , 4234
RegressionTest0::test35 , 5983 , 6276 , 5318 , 6053 , 3196 , 1596 , 6852 , 2677 , 2521 , 6360 , 1806 , 4712 , 2270 , 4505 , 1372 , 2838 , 7223 , 3335 , 6132 , 6073 , 2751 , 1246 , 6107 , 6894 , 2732 , 7213 , 1898 , 2048 , 4074 , 2542 , 3143 , 6916 , 4190 , 2125 , 0 , 6948 , 2194 , 6991 , 7183 , 2188 , 3929 , 3156 , 2098 , 2842 , 7257 , 2212 , 6830 , 2081 , 5326 , 4220 , 7253 , 1216 , 2406 , 860 , 7190 , 1716 , 2435 , 6120 , 1905 , 4389 , 7193 , 5472 , 2032 , 4899 , 2570 , 4189 , 2713 , 1822 , 4208 , 4844 , 1714 , 7041 , 7101 , 7212 , 7113 , 4232 , 7063 , 5731 , 4262 , 5845 , 6186 , 3139 , 7144 , 7232 , 4151 , 4625 , 5382 , 6143 , 2136 , 2350 , 1921 , 4427 , 5147 , 2678 , 5583
RegressionTest0::test36 , 1186 , 868 , 2149 , 1125 , 5606 , 5539 , 355 , 4983 , 5148 , 760 , 5362 , 3221 , 6171 , 2879 , 6526 , 4516 , 339 , 7514 , 1037 , 971 , 4269 , 6499 , 1098 , 213 , 7244 , 341 , 5241 , 7467 , 4540 , 4833 , 6156 , 84 , 6589 , 5537 , 6948 , 0 , 4770 , 94 , 403 , 5889 , 6522 , 4905 , 5506 , 5586 , 366 , 4757 , 384 , 5947 , 2194 , 4265 , 361 , 6844 , 4828 , 6958 , 335 , 5709 , 4562 , 932 , 5228 , 3908 , 340 , 2169 , 5062 , 2711 , 6429 , 4823 , 6953 , 5594 , 7071 , 2858 , 5789 , 265 , 249 , 373 , 345 , 5091 , 319 , 1613 , 6319 , 1366 , 985 , 6751 , 348 , 384 , 7269 , 9070 , 9218 , 1055 , 5834 , 6287 , 5418 , 3990 , 2384 , 4862 , 1661
RegressionTest0::test37 , 3952 , 4178 , 3466 , 3989 , 1803 , 798 , 4708 , 867 , 930 , 4219 , 686 , 3014 , 1684 , 2906 , 1826 , 762 , 5048 , 3068 , 4027 , 3990 , 700 , 1742 , 4036 , 4722 , 2667 , 5042 , 618 , 2919 , 2891 , 573 , 1996 , 4738 , 3892 , 1048 , 2194 , 4770 , 0 , 4820 , 5016 , 1398 , 3440 , 1217 , 999 , 1321 , 5086 , 202 , 4687 , 1551 , 3395 , 2884 , 5083 , 2114 , 635 , 2212 , 5020 , 1024 , 295 , 3975 , 547 , 2979 , 5026 , 3509 , 409 , 3054 , 1977 , 3010 , 2480 , 1012 , 3686 , 3105 , 1076 , 4871 , 4933 , 5040 , 4953 , 3197 , 4901 , 3664 , 3949 , 3795 , 4078 , 2323 , 4978 , 5063 , 3837 , 5323 , 5637 , 3980 , 1331 , 1790 , 850 , 2884 , 3321 , 697 , 3564
RegressionTest0::test38 , 1199 , 878 , 2173 , 1155 , 5648 , 5583 , 329 , 5021 , 5191 , 809 , 5402 , 3259 , 6212 , 2920 , 6566 , 4557 , 293 , 7554 , 1043 , 1022 , 4308 , 6540 , 1106 , 305 , 7285 , 297 , 5283 , 7505 , 4579 , 4884 , 6198 , 176 , 6635 , 5579 , 6991 , 94 , 4820 , 0 , 360 , 5930 , 6562 , 4945 , 5553 , 5627 , 319 , 4799 , 354 , 5986 , 2220 , 4305 , 315 , 6884 , 4866 , 7000 , 290 , 5753 , 4601 , 982 , 5269 , 3950 , 299 , 2198 , 5103 , 2744 , 6468 , 4873 , 6993 , 5634 , 7117 , 2887 , 5829 , 243 , 211 , 328 , 307 , 5129 , 290 , 1646 , 6356 , 1396 , 986 , 6792 , 309 , 340 , 7311 , 9111 , 9262 , 1079 , 5875 , 6327 , 5460 , 4040 , 2424 , 4902 , 1705
RegressionTest0::test39 , 1380 , 1039 , 2349 , 1324 , 5849 , 5778 , 463 , 5238 , 5358 , 1013 , 5594 , 3475 , 6399 , 3111 , 6755 , 4730 , 195 , 7756 , 1211 , 1233 , 4541 , 6735 , 1301 , 458 , 7491 , 201 , 5475 , 7678 , 4763 , 5062 , 6377 , 391 , 6823 , 5771 , 7183 , 403 , 5016 , 360 , 0 , 6124 , 6779 , 5113 , 5730 , 5829 , 197 , 4992 , 481 , 6172 , 2399 , 4508 , 187 , 7074 , 5056 , 7190 , 222 , 5937 , 4773 , 1199 , 5460 , 4140 , 217 , 2352 , 5293 , 2933 , 6680 , 5089 , 7183 , 5828 , 7307 , 3077 , 6019 , 286 , 249 , 231 , 325 , 5344 , 376 , 1843 , 6571 , 1587 , 1134 , 7002 , 289 , 218 , 7505 , 9300 , 9443 , 1258 , 6065 , 6526 , 5652 , 4227 , 2643 , 5092 , 1924
RegressionTest0::test40 , 4888 , 5230 , 4264 , 5003 , 1806 , 1063 , 5791 , 1049 , 1504 , 5319 , 861 , 3671 , 749 , 3853 , 1876 , 1807 , 6155 , 2214 , 5081 , 5061 , 1837 , 1664 , 5068 , 5842 , 1656 , 6152 , 941 , 2466 , 3212 , 1624 , 1757 , 5861 , 3914 , 549 , 2188 , 5889 , 1398 , 5930 , 6124 , 0 , 3554 , 1639 , 1466 , 1300 , 6195 , 1337 , 5769 , 1648 , 4332 , 3376 , 6193 , 1970 , 1259 , 2126 , 6132 , 888 , 1562 , 5120 , 1075 , 3604 , 6130 , 4537 , 1061 , 3962 , 1104 , 3596 , 1351 , 884 , 3676 , 3847 , 1104 , 5986 , 6049 , 6151 , 6060 , 3578 , 6011 , 4731 , 3946 , 4873 , 5136 , 1609 , 6086 , 6175 , 4003 , 4918 , 5179 , 5097 , 387 , 744 , 866 , 3678 , 4092 , 1439 , 4595
RegressionTest0::test41 , 5500 , 5850 , 4759 , 5592 , 3138 , 3665 , 6441 , 3299 , 3514 , 5949 , 3627 , 3881 , 3653 , 4497 , 4018 , 3313 , 6795 , 3865 , 5690 , 5679 , 3234 , 3846 , 5678 , 6492 , 3983 , 6786 , 3501 , 4285 , 3001 , 3437 , 3366 , 6514 , 1970 , 3473 , 3929 , 6522 , 3440 , 6562 , 6779 , 3554 , 0 , 3239 , 3626 , 3226 , 6834 , 3370 , 6423 , 3832 , 4809 , 4065 , 6821 , 3968 , 3350 , 4048 , 6782 , 3756 , 3347 , 5738 , 3577 , 3938 , 6755 , 5146 , 3427 , 4486 , 3670 , 3038 , 3735 , 3762 , 2312 , 4224 , 3783 , 6620 , 6695 , 6804 , 6702 , 2881 , 6642 , 5137 , 2951 , 5413 , 5780 , 3313 , 6720 , 6823 , 2944 , 3992 , 3466 , 5655 , 3585 , 3752 , 3682 , 4179 , 4361 , 3313 , 5058
RegressionTest0::test42 , 4101 , 4303 , 3623 , 4123 , 1307 , 1800 , 4835 , 886 , 1098 , 4327 , 1662 , 3213 , 1764 , 2943 , 2734 , 722 , 5157 , 3072 , 4154 , 4150 , 972 , 2720 , 4169 , 4752 , 2955 , 5132 , 1532 , 3374 , 3273 , 940 , 1577 , 4872 , 3927 , 1439 , 3156 , 4905 , 1217 , 4945 , 5113 , 1639 , 3239 , 0 , 1470 , 1345 , 5183 , 1163 , 4813 , 1863 , 3562 , 2968 , 5168 , 3041 , 1008 , 3166 , 5117 , 1930 , 978 , 4140 , 1548 , 2975 , 5127 , 3626 , 1387 , 3153 , 2028 , 3245 , 2516 , 1851 , 3587 , 3263 , 2060 , 4953 , 5058 , 5161 , 5050 , 3356 , 5025 , 3805 , 3917 , 3903 , 4209 , 2426 , 5080 , 5159 , 3742 , 5525 , 5404 , 4115 , 1610 , 1907 , 1691 , 3016 , 3465 , 1077 , 3754
RegressionTest0::test43 , 4664 , 4896 , 4097 , 4704 , 1973 , 1102 , 5444 , 1280 , 941 , 4953 , 1048 , 3644 , 1617 , 3496 , 1892 , 1014 , 5774 , 3078 , 4759 , 4689 , 1502 , 1628 , 4748 , 5362 , 2607 , 5750 , 1116 , 2087 , 3228 , 705 , 1869 , 5476 , 3917 , 1266 , 2098 , 5506 , 999 , 5553 , 5730 , 1466 , 3626 , 1470 , 0 , 1661 , 5802 , 1005 , 5421 , 1012 , 4055 , 3210 , 5786 , 1964 , 1181 , 2133 , 5735 , 1198 , 1132 , 4690 , 911 , 3378 , 5740 , 4156 , 1008 , 3678 , 1812 , 3256 , 2400 , 1019 , 3753 , 3705 , 1296 , 5562 , 5670 , 5777 , 5666 , 3362 , 5636 , 4335 , 3914 , 4501 , 4817 , 2280 , 5694 , 5778 , 3995 , 4846 , 5378 , 4712 , 1394 , 1724 , 918 , 3340 , 3944 , 1345 , 4280
RegressionTest0::test44 , 4764 , 4979 , 4240 , 4794 , 1202 , 1548 , 5520 , 1011 , 1551 , 5005 , 1480 , 3682 , 1438 , 3578 , 2431 , 1540 , 5855 , 2387 , 4834 , 4824 , 1642 , 2399 , 4838 , 5545 , 2048 , 5853 , 1346 , 3355 , 3515 , 1532 , 1326 , 5565 , 4077 , 1244 , 2842 , 5586 , 1321 , 5627 , 5829 , 1300 , 3226 , 1345 , 1661 , 0 , 5892 , 1212 , 5498 , 1951 , 4188 , 2835 , 5891 , 2722 , 1153 , 2842 , 5835 , 1701 , 1298 , 4821 , 1506 , 3523 , 5822 , 4256 , 1367 , 3764 , 1455 , 3549 , 1837 , 1632 , 3559 , 3810 , 1821 , 5687 , 5752 , 5852 , 5768 , 3652 , 5709 , 4416 , 3788 , 4598 , 4888 , 1696 , 5790 , 5876 , 3712 , 5158 , 5021 , 4796 , 1346 , 1444 , 1521 , 3356 , 4025 , 1262 , 4362
RegressionTest0::test45 , 1416 , 1073 , 2403 , 1360 , 5910 , 5850 , 445 , 5291 , 5430 , 1044 , 5665 , 3535 , 6475 , 3167 , 6826 , 4799 , 85 , 7826 , 1257 , 1271 , 4607 , 6807 , 1321 , 456 , 7553 , 122 , 5545 , 7759 , 4831 , 5134 , 6450 , 390 , 6895 , 5844 , 7257 , 366 , 5086 , 319 , 197 , 6195 , 6834 , 5183 , 5802 , 5892 , 0 , 5058 , 476 , 6242 , 2450 , 4572 , 56 , 7147 , 5126 , 7263 , 113 , 6013 , 4856 , 1235 , 5532 , 4205 , 135 , 2427 , 5364 , 2992 , 6739 , 5155 , 7257 , 5898 , 7377 , 3134 , 6091 , 292 , 205 , 115 , 275 , 5411 , 323 , 1886 , 6636 , 1636 , 1169 , 7063 , 228 , 91 , 7582 , 9374 , 9518 , 1295 , 6141 , 6595 , 5722 , 4305 , 2701 , 5161 , 1956
RegressionTest0::test46 , 3919 , 4153 , 3425 , 3965 , 1723 , 813 , 4683 , 791 , 929 , 4237 , 630 , 2994 , 1638 , 2874 , 1822 , 736 , 5025 , 3014 , 4001 , 3994 , 674 , 1759 , 4005 , 4710 , 2630 , 5014 , 516 , 2913 , 2889 , 681 , 1976 , 4727 , 3892 , 982 , 2212 , 4757 , 202 , 4799 , 4992 , 1337 , 3370 , 1163 , 1005 , 1212 , 5058 , 0 , 4660 , 1450 , 3351 , 2819 , 5058 , 2097 , 563 , 2218 , 4995 , 977 , 271 , 3986 , 518 , 2971 , 5002 , 3486 , 352 , 3028 , 1929 , 3089 , 2430 , 985 , 3638 , 3072 , 1061 , 4851 , 4912 , 5014 , 4930 , 3176 , 4880 , 3631 , 3897 , 3770 , 4047 , 2264 , 4955 , 5038 , 3738 , 5290 , 5637 , 3955 , 1272 , 1772 , 815 , 2852 , 3279 , 754 , 3548
RegressionTest0::test47 , 1030 , 674 , 1996 , 958 , 5494 , 5419 , 72 , 4869 , 5027 , 834 , 5257 , 3119 , 6069 , 2748 , 6413 , 4426 , 445 , 7405 , 865 , 846 , 4177 , 6375 , 914 , 401 , 7133 , 471 , 5129 , 7349 , 4416 , 4759 , 6049 , 302 , 6479 , 5416 , 6830 , 384 , 4687 , 354 , 481 , 5769 , 6423 , 4813 , 5421 , 5498 , 476 , 4660 , 0 , 5859 , 2092 , 4204 , 475 , 6717 , 4700 , 6833 , 429 , 5599 , 4464 , 909 , 5127 , 3825 , 458 , 2170 , 4962 , 2591 , 6343 , 4767 , 6827 , 5489 , 7004 , 2758 , 5684 , 419 , 391 , 463 , 449 , 5023 , 419 , 1552 , 6247 , 1290 , 814 , 6674 , 450 , 466 , 7199 , 9008 , 9122 , 1035 , 5714 , 6167 , 5314 , 3938 , 2295 , 4765 , 1558
RegressionTest0::test48 , 5074 , 5316 , 4502 , 5126 , 2172 , 1266 , 5884 , 1739 , 1288 , 5392 , 1462 , 4008 , 1847 , 3826 , 1940 , 1468 , 6216 , 2970 , 5183 , 5130 , 1905 , 1718 , 5066 , 5804 , 2701 , 6173 , 1357 , 1910 , 3666 , 1262 , 1970 , 5922 , 4077 , 1507 , 2081 , 5947 , 1551 , 5986 , 6172 , 1648 , 3832 , 1863 , 1012 , 1951 , 6242 , 1450 , 5859 , 0 , 4413 , 3561 , 6227 , 1830 , 1603 , 1955 , 6176 , 1461 , 1573 , 5126 , 1525 , 3599 , 6182 , 4531 , 1483 , 4076 , 2086 , 3690 , 2393 , 1406 , 3747 , 4036 , 1655 , 5999 , 6112 , 6216 , 6093 , 3799 , 6072 , 4771 , 4221 , 4905 , 5243 , 2391 , 6122 , 6216 , 4076 , 4866 , 5380 , 5139 , 1617 , 1964 , 1382 , 3730 , 4291 , 1802 , 4678
RegressionTest0::test49 , 1333 , 1531 , 1027 , 1250 , 4224 , 4076 , 2118 , 3586 , 3777 , 1830 , 3818 , 1807 , 4594 , 1945 , 5027 , 3198 , 2428 , 5848 , 1522 , 1571 , 3014 , 4784 , 1459 , 2155 , 5628 , 2422 , 3776 , 5739 , 2697 , 3509 , 4779 , 2150 , 4796 , 4027 , 5326 , 2194 , 3395 , 2220 , 2399 , 4332 , 4809 , 3562 , 4055 , 4188 , 2450 , 3351 , 2092 , 4413 , 0 , 2891 , 2455 , 5117 , 3457 , 5133 , 2397 , 4169 , 3198 , 1551 , 3769 , 2192 , 2407 , 1688 , 3620 , 1755 , 4788 , 3003 , 5319 , 4007 , 5273 , 1430 , 4260 , 2279 , 2320 , 2425 , 2346 , 3260 , 2316 , 1182 , 4481 , 1397 , 1591 , 5106 , 2371 , 2437 , 5427 , 7239 , 7371 , 1495 , 4275 , 4693 , 3871 , 2898 , 1245 , 3520 , 1476
RegressionTest0::test50 , 3367 , 3676 , 2811 , 3494 , 3290 , 3267 , 4220 , 2983 , 3214 , 3720 , 3101 , 2356 , 3584 , 2722 , 4158 , 2773 , 4537 , 4562 , 3580 , 3601 , 2736 , 3787 , 3462 , 4245 , 4122 , 4510 , 3172 , 4646 , 2557 , 2964 , 3581 , 4265 , 4059 , 3221 , 4220 , 4265 , 2884 , 4305 , 4508 , 3376 , 4065 , 2968 , 3210 , 2835 , 4572 , 2819 , 4204 , 3561 , 2891 , 0 , 4560 , 4016 , 2940 , 4021 , 4499 , 3421 , 2769 , 3582 , 3005 , 2561 , 4498 , 3107 , 3019 , 2767 , 3656 , 2691 , 4041 , 3284 , 4364 , 2547 , 3450 , 4363 , 4445 , 4545 , 4442 , 2885 , 4408 , 2965 , 3394 , 3411 , 3658 , 4000 , 4469 , 4555 , 4464 , 6141 , 6049 , 3534 , 3400 , 3613 , 3156 , 2639 , 2672 , 2852 , 3141
RegressionTest0::test51 , 1417 , 1072 , 2406 , 1361 , 5908 , 5846 , 436 , 5285 , 5415 , 1041 , 5660 , 3525 , 6470 , 3169 , 6824 , 4782 , 89 , 7821 , 1258 , 1273 , 4601 , 6802 , 1316 , 437 , 7550 , 115 , 5542 , 7740 , 4829 , 5116 , 6436 , 388 , 6892 , 5842 , 7253 , 361 , 5083 , 315 , 187 , 6193 , 6821 , 5168 , 5786 , 5891 , 56 , 5058 , 475 , 6227 , 2455 , 4560 , 0 , 7141 , 5121 , 7256 , 108 , 6008 , 4851 , 1234 , 5527 , 4204 , 128 , 2421 , 5361 , 2992 , 6731 , 5146 , 7253 , 5894 , 7376 , 3133 , 6086 , 292 , 210 , 120 , 268 , 5403 , 321 , 1889 , 6631 , 1635 , 1169 , 7055 , 218 , 99 , 7561 , 9365 , 9508 , 1299 , 6136 , 6591 , 5717 , 4296 , 2699 , 5159 , 1948
RegressionTest0::test52 , 5774 , 6155 , 4851 , 5929 , 3080 , 1480 , 6739 , 2570 , 2422 , 6261 , 1598 , 4443 , 2033 , 4609 , 1413 , 2727 , 7110 , 3117 , 6002 , 5983 , 2639 , 805 , 5953 , 6793 , 2592 , 7101 , 1734 , 1777 , 3779 , 2475 , 3051 , 6810 , 4049 , 1920 , 1216 , 6844 , 2114 , 6884 , 7074 , 1970 , 3968 , 3041 , 1964 , 2722 , 7147 , 2097 , 6717 , 1830 , 5117 , 4016 , 7141 , 0 , 2295 , 1141 , 7079 , 1530 , 2320 , 6034 , 1691 , 4215 , 7083 , 5402 , 1822 , 4768 , 2385 , 3997 , 2502 , 1640 , 4246 , 4514 , 1357 , 6930 , 6997 , 7100 , 7009 , 3938 , 6955 , 5554 , 4133 , 5757 , 6074 , 2929 , 7036 , 7121 , 4147 , 4605 , 5259 , 6022 , 1947 , 2040 , 1719 , 4423 , 4910 , 2573 , 5509
RegressionTest0::test53 , 3936 , 4163 , 3394 , 3974 , 1510 , 1020 , 4719 , 428 , 840 , 4274 , 959 , 3034 , 1659 , 2831 , 2002 , 769 , 5092 , 2959 , 4012 , 3995 , 744 , 1958 , 4020 , 4778 , 2684 , 5082 , 744 , 2969 , 2915 , 932 , 1915 , 4796 , 3982 , 901 , 2406 , 4828 , 635 , 4866 , 5056 , 1259 , 3350 , 1008 , 1181 , 1153 , 5126 , 563 , 4700 , 1603 , 3457 , 2940 , 5121 , 2295 , 0 , 2411 , 5060 , 1200 , 458 , 4055 , 881 , 3046 , 5066 , 3570 , 720 , 2977 , 1959 , 3119 , 2379 , 1148 , 3735 , 3135 , 1351 , 4918 , 4977 , 5081 , 4995 , 3313 , 4944 , 3700 , 3991 , 3840 , 4067 , 2292 , 5019 , 5104 , 3826 , 5441 , 5593 , 4025 , 1189 , 1687 , 986 , 2952 , 3245 , 921 , 3542
RegressionTest0::test54 , 5903 , 6280 , 5160 , 6001 , 3202 , 1566 , 6855 , 2684 , 2546 , 6372 , 1756 , 4391 , 2273 , 4538 , 1494 , 2844 , 7227 , 3294 , 6123 , 6089 , 2754 , 886 , 6094 , 6903 , 2830 , 7216 , 1861 , 1831 , 3462 , 2560 , 3142 , 6926 , 4200 , 2051 , 860 , 6958 , 2212 , 7000 , 7190 , 2126 , 4048 , 3166 , 2133 , 2842 , 7263 , 2218 , 6833 , 1955 , 5133 , 4021 , 7256 , 1141 , 2411 , 0 , 7194 , 1754 , 2435 , 6138 , 1919 , 4360 , 7196 , 5498 , 1984 , 4893 , 2546 , 3753 , 2681 , 1857 , 4111 , 4768 , 1597 , 7046 , 7107 , 7214 , 7120 , 3796 , 7069 , 5550 , 3737 , 5858 , 6187 , 3106 , 7146 , 7234 , 4192 , 4578 , 5319 , 6139 , 2093 , 2276 , 1920 , 4467 , 4716 , 2699 , 5595
RegressionTest0::test55 , 1362 , 1013 , 2347 , 1296 , 5852 , 5784 , 394 , 5223 , 5363 , 998 , 5599 , 3475 , 6409 , 3107 , 6760 , 4730 , 113 , 7765 , 1193 , 1216 , 4545 , 6741 , 1251 , 392 , 7499 , 102 , 5479 , 7689 , 4769 , 5065 , 6384 , 340 , 6832 , 5779 , 7190 , 335 , 5020 , 290 , 222 , 6132 , 6782 , 5117 , 5735 , 5835 , 113 , 4995 , 429 , 6176 , 2397 , 4499 , 108 , 7079 , 5060 , 7194 , 0 , 5945 , 4788 , 1177 , 5464 , 4141 , 134 , 2364 , 5298 , 2929 , 6667 , 5092 , 7193 , 5832 , 7339 , 3068 , 6025 , 266 , 213 , 156 , 195 , 5349 , 261 , 1849 , 6577 , 1579 , 1150 , 6993 , 210 , 108 , 7511 , 9328 , 9462 , 1274 , 6075 , 6535 , 5656 , 4230 , 2655 , 5096 , 1906
