: , RegressionTest0::test01 , RegressionTest0::test02 , RegressionTest0::test03 , RegressionTest0::test04 , RegressionTest0::test05 , RegressionTest0::test06 , RegressionTest0::test07 , RegressionTest0::test08 , RegressionTest0::test09 , RegressionTest0::test10 , RegressionTest0::test11 , RegressionTest0::test12 , RegressionTest0::test13 , RegressionTest0::test14 , RegressionTest0::test15 , RegressionTest0::test16 , RegressionTest0::test17 , RegressionTest0::test18 , RegressionTest0::test19 , RegressionTest0::test20 , RegressionTest0::test21 , RegressionTest0::test22 , RegressionTest0::test23 , RegressionTest0::test24 , RegressionTest0::test25 , RegressionTest0::test26 , RegressionTest0::test27 , RegressionTest0::test28 , RegressionTest0::test29 , RegressionTest0::test30 , RegressionTest0::test31 , RegressionTest0::test32 , RegressionTest0::test33 , RegressionTest0::test34 , RegressionTest0::test35 , RegressionTest0::test36 , RegressionTest0::test37 , RegressionTest0::test38 , RegressionTest0::test39 , RegressionTest0::test40 , RegressionTest0::test41 , RegressionTest0::test42 , RegressionTest0::test43 , RegressionTest0::test44 , RegressionTest0::test45 , RegressionTest0::test46 , RegressionTest0::test47 , RegressionTest0::test48 , RegressionTest0::test49 , RegressionTest0::test50 , RegressionTest0::test51 , RegressionTest0::test52 , RegressionTest0::test53 , RegressionTest0::test54 , RegressionTest0::test55 , RegressionTest0::test56 , RegressionTest0::test57 , RegressionTest0::test58 , RegressionTest0::test59 , RegressionTest0::test60 , RegressionTest0::test61 , RegressionTest0::test62 , RegressionTest0::test63 , RegressionTest0::test64 , RegressionTest0::test65 , RegressionTest0::test66 , RegressionTest0::test67 , RegressionTest0::test68 , RegressionTest0::test69 , RegressionTest0::test70 , RegressionTest0::test71 , RegressionTest0::test72 , RegressionTest0::test73 , RegressionTest0::test74 , RegressionTest0::test75 , RegressionTest0::test76 , RegressionTest0::test77 , RegressionTest0::test78 , RegressionTest0::test79 , RegressionTest0::test80 , RegressionTest0::test81 , RegressionTest0::test82 , RegressionTest0::test83 , RegressionTest0::test84 , RegressionTest0::test85 , RegressionTest0::test86
RegressionTest0::test01 , 0 , 302 , 8 , 106 , 61 , 382 , 301 , 247 , 223 , 110 , 88 , 689 , 311 , 136 , 91 , 96 , 505 , 65 , 668 , 110 , 413 , 118 , 305 , 100 , 303 , 204 , 126 , 74 , 141 , 87 , 70 , 113 , 171 , 245 , 135 , 353 , 101 , 304 , 1184 , 170 , 108 , 792 , 170 , 8596 , 8594 , 303 , 260 , 557 , 89 , 106 , 328 , 110 , 730 , 66 , 476 , 391 , 177 , 625 , 8666 , 110 , 125 , 190 , 302 , 110 , 839 , 309 , 305 , 369 , 303 , 153 , 702 , 75 , 554 , 304 , 111 , 638 , 265 , 92 , 475 , 645 , 113 , 100 , 931 , 303 , 685 , 574
RegressionTest0::test02 , 302 , 0 , 306 , 257 , 253 , 617 , 5 , 478 , 368 , 251 , 278 , 907 , 122 , 282 , 239 , 243 , 720 , 257 , 943 , 263 , 690 , 302 , 9 , 245 , 16 , 389 , 363 , 266 , 376 , 279 , 262 , 256 , 317 , 524 , 368 , 628 , 249 , 17 , 1408 , 306 , 252 , 1063 , 299 , 8855 , 8853 , 7 , 411 , 831 , 279 , 249 , 482 , 250 , 946 , 258 , 695 , 610 , 364 , 843 , 8925 , 252 , 362 , 467 , 39 , 255 , 1112 , 103 , 11 , 645 , 25 , 340 , 980 , 263 , 721 , 12 , 262 , 911 , 504 , 240 , 692 , 863 , 301 , 245 , 1201 , 7 , 960 , 799
RegressionTest0::test03 , 8 , 306 , 0 , 110 , 67 , 381 , 306 , 247 , 223 , 115 , 85 , 688 , 314 , 135 , 97 , 101 , 504 , 71 , 671 , 113 , 414 , 116 , 306 , 101 , 308 , 203 , 126 , 69 , 136 , 87 , 72 , 110 , 168 , 245 , 134 , 351 , 104 , 309 , 1181 , 173 , 115 , 796 , 173 , 8591 , 8589 , 307 , 259 , 556 , 88 , 107 , 330 , 115 , 728 , 72 , 473 , 386 , 174 , 625 , 8661 , 115 , 124 , 192 , 304 , 108 , 834 , 315 , 308 , 372 , 308 , 155 , 704 , 74 , 549 , 308 , 113 , 639 , 265 , 98 , 475 , 644 , 115 , 101 , 930 , 307 , 685 , 572
RegressionTest0::test04 , 106 , 257 , 110 , 0 , 53 , 453 , 257 , 314 , 205 , 16 , 84 , 760 , 270 , 119 , 84 , 87 , 570 , 63 , 753 , 14 , 502 , 108 , 259 , 85 , 260 , 192 , 198 , 70 , 211 , 84 , 68 , 96 , 154 , 337 , 207 , 444 , 90 , 261 , 1254 , 73 , 13 , 869 , 71 , 8651 , 8650 , 258 , 247 , 638 , 86 , 90 , 317 , 13 , 800 , 61 , 546 , 458 , 170 , 692 , 8722 , 13 , 198 , 283 , 262 , 96 , 920 , 268 , 258 , 461 , 260 , 146 , 793 , 71 , 559 , 256 , 14 , 717 , 334 , 84 , 545 , 710 , 106 , 87 , 1018 , 256 , 769 , 641
RegressionTest0::test05 , 61 , 253 , 67 , 53 , 0 , 433 , 250 , 297 , 176 , 56 , 39 , 739 , 267 , 87 , 33 , 48 , 552 , 15 , 726 , 62 , 471 , 70 , 255 , 49 , 252 , 156 , 177 , 24 , 192 , 39 , 22 , 58 , 123 , 301 , 184 , 408 , 52 , 257 , 1234 , 121 , 54 , 848 , 114 , 8650 , 8647 , 253 , 218 , 612 , 41 , 52 , 289 , 54 , 781 , 16 , 524 , 439 , 132 , 673 , 8720 , 54 , 178 , 246 , 254 , 63 , 894 , 263 , 256 , 425 , 252 , 106 , 761 , 24 , 533 , 256 , 60 , 693 , 314 , 35 , 524 , 693 , 63 , 49 , 987 , 253 , 740 , 622
RegressionTest0::test06 , 382 , 617 , 381 , 453 , 433 , 0 , 617 , 159 , 301 , 461 , 428 , 335 , 527 , 392 , 443 , 436 , 516 , 433 , 674 , 453 , 426 , 423 , 619 , 437 , 616 , 291 , 284 , 427 , 282 , 431 , 422 , 430 , 370 , 471 , 282 , 516 , 435 , 611 , 829 , 429 , 459 , 835 , 436 , 8395 , 8393 , 617 , 346 , 547 , 426 , 434 , 360 , 459 , 713 , 435 , 496 , 454 , 427 , 598 , 8465 , 459 , 279 , 351 , 605 , 436 , 822 , 526 , 619 , 532 , 612 , 347 , 700 , 423 , 500 , 619 , 452 , 600 , 303 , 443 , 502 , 495 , 382 , 436 , 992 , 618 , 691 , 583
RegressionTest0::test07 , 301 , 5 , 306 , 257 , 250 , 617 , 0 , 479 , 369 , 249 , 278 , 910 , 123 , 282 , 239 , 243 , 718 , 258 , 943 , 263 , 690 , 305 , 9 , 245 , 17 , 389 , 362 , 266 , 376 , 279 , 262 , 257 , 317 , 525 , 368 , 629 , 246 , 17 , 1409 , 304 , 252 , 1065 , 298 , 8857 , 8855 , 5 , 409 , 831 , 280 , 249 , 483 , 252 , 947 , 260 , 695 , 611 , 364 , 843 , 8927 , 252 , 362 , 470 , 41 , 255 , 1112 , 104 , 9 , 646 , 26 , 341 , 980 , 264 , 722 , 12 , 261 , 911 , 504 , 240 , 692 , 863 , 300 , 246 , 1202 , 5 , 960 , 800
RegressionTest0::test08 , 247 , 478 , 247 , 314 , 297 , 159 , 479 , 0 , 158 , 322 , 292 , 466 , 390 , 254 , 305 , 297 , 464 , 293 , 664 , 315 , 359 , 289 , 481 , 300 , 477 , 158 , 155 , 293 , 160 , 292 , 293 , 295 , 242 , 413 , 159 , 478 , 298 , 474 , 965 , 338 , 320 , 841 , 344 , 8448 , 8446 , 481 , 216 , 492 , 289 , 298 , 252 , 320 , 692 , 298 , 450 , 389 , 290 , 584 , 8518 , 320 , 158 , 233 , 470 , 298 , 830 , 391 , 480 , 496 , 473 , 204 , 696 , 289 , 493 , 480 , 314 , 572 , 270 , 303 , 452 , 441 , 247 , 300 , 998 , 480 , 680 , 578
RegressionTest0::test09 , 223 , 368 , 223 , 205 , 176 , 301 , 369 , 158 , 0 , 209 , 172 , 610 , 296 , 106 , 156 , 148 , 579 , 174 , 676 , 205 , 362 , 168 , 371 , 151 , 367 , 48 , 281 , 174 , 287 , 171 , 171 , 149 , 102 , 379 , 283 , 471 , 150 , 366 , 1106 , 264 , 209 , 867 , 269 , 8523 , 8521 , 371 , 89 , 502 , 166 , 151 , 128 , 209 , 805 , 176 , 559 , 480 , 169 , 698 , 8592 , 209 , 280 , 219 , 361 , 149 , 849 , 285 , 370 , 486 , 361 , 88 , 714 , 167 , 372 , 370 , 205 , 580 , 344 , 156 , 554 , 586 , 128 , 151 , 1018 , 370 , 694 , 632
RegressionTest0::test10 , 110 , 251 , 115 , 16 , 56 , 461 , 249 , 322 , 209 , 0 , 84 , 763 , 264 , 122 , 76 , 80 , 572 , 63 , 756 , 21 , 507 , 112 , 252 , 86 , 250 , 195 , 201 , 73 , 216 , 84 , 69 , 97 , 157 , 340 , 208 , 448 , 88 , 254 , 1260 , 80 , 8 , 874 , 71 , 8661 , 8659 , 248 , 251 , 645 , 87 , 88 , 322 , 8 , 799 , 65 , 550 , 463 , 172 , 694 , 8731 , 6 , 201 , 287 , 250 , 96 , 927 , 259 , 254 , 463 , 248 , 146 , 797 , 72 , 566 , 254 , 23 , 720 , 338 , 79 , 546 , 713 , 109 , 85 , 1021 , 249 , 775 , 645
RegressionTest0::test11 , 88 , 278 , 85 , 84 , 39 , 428 , 278 , 292 , 172 , 84 , 0 , 728 , 287 , 83 , 67 , 65 , 549 , 35 , 734 , 81 , 459 , 64 , 278 , 65 , 278 , 144 , 184 , 29 , 191 , 24 , 38 , 40 , 115 , 313 , 187 , 411 , 70 , 277 , 1224 , 143 , 82 , 834 , 143 , 8627 , 8626 , 278 , 208 , 599 , 40 , 56 , 279 , 83 , 793 , 35 , 525 , 409 , 106 , 680 , 8698 , 84 , 180 , 241 , 262 , 65 , 875 , 287 , 276 , 449 , 280 , 101 , 758 , 34 , 508 , 275 , 82 , 684 , 291 , 69 , 527 , 686 , 60 , 59 , 1008 , 278 , 746 , 618
RegressionTest0::test12 , 689 , 907 , 688 , 760 , 739 , 335 , 910 , 466 , 610 , 763 , 728 , 0 , 810 , 692 , 746 , 741 , 476 , 726 , 544 , 757 , 286 , 723 , 911 , 742 , 903 , 602 , 590 , 736 , 591 , 735 , 733 , 736 , 677 , 535 , 593 , 544 , 740 , 904 , 517 , 730 , 763 , 696 , 736 , 8149 , 8144 , 911 , 586 , 412 , 728 , 738 , 610 , 761 , 558 , 733 , 482 , 435 , 722 , 554 , 8216 , 763 , 590 , 517 , 895 , 740 , 693 , 820 , 909 , 548 , 898 , 647 , 560 , 724 , 668 , 908 , 757 , 542 , 601 , 748 , 473 , 384 , 687 , 737 , 825 , 910 , 555 , 507
RegressionTest0::test13 , 311 , 122 , 314 , 270 , 267 , 527 , 123 , 390 , 296 , 264 , 287 , 810 , 0 , 255 , 250 , 259 , 694 , 271 , 866 , 275 , 593 , 312 , 121 , 258 , 117 , 305 , 359 , 278 , 372 , 288 , 275 , 270 , 289 , 498 , 366 , 603 , 260 , 117 , 1304 , 308 , 268 , 1026 , 300 , 8744 , 8742 , 123 , 335 , 721 , 289 , 263 , 365 , 268 , 916 , 274 , 666 , 582 , 366 , 812 , 8814 , 268 , 365 , 391 , 109 , 270 , 1039 , 25 , 122 , 617 , 112 , 273 , 902 , 273 , 622 , 121 , 275 , 812 , 498 , 252 , 667 , 785 , 274 , 261 , 1165 , 122 , 883 , 762
RegressionTest0::test14 , 136 , 282 , 135 , 119 , 87 , 392 , 282 , 254 , 106 , 122 , 83 , 692 , 255 , 0 , 62 , 59 , 558 , 79 , 729 , 120 , 448 , 95 , 281 , 58 , 280 , 135 , 195 , 82 , 209 , 89 , 82 , 60 , 59 , 356 , 196 , 455 , 52 , 281 , 1195 , 180 , 122 , 874 , 181 , 8614 , 8617 , 281 , 153 , 589 , 86 , 59 , 217 , 122 , 804 , 84 , 539 , 448 , 153 , 698 , 8688 , 122 , 197 , 227 , 283 , 60 , 901 , 259 , 281 , 482 , 283 , 88 , 769 , 77 , 454 , 278 , 121 , 671 , 313 , 64 , 545 , 661 , 57 , 58 , 1031 , 280 , 748 , 624
RegressionTest0::test15 , 91 , 239 , 97 , 84 , 33 , 443 , 239 , 305 , 156 , 76 , 67 , 746 , 250 , 62 , 0 , 16 , 559 , 43 , 750 , 91 , 500 , 100 , 239 , 23 , 233 , 186 , 180 , 54 , 196 , 69 , 52 , 35 , 102 , 331 , 187 , 438 , 26 , 238 , 1246 , 150 , 80 , 875 , 142 , 8673 , 8670 , 239 , 197 , 642 , 71 , 28 , 270 , 80 , 789 , 46 , 530 , 445 , 163 , 681 , 8743 , 80 , 181 , 276 , 236 , 36 , 920 , 246 , 238 , 453 , 234 , 136 , 788 , 54 , 514 , 239 , 89 , 722 , 322 , 5 , 531 , 703 , 94 , 22 , 1016 , 238 , 767 , 630
RegressionTest0::test16 , 96 , 243 , 101 , 87 , 48 , 436 , 243 , 297 , 148 , 80 , 65 , 741 , 259 , 59 , 16 , 0 , 554 , 44 , 754 , 93 , 495 , 98 , 245 , 27 , 247 , 179 , 180 , 58 , 195 , 61 , 54 , 33 , 97 , 330 , 185 , 435 , 25 , 250 , 1239 , 153 , 82 , 875 , 144 , 8662 , 8660 , 241 , 184 , 637 , 66 , 29 , 263 , 82 , 789 , 46 , 518 , 439 , 153 , 680 , 8730 , 82 , 173 , 269 , 248 , 31 , 921 , 252 , 247 , 457 , 241 , 129 , 784 , 56 , 503 , 247 , 94 , 713 , 313 , 18 , 518 , 696 , 92 , 25 , 1019 , 243 , 767 , 625
RegressionTest0::test17 , 505 , 720 , 504 , 570 , 552 , 516 , 718 , 464 , 579 , 572 , 549 , 476 , 694 , 558 , 559 , 554 , 0 , 548 , 427 , 571 , 370 , 507 , 720 , 558 , 714 , 576 , 423 , 550 , 418 , 550 , 549 , 558 , 571 , 329 , 417 , 220 , 554 , 716 , 785 , 573 , 572 , 525 , 573 , 8239 , 8237 , 720 , 574 , 526 , 548 , 556 , 588 , 572 , 378 , 550 , 142 , 259 , 527 , 278 , 8309 , 572 , 420 , 446 , 708 , 557 , 590 , 699 , 717 , 243 , 710 , 575 , 487 , 552 , 703 , 719 , 572 , 464 , 455 , 561 , 64 , 255 , 553 , 560 , 718 , 719 , 445 , 220
RegressionTest0::test18 , 65 , 257 , 71 , 63 , 15 , 433 , 258 , 293 , 174 , 63 , 35 , 726 , 271 , 79 , 43 , 44 , 548 , 0 , 726 , 64 , 466 , 67 , 259 , 54 , 262 , 152 , 177 , 24 , 191 , 31 , 24 , 63 , 118 , 302 , 184 , 407 , 50 , 262 , 1231 , 123 , 64 , 847 , 123 , 8642 , 8639 , 258 , 214 , 606 , 36 , 57 , 283 , 64 , 782 , 9 , 525 , 437 , 122 , 670 , 8711 , 64 , 177 , 240 , 264 , 59 , 893 , 269 , 260 , 425 , 262 , 100 , 759 , 27 , 523 , 261 , 63 , 686 , 308 , 43 , 522 , 689 , 62 , 49 , 990 , 258 , 741 , 615
RegressionTest0::test19 , 668 , 943 , 671 , 753 , 726 , 674 , 943 , 664 , 676 , 756 , 734 , 544 , 866 , 729 , 750 , 754 , 427 , 726 , 0 , 754 , 402 , 718 , 943 , 760 , 936 , 651 , 751 , 733 , 740 , 738 , 732 , 761 , 724 , 484 , 744 , 385 , 761 , 939 , 808 , 783 , 756 , 334 , 785 , 7987 , 7985 , 943 , 607 , 435 , 733 , 761 , 633 , 756 , 496 , 729 , 498 , 622 , 713 , 468 , 8055 , 756 , 736 , 555 , 927 , 762 , 177 , 875 , 942 , 360 , 931 , 689 , 157 , 734 , 727 , 941 , 754 , 449 , 705 , 753 , 441 , 507 , 716 , 757 , 531 , 942 , 21 , 502
RegressionTest0::test20 , 110 , 263 , 113 , 14 , 62 , 453 , 263 , 315 , 205 , 21 , 81 , 757 , 275 , 120 , 91 , 93 , 571 , 64 , 754 , 0 , 498 , 105 , 261 , 91 , 262 , 189 , 198 , 66 , 211 , 80 , 67 , 97 , 153 , 339 , 208 , 442 , 93 , 265 , 1251 , 69 , 19 , 870 , 78 , 8645 , 8643 , 263 , 245 , 637 , 84 , 91 , 314 , 19 , 803 , 64 , 546 , 458 , 169 , 695 , 8715 , 18 , 200 , 283 , 269 , 98 , 919 , 273 , 264 , 462 , 267 , 144 , 791 , 70 , 553 , 264 , 10 , 717 , 334 , 91 , 545 , 705 , 105 , 92 , 1019 , 263 , 769 , 641
RegressionTest0::test21 , 413 , 690 , 414 , 502 , 471 , 426 , 690 , 359 , 362 , 507 , 459 , 286 , 593 , 448 , 500 , 495 , 370 , 466 , 402 , 498 , 0 , 454 , 689 , 493 , 680 , 327 , 490 , 464 , 495 , 463 , 459 , 491 , 430 , 256 , 493 , 308 , 493 , 686 , 790 , 546 , 503 , 604 , 551 , 8203 , 8201 , 691 , 348 , 200 , 455 , 490 , 366 , 505 , 571 , 469 , 401 , 361 , 451 , 491 , 8273 , 505 , 488 , 237 , 678 , 492 , 571 , 599 , 690 , 308 , 680 , 373 , 436 , 458 , 574 , 688 , 500 , 343 , 495 , 501 , 365 , 297 , 414 , 494 , 752 , 690 , 419 , 438
RegressionTest0::test22 , 118 , 302 , 116 , 108 , 70 , 423 , 305 , 289 , 168 , 112 , 64 , 723 , 312 , 95 , 100 , 98 , 507 , 67 , 718 , 105 , 454 , 0 , 304 , 92 , 291 , 142 , 202 , 64 , 209 , 66 , 64 , 94 , 117 , 333 , 205 , 430 , 95 , 304 , 1209 , 168 , 110 , 834 , 170 , 8593 , 8591 , 305 , 201 , 583 , 54 , 94 , 273 , 108 , 786 , 69 , 533 , 441 , 104 , 684 , 8661 , 110 , 203 , 237 , 304 , 96 , 886 , 312 , 305 , 448 , 304 , 99 , 762 , 64 , 507 , 304 , 108 , 681 , 277 , 100 , 522 , 681 , 70 , 93 , 993 , 305 , 731 , 622
RegressionTest0::test23 , 305 , 9 , 306 , 259 , 255 , 619 , 9 , 481 , 371 , 252 , 278 , 911 , 121 , 281 , 239 , 245 , 720 , 259 , 943 , 261 , 689 , 304 , 0 , 243 , 15 , 387 , 362 , 264 , 374 , 279 , 262 , 258 , 315 , 525 , 368 , 629 , 248 , 17 , 1409 , 306 , 254 , 1065 , 296 , 8855 , 8853 , 9 , 412 , 832 , 280 , 250 , 483 , 254 , 945 , 260 , 695 , 611 , 367 , 843 , 8925 , 254 , 362 , 470 , 38 , 255 , 1113 , 104 , 11 , 646 , 26 , 341 , 980 , 265 , 719 , 12 , 263 , 911 , 507 , 240 , 692 , 863 , 301 , 246 , 1200 , 9 , 960 , 800
RegressionTest0::test24 , 100 , 245 , 101 , 85 , 49 , 437 , 245 , 300 , 151 , 86 , 65 , 742 , 258 , 58 , 23 , 27 , 558 , 54 , 760 , 91 , 493 , 92 , 243 , 0 , 243 , 178 , 179 , 52 , 189 , 66 , 54 , 33 , 92 , 329 , 188 , 436 , 26 , 246 , 1233 , 152 , 86 , 876 , 146 , 8661 , 8660 , 245 , 191 , 635 , 62 , 29 , 264 , 86 , 791 , 53 , 526 , 433 , 145 , 683 , 8732 , 86 , 179 , 273 , 253 , 34 , 919 , 256 , 245 , 461 , 251 , 134 , 790 , 54 , 506 , 243 , 93 , 717 , 316 , 22 , 525 , 701 , 92 , 21 , 1022 , 243 , 769 , 626
RegressionTest0::test25 , 303 , 16 , 308 , 260 , 252 , 616 , 17 , 477 , 367 , 250 , 278 , 903 , 117 , 280 , 233 , 247 , 714 , 262 , 936 , 262 , 680 , 291 , 15 , 243 , 0 , 384 , 361 , 265 , 372 , 278 , 264 , 259 , 314 , 518 , 365 , 622 , 248 , 16 , 1398 , 308 , 254 , 1058 , 302 , 8847 , 8844 , 17 , 408 , 823 , 269 , 253 , 478 , 254 , 942 , 264 , 687 , 604 , 361 , 838 , 8915 , 254 , 362 , 462 , 36 , 258 , 1104 , 98 , 16 , 638 , 22 , 338 , 973 , 267 , 714 , 15 , 263 , 904 , 501 , 236 , 686 , 856 , 300 , 251 , 1196 , 16 , 951 , 794
RegressionTest0::test26 , 204 , 389 , 203 , 192 , 156 , 291 , 389 , 158 , 48 , 195 , 144 , 602 , 305 , 135 , 186 , 179 , 576 , 152 , 651 , 189 , 327 , 142 , 387 , 178 , 384 , 0 , 279 , 150 , 285 , 148 , 147 , 175 , 120 , 359 , 283 , 445 , 179 , 385 , 1096 , 250 , 193 , 841 , 253 , 8501 , 8499 , 387 , 109 , 467 , 144 , 177 , 147 , 193 , 801 , 154 , 556 , 478 , 145 , 696 , 8571 , 193 , 280 , 195 , 380 , 179 , 822 , 299 , 388 , 460 , 382 , 65 , 690 , 142 , 387 , 389 , 190 , 548 , 339 , 186 , 553 , 581 , 101 , 178 , 996 , 389 , 666 , 631
RegressionTest0::test27 , 126 , 363 , 126 , 198 , 177 , 284 , 362 , 155 , 281 , 201 , 184 , 590 , 359 , 195 , 180 , 180 , 423 , 177 , 751 , 198 , 490 , 202 , 362 , 179 , 361 , 279 , 0 , 174 , 47 , 182 , 178 , 185 , 229 , 346 , 40 , 442 , 177 , 365 , 1089 , 216 , 200 , 857 , 215 , 8580 , 8581 , 364 , 314 , 626 , 182 , 181 , 385 , 200 , 660 , 177 , 386 , 294 , 259 , 539 , 8653 , 200 , 38 , 279 , 362 , 185 , 905 , 361 , 359 , 473 , 362 , 239 , 769 , 169 , 606 , 360 , 201 , 704 , 237 , 180 , 389 , 554 , 200 , 174 , 1008 , 363 , 755 , 546
RegressionTest0::test28 , 74 , 266 , 69 , 70 , 24 , 427 , 266 , 293 , 174 , 73 , 29 , 736 , 278 , 82 , 54 , 58 , 550 , 24 , 733 , 66 , 464 , 64 , 264 , 52 , 265 , 150 , 174 , 0 , 183 , 40 , 21 , 58 , 120 , 301 , 178 , 398 , 55 , 263 , 1228 , 130 , 72 , 851 , 131 , 8637 , 8635 , 266 , 212 , 604 , 38 , 61 , 283 , 72 , 782 , 27 , 521 , 426 , 121 , 668 , 8707 , 72 , 169 , 243 , 270 , 57 , 891 , 276 , 266 , 431 , 270 , 104 , 759 , 25 , 518 , 266 , 70 , 688 , 306 , 52 , 525 , 688 , 63 , 53 , 995 , 266 , 736 , 618
RegressionTest0::test29 , 141 , 376 , 136 , 211 , 192 , 282 , 376 , 160 , 287 , 216 , 191 , 591 , 372 , 209 , 196 , 195 , 418 , 191 , 740 , 211 , 495 , 209 , 374 , 189 , 372 , 285 , 47 , 183 , 0 , 194 , 183 , 193 , 234 , 358 , 46 , 448 , 193 , 363 , 1086 , 221 , 215 , 843 , 223 , 8566 , 8564 , 376 , 323 , 633 , 193 , 195 , 392 , 215 , 666 , 192 , 383 , 291 , 261 , 547 , 8635 , 215 , 40 , 285 , 370 , 195 , 898 , 372 , 375 , 489 , 372 , 246 , 771 , 191 , 614 , 376 , 213 , 706 , 229 , 195 , 396 , 554 , 207 , 195 , 1003 , 376 , 758 , 537
RegressionTest0::test30 , 87 , 279 , 87 , 84 , 39 , 431 , 279 , 292 , 171 , 84 , 24 , 735 , 288 , 89 , 69 , 61 , 550 , 31 , 738 , 80 , 463 , 66 , 279 , 66 , 278 , 148 , 182 , 40 , 194 , 0 , 37 , 48 , 118 , 312 , 182 , 414 , 65 , 274 , 1225 , 142 , 86 , 844 , 144 , 8630 , 8628 , 279 , 212 , 605 , 41 , 58 , 280 , 86 , 792 , 30 , 526 , 417 , 104 , 677 , 8700 , 84 , 182 , 240 , 263 , 58 , 886 , 286 , 278 , 447 , 276 , 99 , 760 , 38 , 508 , 274 , 82 , 684 , 292 , 68 , 526 , 682 , 62 , 65 , 1009 , 279 , 751 , 619
RegressionTest0::test31 , 70 , 262 , 72 , 68 , 22 , 422 , 262 , 293 , 171 , 69 , 38 , 733 , 275 , 82 , 52 , 54 , 549 , 24 , 732 , 67 , 459 , 64 , 262 , 54 , 264 , 147 , 178 , 21 , 183 , 37 , 0 , 62 , 112 , 289 , 174 , 399 , 48 , 256 , 1224 , 128 , 67 , 843 , 130 , 8636 , 8634 , 261 , 208 , 599 , 38 , 60 , 277 , 69 , 782 , 25 , 520 , 436 , 125 , 664 , 8706 , 69 , 170 , 240 , 265 , 61 , 894 , 272 , 262 , 430 , 266 , 99 , 757 , 25 , 519 , 263 , 68 , 685 , 313 , 52 , 513 , 686 , 59 , 54 , 993 , 262 , 743 , 617
RegressionTest0::test32 , 113 , 256 , 110 , 96 , 58 , 430 , 257 , 295 , 149 , 97 , 40 , 736 , 270 , 60 , 35 , 33 , 558 , 63 , 761 , 97 , 491 , 94 , 258 , 33 , 259 , 175 , 185 , 58 , 193 , 48 , 62 , 0 , 87 , 338 , 187 , 438 , 36 , 255 , 1233 , 157 , 95 , 861 , 155 , 8654 , 8652 , 258 , 188 , 631 , 71 , 22 , 257 , 93 , 796 , 61 , 529 , 416 , 137 , 687 , 8724 , 95 , 184 , 268 , 246 , 37 , 901 , 268 , 258 , 472 , 261 , 132 , 786 , 63 , 492 , 255 , 97 , 712 , 295 , 35 , 533 , 695 , 87 , 29 , 1032 , 258 , 772 , 626
RegressionTest0::test33 , 171 , 317 , 168 , 154 , 123 , 370 , 317 , 242 , 102 , 157 , 115 , 677 , 289 , 59 , 102 , 97 , 571 , 118 , 724 , 153 , 430 , 117 , 315 , 92 , 314 , 120 , 229 , 120 , 234 , 118 , 112 , 87 , 0 , 361 , 231 , 458 , 92 , 312 , 1161 , 213 , 155 , 857 , 213 , 8587 , 8585 , 317 , 136 , 557 , 110 , 92 , 197 , 155 , 797 , 120 , 547 , 469 , 147 , 687 , 8651 , 155 , 227 , 226 , 306 , 95 , 895 , 288 , 317 , 479 , 315 , 93 , 762 , 113 , 432 , 317 , 153 , 659 , 317 , 102 , 544 , 651 , 87 , 91 , 1019 , 317 , 741 , 631
RegressionTest0::test34 , 245 , 524 , 245 , 337 , 301 , 471 , 525 , 413 , 379 , 340 , 313 , 535 , 498 , 356 , 331 , 330 , 329 , 302 , 484 , 339 , 256 , 333 , 525 , 329 , 518 , 359 , 346 , 301 , 358 , 312 , 289 , 338 , 361 , 0 , 342 , 157 , 324 , 518 , 988 , 384 , 339 , 572 , 385 , 8368 , 8368 , 525 , 377 , 415 , 312 , 336 , 420 , 339 , 517 , 300 , 285 , 161 , 343 , 407 , 8437 , 339 , 342 , 244 , 514 , 337 , 641 , 503 , 524 , 156 , 515 , 351 , 506 , 304 , 635 , 520 , 338 , 408 , 393 , 331 , 292 , 418 , 336 , 333 , 733 , 522 , 489 , 397
RegressionTest0::test35 , 135 , 368 , 134 , 207 , 184 , 282 , 368 , 159 , 283 , 208 , 187 , 593 , 366 , 196 , 187 , 185 , 417 , 184 , 744 , 208 , 493 , 205 , 368 , 188 , 365 , 283 , 40 , 178 , 46 , 182 , 174 , 187 , 231 , 342 , 0 , 439 , 171 , 360 , 1086 , 219 , 208 , 848 , 221 , 8566 , 8568 , 368 , 319 , 628 , 186 , 182 , 386 , 208 , 663 , 183 , 373 , 288 , 256 , 550 , 8641 , 208 , 36 , 281 , 361 , 181 , 895 , 368 , 368 , 481 , 367 , 240 , 773 , 184 , 603 , 366 , 204 , 706 , 228 , 189 , 376 , 550 , 203 , 186 , 1001 , 367 , 759 , 537
RegressionTest0::test36 , 353 , 628 , 351 , 444 , 408 , 516 , 629 , 478 , 471 , 448 , 411 , 544 , 603 , 455 , 438 , 435 , 220 , 407 , 385 , 442 , 308 , 430 , 629 , 436 , 622 , 445 , 442 , 398 , 448 , 414 , 399 , 438 , 458 , 157 , 439 , 0 , 432 , 623 , 862 , 478 , 448 , 483 , 483 , 8279 , 8276 , 627 , 469 , 468 , 408 , 434 , 488 , 448 , 427 , 409 , 148 , 297 , 437 , 318 , 8344 , 448 , 431 , 331 , 616 , 440 , 529 , 608 , 628 , 87 , 620 , 446 , 398 , 406 , 666 , 626 , 442 , 339 , 450 , 438 , 195 , 341 , 435 , 432 , 630 , 628 , 383 , 272
RegressionTest0::test37 , 101 , 249 , 104 , 90 , 52 , 435 , 246 , 298 , 150 , 88 , 70 , 740 , 260 , 52 , 26 , 25 , 554 , 50 , 761 , 93 , 493 , 95 , 248 , 26 , 248 , 179 , 177 , 55 , 193 , 65 , 48 , 36 , 92 , 324 , 171 , 432 , 0 , 247 , 1234 , 153 , 89 , 877 , 149 , 8655 , 8656 , 247 , 187 , 629 , 67 , 29 , 260 , 89 , 789 , 45 , 524 , 439 , 147 , 680 , 8728 , 89 , 178 , 272 , 254 , 25 , 924 , 257 , 247 , 462 , 252 , 132 , 785 , 58 , 496 , 248 , 94 , 715 , 312 , 26 , 522 , 695 , 92 , 27 , 1024 , 248 , 768 , 624
RegressionTest0::test38 , 304 , 17 , 309 , 261 , 257 , 611 , 17 , 474 , 366 , 254 , 277 , 904 , 117 , 281 , 238 , 250 , 716 , 262 , 939 , 265 , 686 , 304 , 17 , 246 , 16 , 385 , 365 , 263 , 363 , 274 , 256 , 255 , 312 , 518 , 360 , 623 , 247 , 0 , 1401 , 309 , 258 , 1058 , 304 , 8849 , 8847 , 17 , 405 , 825 , 279 , 254 , 478 , 258 , 943 , 265 , 690 , 605 , 362 , 838 , 8919 , 258 , 360 , 466 , 32 , 259 , 1108 , 98 , 16 , 639 , 19 , 337 , 976 , 266 , 715 , 17 , 266 , 905 , 502 , 237 , 686 , 857 , 301 , 250 , 1198 , 17 , 956 , 795
RegressionTest0::test39 , 1184 , 1408 , 1181 , 1254 , 1234 , 829 , 1409 , 965 , 1106 , 1260 , 1224 , 517 , 1304 , 1195 , 1246 , 1239 , 785 , 1231 , 808 , 1251 , 790 , 1209 , 1409 , 1233 , 1398 , 1096 , 1089 , 1228 , 1086 , 1225 , 1224 , 1233 , 1161 , 988 , 1086 , 862 , 1234 , 1401 , 0 , 1224 , 1258 , 907 , 1231 , 7823 , 7818 , 1409 , 1077 , 812 , 1206 , 1236 , 1017 , 1258 , 720 , 1232 , 751 , 879 , 1199 , 796 , 7858 , 1258 , 1083 , 1017 , 1391 , 1237 , 875 , 1319 , 1406 , 880 , 1392 , 1142 , 806 , 1222 , 1049 , 1407 , 1251 , 769 , 1076 , 1246 , 786 , 628 , 1184 , 1237 , 817 , 1408 , 811 , 795
RegressionTest0::test40 , 170 , 306 , 173 , 73 , 121 , 429 , 304 , 338 , 264 , 80 , 143 , 730 , 308 , 180 , 150 , 153 , 573 , 123 , 783 , 69 , 546 , 168 , 306 , 152 , 308 , 250 , 216 , 130 , 221 , 142 , 128 , 157 , 213 , 384 , 219 , 478 , 153 , 309 , 1224 , 0 , 76 , 888 , 15 , 8620 , 8619 , 302 , 303 , 681 , 143 , 151 , 374 , 79 , 796 , 124 , 550 , 458 , 231 , 688 , 8693 , 77 , 214 , 343 , 310 , 157 , 940 , 308 , 307 , 498 , 310 , 203 , 814 , 130 , 613 , 307 , 67 , 745 , 298 , 150 , 547 , 705 , 164 , 151 , 1031 , 304 , 798 , 603
RegressionTest0::test41 , 108 , 252 , 115 , 13 , 54 , 459 , 252 , 320 , 209 , 8 , 82 , 763 , 268 , 122 , 80 , 82 , 572 , 64 , 756 , 19 , 503 , 110 , 254 , 86 , 254 , 193 , 200 , 72 , 215 , 86 , 67 , 95 , 155 , 339 , 208 , 448 , 89 , 258 , 1258 , 76 , 0 , 870 , 65 , 8656 , 8655 , 250 , 247 , 641 , 85 , 88 , 319 , 5 , 799 , 65 , 548 , 462 , 171 , 694 , 8729 , 5 , 199 , 285 , 254 , 95 , 924 , 262 , 255 , 463 , 252 , 148 , 794 , 71 , 564 , 255 , 19 , 719 , 336 , 81 , 545 , 713 , 105 , 85 , 1020 , 252 , 773 , 644
RegressionTest0::test42 , 792 , 1063 , 796 , 869 , 848 , 835 , 1065 , 841 , 867 , 874 , 834 , 696 , 1026 , 874 , 875 , 875 , 525 , 847 , 334 , 870 , 604 , 834 , 1065 , 876 , 1058 , 841 , 857 , 851 , 843 , 844 , 843 , 861 , 857 , 572 , 848 , 483 , 877 , 1058 , 907 , 888 , 870 , 0 , 891 , 7903 , 7903 , 1064 , 860 , 658 , 844 , 876 , 864 , 871 , 413 , 848 , 592 , 675 , 809 , 455 , 7975 , 873 , 845 , 716 , 1034 , 875 , 349 , 1034 , 1063 , 438 , 1052 , 851 , 392 , 849 , 903 , 1062 , 870 , 442 , 786 , 875 , 539 , 591 , 850 , 874 , 410 , 1065 , 344 , 553
RegressionTest0::test43 , 170 , 299 , 173 , 71 , 114 , 436 , 298 , 344 , 269 , 71 , 143 , 736 , 300 , 181 , 142 , 144 , 573 , 123 , 785 , 78 , 551 , 170 , 296 , 146 , 302 , 253 , 215 , 131 , 223 , 144 , 130 , 155 , 213 , 385 , 221 , 483 , 149 , 304 , 1231 , 15 , 65 , 891 , 0 , 8629 , 8628 , 296 , 306 , 686 , 145 , 149 , 381 , 68 , 791 , 124 , 552 , 460 , 231 , 688 , 8702 , 68 , 215 , 345 , 298 , 154 , 942 , 299 , 298 , 499 , 300 , 208 , 818 , 129 , 619 , 299 , 78 , 748 , 299 , 142 , 547 , 714 , 167 , 143 , 1030 , 298 , 802 , 607
RegressionTest0::test44 , 8596 , 8855 , 8591 , 8651 , 8650 , 8395 , 8857 , 8448 , 8523 , 8661 , 8627 , 8149 , 8744 , 8614 , 8673 , 8662 , 8239 , 8642 , 7987 , 8645 , 8203 , 8593 , 8855 , 8661 , 8847 , 8501 , 8580 , 8637 , 8566 , 8630 , 8636 , 8654 , 8587 , 8368 , 8566 , 8279 , 8655 , 8849 , 7823 , 8620 , 8656 , 7903 , 8629 , 0 , 36 , 8857 , 8489 , 8095 , 8618 , 8652 , 8418 , 8658 , 8011 , 8639 , 8266 , 8347 , 8553 , 8132 , 98 , 8659 , 8570 , 8418 , 8826 , 8643 , 7851 , 8759 , 8851 , 8243 , 8840 , 8551 , 7957 , 8635 , 8370 , 8849 , 8647 , 8010 , 8460 , 8672 , 8263 , 8099 , 8596 , 8660 , 7756 , 8856 , 7987 , 8185
RegressionTest0::test45 , 8594 , 8853 , 8589 , 8650 , 8647 , 8393 , 8855 , 8446 , 8521 , 8659 , 8626 , 8144 , 8742 , 8617 , 8670 , 8660 , 8237 , 8639 , 7985 , 8643 , 8201 , 8591 , 8853 , 8660 , 8844 , 8499 , 8581 , 8635 , 8564 , 8628 , 8634 , 8652 , 8585 , 8368 , 8568 , 8276 , 8656 , 8847 , 7818 , 8619 , 8655 , 7903 , 8628 , 36 , 0 , 8855 , 8487 , 8093 , 8616 , 8654 , 8416 , 8657 , 8008 , 8638 , 8262 , 8343 , 8551 , 8130 , 83 , 8657 , 8569 , 8416 , 8826 , 8648 , 7851 , 8757 , 8849 , 8241 , 8838 , 8549 , 7955 , 8633 , 8375 , 8848 , 8643 , 8008 , 8458 , 8670 , 8261 , 8097 , 8594 , 8659 , 7754 , 8855 , 7981 , 8183
RegressionTest0::test46 , 303 , 7 , 307 , 258 , 253 , 617 , 5 , 481 , 371 , 248 , 278 , 911 , 123 , 281 , 239 , 241 , 720 , 258 , 943 , 263 , 691 , 305 , 9 , 245 , 17 , 387 , 364 , 266 , 376 , 279 , 261 , 258 , 317 , 525 , 368 , 627 , 247 , 17 , 1409 , 302 , 250 , 1064 , 296 , 8857 , 8855 , 0 , 409 , 830 , 278 , 249 , 483 , 252 , 947 , 259 , 695 , 609 , 367 , 843 , 8928 , 252 , 362 , 470 , 41 , 255 , 1113 , 102 , 11 , 646 , 26 , 341 , 980 , 264 , 722 , 12 , 261 , 909 , 507 , 240 , 692 , 863 , 301 , 246 , 1202 , 5 , 960 , 798
RegressionTest0::test47 , 260 , 411 , 259 , 247 , 218 , 346 , 409 , 216 , 89 , 251 , 208 , 586 , 335 , 153 , 197 , 184 , 574 , 214 , 607 , 245 , 348 , 201 , 412 , 191 , 408 , 109 , 314 , 212 , 323 , 212 , 208 , 188 , 136 , 377 , 319 , 469 , 187 , 405 , 1077 , 303 , 247 , 860 , 306 , 8489 , 8487 , 409 , 0 , 467 , 208 , 189 , 98 , 249 , 800 , 214 , 541 , 484 , 204 , 697 , 8559 , 249 , 315 , 264 , 401 , 190 , 778 , 341 , 407 , 487 , 390 , 147 , 650 , 202 , 335 , 409 , 245 , 619 , 371 , 196 , 541 , 549 , 174 , 188 , 1016 , 411 , 623 , 647
RegressionTest0::test48 , 557 , 831 , 556 , 638 , 612 , 547 , 831 , 492 , 502 , 645 , 599 , 412 , 721 , 589 , 642 , 637 , 526 , 606 , 435 , 637 , 200 , 583 , 832 , 635 , 823 , 467 , 626 , 604 , 633 , 605 , 599 , 631 , 557 , 415 , 628 , 468 , 629 , 825 , 812 , 681 , 641 , 658 , 686 , 8095 , 8093 , 830 , 467 , 0 , 589 , 631 , 397 , 643 , 697 , 608 , 555 , 506 , 580 , 638 , 8163 , 643 , 625 , 379 , 820 , 632 , 596 , 739 , 831 , 478 , 821 , 515 , 467 , 597 , 557 , 830 , 637 , 409 , 624 , 640 , 525 , 447 , 556 , 633 , 830 , 831 , 448 , 560
RegressionTest0::test49 , 89 , 279 , 88 , 86 , 41 , 426 , 280 , 289 , 166 , 87 , 40 , 728 , 289 , 86 , 71 , 66 , 548 , 36 , 733 , 84 , 455 , 54 , 280 , 62 , 269 , 144 , 182 , 38 , 193 , 41 , 38 , 71 , 110 , 312 , 186 , 408 , 67 , 279 , 1206 , 143 , 85 , 844 , 145 , 8618 , 8616 , 278 , 208 , 589 , 0 , 68 , 274 , 87 , 793 , 36 , 518 , 422 , 114 , 678 , 8686 , 87 , 182 , 237 , 283 , 66 , 897 , 287 , 280 , 448 , 277 , 97 , 758 , 38 , 511 , 279 , 85 , 681 , 303 , 71 , 519 , 685 , 59 , 58 , 1009 , 279 , 748 , 616
RegressionTest0::test50 , 106 , 249 , 107 , 90 , 52 , 434 , 249 , 298 , 151 , 88 , 56 , 738 , 263 , 59 , 28 , 29 , 556 , 57 , 761 , 91 , 490 , 94 , 250 , 29 , 253 , 177 , 181 , 61 , 195 , 58 , 60 , 22 , 92 , 336 , 182 , 434 , 29 , 254 , 1236 , 151 , 88 , 876 , 149 , 8652 , 8654 , 249 , 189 , 631 , 68 , 0 , 259 , 86 , 793 , 55 , 525 , 430 , 146 , 680 , 8725 , 86 , 180 , 271 , 257 , 20 , 909 , 260 , 250 , 465 , 255 , 131 , 787 , 59 , 492 , 250 , 94 , 715 , 309 , 29 , 529 , 694 , 89 , 26 , 1027 , 249 , 770 , 620
RegressionTest0::test51 , 328 , 482 , 330 , 317 , 289 , 360 , 483 , 252 , 128 , 322 , 279 , 610 , 365 , 217 , 270 , 263 , 588 , 283 , 633 , 314 , 366 , 273 , 483 , 264 , 478 , 147 , 385 , 283 , 392 , 280 , 277 , 257 , 197 , 420 , 386 , 488 , 260 , 478 , 1017 , 374 , 319 , 864 , 381 , 8418 , 8416 , 483 , 98 , 397 , 274 , 259 , 0 , 319 , 802 , 282 , 575 , 505 , 268 , 704 , 8485 , 321 , 383 , 281 , 470 , 260 , 801 , 386 , 482 , 502 , 473 , 191 , 664 , 276 , 265 , 482 , 314 , 598 , 427 , 270 , 569 , 596 , 233 , 262 , 1017 , 482 , 648 , 648
RegressionTest0::test52 , 110 , 250 , 115 , 13 , 54 , 459 , 252 , 320 , 209 , 8 , 83 , 761 , 268 , 122 , 80 , 82 , 572 , 64 , 756 , 19 , 505 , 108 , 254 , 86 , 254 , 193 , 200 , 72 , 215 , 86 , 69 , 93 , 155 , 339 , 208 , 448 , 89 , 258 , 1258 , 79 , 5 , 871 , 68 , 8658 , 8657 , 252 , 249 , 643 , 87 , 86 , 319 , 0 , 797 , 63 , 546 , 460 , 169 , 692 , 8727 , 5 , 201 , 283 , 254 , 96 , 924 , 262 , 255 , 463 , 252 , 148 , 796 , 69 , 564 , 255 , 19 , 719 , 336 , 81 , 545 , 713 , 107 , 83 , 1020 , 252 , 773 , 644
RegressionTest0::test53 , 730 , 946 , 728 , 800 , 781 , 713 , 947 , 692 , 805 , 799 , 793 , 558 , 916 , 804 , 789 , 789 , 378 , 782 , 496 , 803 , 571 , 786 , 945 , 791 , 942 , 801 , 660 , 782 , 666 , 792 , 782 , 796 , 797 , 517 , 663 , 427 , 789 , 943 , 720 , 796 , 799 , 413 , 791 , 8011 , 8008 , 947 , 800 , 697 , 793 , 793 , 802 , 797 , 0 , 780 , 364 , 473 , 783 , 271 , 8068 , 799 , 660 , 685 , 933 , 796 , 547 , 925 , 946 , 382 , 939 , 804 , 481 , 784 , 858 , 945 , 803 , 430 , 698 , 789 , 355 , 454 , 801 , 793 , 455 , 946 , 501 , 490
RegressionTest0::test54 , 66 , 258 , 72 , 61 , 16 , 435 , 260 , 298 , 176 , 65 , 35 , 733 , 274 , 84 , 46 , 46 , 550 , 9 , 729 , 64 , 469 , 69 , 260 , 53 , 264 , 154 , 177 , 27 , 192 , 30 , 25 , 61 , 120 , 300 , 183 , 409 , 45 , 265 , 1232 , 124 , 65 , 848 , 124 , 8639 , 8638 , 259 , 214 , 608 , 36 , 55 , 282 , 63 , 780 , 0 , 522 , 434 , 121 , 671 , 8709 , 65 , 179 , 242 , 264 , 57 , 892 , 270 , 260 , 428 , 262 , 102 , 759 , 27 , 524 , 259 , 64 , 689 , 309 , 46 , 521 , 690 , 64 , 52 , 991 , 258 , 742 , 619
RegressionTest0::test55 , 476 , 695 , 473 , 546 , 524 , 496 , 695 , 450 , 559 , 550 , 525 , 482 , 666 , 539 , 530 , 518 , 142 , 525 , 498 , 546 , 401 , 533 , 695 , 526 , 687 , 556 , 386 , 521 , 383 , 526 , 520 , 529 , 547 , 285 , 373 , 148 , 524 , 690 , 751 , 550 , 548 , 592 , 552 , 8266 , 8262 , 695 , 541 , 555 , 518 , 525 , 575 , 546 , 364 , 522 , 0 , 197 , 542 , 257 , 8329 , 548 , 364 , 441 , 682 , 528 , 649 , 674 , 694 , 214 , 676 , 556 , 514 , 521 , 690 , 694 , 544 , 438 , 479 , 532 , 102 , 254 , 535 , 525 , 718 , 694 , 505 , 250
RegressionTest0::test56 , 391 , 610 , 386 , 458 , 439 , 454 , 611 , 389 , 480 , 463 , 409 , 435 , 582 , 448 , 445 , 439 , 259 , 437 , 622 , 458 , 361 , 441 , 611 , 433 , 604 , 478 , 294 , 426 , 291 , 417 , 436 , 416 , 469 , 161 , 288 , 297 , 439 , 605 , 879 , 458 , 462 , 675 , 460 , 8347 , 8343 , 609 , 484 , 506 , 422 , 430 , 505 , 460 , 473 , 434 , 197 , 0 , 468 , 352 , 8410 , 462 , 286 , 359 , 582 , 437 , 744 , 586 , 608 , 304 , 601 , 479 , 631 , 436 , 656 , 604 , 459 , 500 , 394 , 445 , 241 , 342 , 445 , 436 , 832 , 610 , 624 , 364
RegressionTest0::test57 , 177 , 364 , 174 , 170 , 132 , 427 , 364 , 290 , 169 , 172 , 106 , 722 , 366 , 153 , 163 , 153 , 527 , 122 , 713 , 169 , 451 , 104 , 367 , 145 , 361 , 145 , 259 , 121 , 261 , 104 , 125 , 137 , 147 , 343 , 256 , 437 , 147 , 362 , 1199 , 231 , 171 , 809 , 231 , 8553 , 8551 , 367 , 204 , 580 , 114 , 146 , 268 , 169 , 783 , 121 , 542 , 468 , 0 , 683 , 8621 , 171 , 253 , 256 , 337 , 145 , 877 , 363 , 363 , 449 , 353 , 126 , 754 , 126 , 483 , 361 , 171 , 681 , 233 , 162 , 535 , 679 , 123 , 153 , 985 , 366 , 728 , 634
RegressionTest0::test58 , 625 , 843 , 625 , 692 , 673 , 598 , 843 , 584 , 698 , 694 , 680 , 554 , 812 , 698 , 681 , 680 , 278 , 670 , 468 , 695 , 491 , 684 , 843 , 683 , 838 , 696 , 539 , 668 , 547 , 677 , 664 , 687 , 687 , 407 , 550 , 318 , 680 , 838 , 796 , 688 , 694 , 455 , 688 , 8132 , 8130 , 843 , 697 , 638 , 678 , 680 , 704 , 692 , 271 , 671 , 257 , 352 , 683 , 0 , 8188 , 694 , 543 , 585 , 832 , 685 , 490 , 818 , 842 , 269 , 835 , 699 , 364 , 673 , 760 , 842 , 694 , 457 , 598 , 679 , 244 , 339 , 696 , 681 , 571 , 842 , 470 , 390
RegressionTest0::test59 , 8666 , 8925 , 8661 , 8722 , 8720 , 8465 , 8927 , 8518 , 8592 , 8731 , 8698 , 8216 , 8814 , 8688 , 8743 , 8730 , 8309 , 8711 , 8055 , 8715 , 8273 , 8661 , 8925 , 8732 , 8915 , 8571 , 8653 , 8707 , 8635 , 8700 , 8706 , 8724 , 8651 , 8437 , 8641 , 8344 , 8728 , 8919 , 7858 , 8693 , 8729 , 7975 , 8702 , 98 , 83 , 8928 , 8559 , 8163 , 8686 , 8725 , 8485 , 8727 , 8068 , 8709 , 8329 , 8410 , 8621 , 8188 , 0 , 8729 , 8640 , 8488 , 8898 , 8720 , 7918 , 8829 , 8921 , 8313 , 8909 , 8621 , 8001 , 8704 , 8433 , 8920 , 8717 , 8080 , 8530 , 8742 , 8326 , 8169 , 8666 , 8729 , 7824 , 8927 , 8049 , 8253
RegressionTest0::test60 , 110 , 252 , 115 , 13 , 54 , 459 , 252 , 320 , 209 , 6 , 84 , 763 , 268 , 122 , 80 , 82 , 572 , 64 , 756 , 18 , 505 , 110 , 254 , 86 , 254 , 193 , 200 , 72 , 215 , 84 , 69 , 95 , 155 , 339 , 208 , 448 , 89 , 258 , 1258 , 77 , 5 , 873 , 68 , 8659 , 8657 , 252 , 249 , 643 , 87 , 86 , 321 , 5 , 799 , 65 , 548 , 462 , 171 , 694 , 8729 , 0 , 199 , 283 , 252 , 94 , 923 , 260 , 253 , 461 , 250 , 146 , 796 , 71 , 565 , 255 , 20 , 719 , 336 , 81 , 545 , 711 , 107 , 85 , 1020 , 252 , 773 , 644
RegressionTest0::test61 , 125 , 362 , 124 , 198 , 178 , 279 , 362 , 158 , 280 , 201 , 180 , 590 , 365 , 197 , 181 , 173 , 420 , 177 , 736 , 200 , 488 , 203 , 362 , 179 , 362 , 280 , 38 , 169 , 40 , 182 , 170 , 184 , 227 , 342 , 36 , 431 , 178 , 360 , 1083 , 214 , 199 , 845 , 215 , 8570 , 8569 , 362 , 315 , 625 , 182 , 180 , 383 , 201 , 660 , 179 , 364 , 286 , 253 , 543 , 8640 , 199 , 0 , 277 , 362 , 178 , 891 , 362 , 360 , 472 , 357 , 239 , 768 , 177 , 607 , 362 , 200 , 703 , 225 , 181 , 391 , 553 , 197 , 179 , 1002 , 361 , 753 , 537
RegressionTest0::test62 , 190 , 467 , 192 , 283 , 246 , 351 , 470 , 233 , 219 , 287 , 241 , 517 , 391 , 227 , 276 , 269 , 446 , 240 , 555 , 283 , 237 , 237 , 470 , 273 , 462 , 195 , 279 , 243 , 285 , 240 , 240 , 268 , 226 , 244 , 281 , 331 , 272 , 466 , 1017 , 343 , 285 , 716 , 345 , 8418 , 8416 , 470 , 264 , 379 , 237 , 271 , 281 , 283 , 685 , 242 , 441 , 359 , 256 , 585 , 8488 , 283 , 277 , 0 , 458 , 269 , 724 , 378 , 467 , 349 , 458 , 146 , 590 , 233 , 517 , 468 , 283 , 462 , 323 , 276 , 417 , 495 , 194 , 271 , 878 , 469 , 572 , 506
RegressionTest0::test63 , 302 , 39 , 304 , 262 , 254 , 605 , 41 , 470 , 361 , 250 , 262 , 895 , 109 , 283 , 236 , 248 , 708 , 264 , 927 , 269 , 678 , 304 , 38 , 253 , 36 , 380 , 362 , 270 , 370 , 263 , 265 , 246 , 306 , 514 , 361 , 616 , 254 , 32 , 1391 , 310 , 254 , 1034 , 298 , 8826 , 8826 , 41 , 401 , 820 , 283 , 257 , 470 , 254 , 933 , 264 , 682 , 582 , 337 , 832 , 8898 , 252 , 362 , 458 , 0 , 261 , 1087 , 91 , 35 , 631 , 32 , 336 , 965 , 272 , 698 , 33 , 268 , 894 , 478 , 237 , 680 , 850 , 301 , 252 , 1186 , 40 , 944 , 785
RegressionTest0::test64 , 110 , 255 , 108 , 96 , 63 , 436 , 255 , 298 , 149 , 96 , 65 , 740 , 270 , 60 , 36 , 31 , 557 , 59 , 762 , 98 , 492 , 96 , 255 , 34 , 258 , 179 , 185 , 57 , 195 , 58 , 61 , 37 , 95 , 337 , 181 , 440 , 25 , 259 , 1237 , 157 , 95 , 875 , 154 , 8643 , 8648 , 255 , 190 , 632 , 66 , 20 , 260 , 96 , 796 , 57 , 528 , 437 , 145 , 685 , 8720 , 94 , 178 , 269 , 261 , 0 , 916 , 264 , 254 , 468 , 259 , 131 , 786 , 61 , 486 , 254 , 97 , 715 , 309 , 36 , 530 , 695 , 92 , 32 , 1029 , 253 , 775 , 622
RegressionTest0::test65 , 839 , 1112 , 834 , 920 , 894 , 822 , 1112 , 830 , 849 , 927 , 875 , 693 , 1039 , 901 , 920 , 921 , 590 , 893 , 177 , 919 , 571 , 886 , 1113 , 919 , 1104 , 822 , 905 , 891 , 898 , 886 , 894 , 901 , 895 , 641 , 895 , 529 , 924 , 1108 , 875 , 940 , 924 , 349 , 942 , 7851 , 7851 , 1113 , 778 , 596 , 897 , 909 , 801 , 924 , 547 , 892 , 649 , 744 , 877 , 490 , 7918 , 923 , 891 , 724 , 1087 , 916 , 0 , 1044 , 1108 , 514 , 1100 , 860 , 192 , 893 , 842 , 1110 , 917 , 572 , 854 , 923 , 603 , 666 , 887 , 915 , 518 , 1112 , 178 , 644
RegressionTest0::test66 , 309 , 103 , 315 , 268 , 263 , 526 , 104 , 391 , 285 , 259 , 287 , 820 , 25 , 259 , 246 , 252 , 699 , 269 , 875 , 273 , 599 , 312 , 104 , 256 , 98 , 299 , 361 , 276 , 372 , 286 , 272 , 268 , 288 , 503 , 368 , 608 , 257 , 98 , 1319 , 308 , 262 , 1034 , 299 , 8759 , 8757 , 102 , 341 , 739 , 287 , 260 , 386 , 262 , 925 , 270 , 674 , 586 , 363 , 818 , 8829 , 260 , 362 , 378 , 91 , 264 , 1044 , 0 , 101 , 622 , 93 , 252 , 911 , 271 , 629 , 102 , 271 , 817 , 503 , 247 , 671 , 791 , 276 , 257 , 1177 , 103 , 892 , 767
RegressionTest0::test67 , 305 , 11 , 308 , 258 , 256 , 619 , 9 , 480 , 370 , 254 , 276 , 909 , 122 , 281 , 238 , 247 , 717 , 260 , 942 , 264 , 690 , 305 , 11 , 245 , 16 , 388 , 359 , 266 , 375 , 278 , 262 , 258 , 317 , 524 , 368 , 628 , 247 , 16 , 1406 , 307 , 255 , 1063 , 298 , 8851 , 8849 , 11 , 407 , 831 , 280 , 250 , 482 , 255 , 946 , 260 , 694 , 608 , 363 , 842 , 8921 , 253 , 360 , 467 , 35 , 254 , 1108 , 101 , 0 , 643 , 21 , 340 , 979 , 258 , 718 , 9 , 264 , 910 , 504 , 239 , 691 , 862 , 302 , 242 , 1201 , 11 , 959 , 799
RegressionTest0::test68 , 369 , 645 , 372 , 461 , 425 , 532 , 646 , 496 , 486 , 463 , 449 , 548 , 617 , 482 , 453 , 457 , 243 , 425 , 360 , 462 , 308 , 448 , 646 , 461 , 638 , 460 , 473 , 431 , 489 , 447 , 430 , 472 , 479 , 156 , 481 , 87 , 462 , 639 , 880 , 498 , 463 , 438 , 499 , 8243 , 8241 , 646 , 487 , 478 , 448 , 465 , 502 , 463 , 382 , 428 , 214 , 304 , 449 , 269 , 8313 , 461 , 472 , 349 , 631 , 468 , 514 , 622 , 643 , 0 , 631 , 464 , 393 , 433 , 668 , 643 , 462 , 316 , 471 , 452 , 213 , 287 , 457 , 459 , 596 , 645 , 377 , 323
RegressionTest0::test69 , 303 , 25 , 308 , 260 , 252 , 612 , 26 , 473 , 361 , 248 , 280 , 898 , 112 , 283 , 234 , 241 , 710 , 262 , 931 , 267 , 680 , 304 , 26 , 251 , 22 , 382 , 362 , 270 , 372 , 276 , 266 , 261 , 315 , 515 , 367 , 620 , 252 , 19 , 1392 , 310 , 252 , 1052 , 300 , 8840 , 8838 , 26 , 390 , 821 , 277 , 255 , 473 , 252 , 939 , 262 , 676 , 601 , 353 , 835 , 8909 , 250 , 357 , 458 , 32 , 259 , 1100 , 93 , 21 , 631 , 0 , 338 , 970 , 270 , 710 , 23 , 266 , 899 , 499 , 235 , 680 , 852 , 302 , 250 , 1192 , 25 , 949 , 789
RegressionTest0::test70 , 153 , 340 , 155 , 146 , 106 , 347 , 341 , 204 , 88 , 146 , 101 , 647 , 273 , 88 , 136 , 129 , 575 , 100 , 689 , 144 , 373 , 99 , 341 , 134 , 338 , 65 , 239 , 104 , 246 , 99 , 99 , 132 , 93 , 351 , 240 , 446 , 132 , 337 , 1142 , 203 , 148 , 851 , 208 , 8551 , 8549 , 341 , 147 , 515 , 97 , 131 , 191 , 148 , 804 , 102 , 556 , 479 , 126 , 699 , 8621 , 146 , 239 , 146 , 336 , 131 , 860 , 252 , 340 , 464 , 338 , 0 , 722 , 93 , 432 , 338 , 143 , 595 , 312 , 134 , 544 , 616 , 59 , 133 , 1004 , 340 , 706 , 635
