: , RegressionTest0::test01 , RegressionTest0::test02 , RegressionTest0::test03 , RegressionTest0::test04 , RegressionTest0::test05 , RegressionTest0::test06 , RegressionTest0::test07 , RegressionTest0::test08 , RegressionTest0::test09 , RegressionTest0::test10 , RegressionTest0::test11 , RegressionTest0::test12 , RegressionTest0::test13 , RegressionTest0::test14 , RegressionTest0::test15 , RegressionTest0::test16 , RegressionTest0::test17 , RegressionTest0::test18 , RegressionTest0::test19 , RegressionTest0::test20 , RegressionTest0::test21 , RegressionTest0::test22 , RegressionTest0::test23 , RegressionTest0::test24 , RegressionTest0::test25 , RegressionTest0::test26 , RegressionTest0::test27 , RegressionTest0::test28 , RegressionTest0::test29 , RegressionTest0::test30 , RegressionTest0::test31 , RegressionTest0::test32 , RegressionTest0::test33 , RegressionTest0::test34 , RegressionTest0::test35 , RegressionTest0::test36 , RegressionTest0::test37 , RegressionTest0::test38 , RegressionTest0::test39
RegressionTest0::test01 , 0 , 224 , 42 , 180 , 379 , 42 , 42 , 42 , 477 , 247 , 42 , 189 , 179 , 5356 , 44 , 3366 , 3087 , 3276 , 1276 , 3391 , 3202 , 3315 , 384 , 429 , 3438 , 3390 , 3390 , 5860 , 3363 , 3354 , 3314 , 566 , 3292 , 3321 , 3382 , 3329 , 5977 , 3191 , 4291
RegressionTest0::test02 , 224 , 0 , 186 , 214 , 417 , 187 , 187 , 186 , 285 , 392 , 188 , 225 , 197 , 5225 , 189 , 3351 , 2895 , 3090 , 1269 , 3377 , 3247 , 3284 , 419 , 207 , 3421 , 3373 , 3415 , 5840 , 3165 , 3334 , 3286 , 582 , 3263 , 3311 , 3369 , 3302 , 5980 , 3240 , 4199
RegressionTest0::test03 , 42 , 186 , 0 , 164 , 367 , 4 , 4 , 3 , 468 , 209 , 4 , 177 , 145 , 5359 , 5 , 3349 , 3078 , 3269 , 1282 , 3379 , 3199 , 3291 , 367 , 391 , 3421 , 3372 , 3417 , 5856 , 3346 , 3336 , 3292 , 534 , 3258 , 3300 , 3367 , 3290 , 5979 , 3205 , 4289
RegressionTest0::test04 , 180 , 214 , 164 , 0 , 221 , 164 , 164 , 164 , 480 , 369 , 166 , 17 , 81 , 5372 , 166 , 3261 , 3036 , 3203 , 1287 , 3307 , 3163 , 3198 , 207 , 417 , 3332 , 3279 , 3323 , 5908 , 3248 , 3259 , 3199 , 468 , 3204 , 3229 , 3266 , 3216 , 6027 , 3199 , 4275
RegressionTest0::test05 , 379 , 417 , 367 , 221 , 0 , 367 , 367 , 367 , 280 , 166 , 369 , 233 , 282 , 5419 , 367 , 3288 , 3014 , 3243 , 1111 , 3347 , 3262 , 3282 , 20 , 216 , 3271 , 3346 , 3286 , 5786 , 3412 , 3370 , 3283 , 266 , 3284 , 3322 , 3369 , 3333 , 5925 , 3249 , 4240
RegressionTest0::test06 , 42 , 187 , 4 , 164 , 367 , 0 , 2 , 3 , 468 , 207 , 6 , 177 , 147 , 5359 , 5 , 3348 , 3078 , 3270 , 1283 , 3379 , 3199 , 3291 , 369 , 392 , 3421 , 3371 , 3417 , 5856 , 3347 , 3337 , 3290 , 534 , 3260 , 3300 , 3368 , 3288 , 5979 , 3206 , 4290
RegressionTest0::test07 , 42 , 187 , 4 , 164 , 367 , 2 , 0 , 3 , 468 , 207 , 6 , 177 , 147 , 5359 , 5 , 3350 , 3076 , 3270 , 1283 , 3379 , 3199 , 3291 , 369 , 392 , 3421 , 3373 , 3415 , 5856 , 3347 , 3337 , 3290 , 534 , 3260 , 3300 , 3368 , 3290 , 5977 , 3206 , 4290
RegressionTest0::test08 , 42 , 186 , 3 , 164 , 367 , 3 , 3 , 0 , 468 , 208 , 5 , 177 , 147 , 5359 , 6 , 3349 , 3078 , 3267 , 1283 , 3379 , 3199 , 3292 , 369 , 391 , 3421 , 3372 , 3417 , 5855 , 3346 , 3336 , 3291 , 534 , 3260 , 3301 , 3367 , 3291 , 5979 , 3203 , 4289
RegressionTest0::test09 , 477 , 285 , 468 , 480 , 280 , 468 , 468 , 468 , 0 , 268 , 470 , 482 , 450 , 5281 , 470 , 3413 , 2924 , 3124 , 1064 , 3468 , 3345 , 3404 , 280 , 85 , 3342 , 3485 , 3405 , 5729 , 3316 , 3470 , 3406 , 446 , 3414 , 3442 , 3481 , 3443 , 5845 , 3344 , 4177
RegressionTest0::test10 , 247 , 392 , 209 , 369 , 166 , 207 , 207 , 208 , 268 , 0 , 207 , 378 , 346 , 5394 , 206 , 3384 , 3075 , 3290 , 1092 , 3436 , 3314 , 3358 , 166 , 189 , 3338 , 3450 , 3375 , 5731 , 3422 , 3453 , 3358 , 332 , 3349 , 3362 , 3461 , 3371 , 5865 , 3243 , 4260
RegressionTest0::test11 , 42 , 188 , 4 , 166 , 369 , 6 , 6 , 5 , 470 , 207 , 0 , 175 , 145 , 5357 , 3 , 3347 , 3076 , 3267 , 1281 , 3379 , 3197 , 3291 , 369 , 391 , 3421 , 3372 , 3417 , 5856 , 3346 , 3336 , 3290 , 534 , 3260 , 3300 , 3367 , 3290 , 5979 , 3205 , 4289
RegressionTest0::test12 , 189 , 225 , 177 , 17 , 233 , 177 , 177 , 177 , 482 , 378 , 175 , 0 , 79 , 5370 , 175 , 3267 , 3039 , 3205 , 1286 , 3315 , 3161 , 3206 , 220 , 430 , 3341 , 3273 , 3333 , 5904 , 3258 , 3269 , 3209 , 466 , 3204 , 3238 , 3276 , 3226 , 6027 , 3207 , 4276
RegressionTest0::test13 , 179 , 197 , 145 , 81 , 282 , 147 , 147 , 147 , 450 , 346 , 145 , 79 , 0 , 5366 , 145 , 3305 , 3057 , 3240 , 1274 , 3348 , 3137 , 3255 , 280 , 398 , 3388 , 3332 , 3375 , 5868 , 3305 , 3302 , 3256 , 427 , 3198 , 3276 , 3323 , 3259 , 6008 , 3229 , 4291
RegressionTest0::test14 , 5356 , 5225 , 5359 , 5372 , 5419 , 5359 , 5359 , 5359 , 5281 , 5394 , 5357 , 5370 , 5366 , 0 , 5357 , 5136 , 3869 , 5446 , 5111 , 4975 , 4976 , 5218 , 5413 , 5300 , 5718 , 5298 , 5259 , 6114 , 5440 , 5092 , 5218 , 5392 , 5454 , 5322 , 5849 , 5318 , 6194 , 4878 , 5106
RegressionTest0::test15 , 44 , 189 , 5 , 166 , 367 , 5 , 5 , 6 , 470 , 206 , 3 , 175 , 145 , 5357 , 0 , 3348 , 3076 , 3268 , 1281 , 3379 , 3199 , 3290 , 369 , 392 , 3419 , 3373 , 3417 , 5855 , 3347 , 3337 , 3291 , 534 , 3260 , 3299 , 3366 , 3289 , 5979 , 3206 , 4290
RegressionTest0::test16 , 3366 , 3351 , 3349 , 3261 , 3288 , 3348 , 3350 , 3349 , 3413 , 3384 , 3347 , 3267 , 3305 , 5136 , 3348 , 0 , 1669 , 929 , 3772 , 284 , 466 , 136 , 3290 , 3387 , 1108 , 405 , 293 , 6391 , 1162 , 313 , 135 , 3437 , 447 , 310 , 1102 , 298 , 6519 , 550 , 2849
RegressionTest0::test17 , 3087 , 2895 , 3078 , 3036 , 3014 , 3078 , 3076 , 3078 , 2924 , 3075 , 3076 , 3039 , 3057 , 3869 , 3076 , 1669 , 0 , 2016 , 3161 , 1596 , 1562 , 1733 , 3017 , 2909 , 2392 , 1955 , 1772 , 5891 , 2261 , 1600 , 1732 , 3079 , 2021 , 1857 , 2518 , 1865 , 6001 , 1466 , 3116
RegressionTest0::test18 , 3276 , 3090 , 3269 , 3203 , 3243 , 3270 , 3270 , 3267 , 3124 , 3290 , 3267 , 3205 , 3240 , 5446 , 3268 , 929 , 2016 , 0 , 3903 , 1133 , 920 , 865 , 3246 , 3115 , 1405 , 839 , 930 , 6532 , 1243 , 986 , 866 , 3380 , 721 , 791 , 1397 , 794 , 6651 , 1055 , 2867
RegressionTest0::test19 , 1276 , 1269 , 1282 , 1287 , 1111 , 1283 , 1283 , 1283 , 1064 , 1092 , 1281 , 1286 , 1274 , 5111 , 1281 , 3772 , 3161 , 3903 , 0 , 3715 , 3800 , 3808 , 1110 , 1081 , 3700 , 3855 , 3816 , 5382 , 3739 , 3828 , 3809 , 905 , 3804 , 3793 , 3839 , 3794 , 5513 , 3740 , 4229
RegressionTest0::test20 , 3391 , 3377 , 3379 , 3307 , 3347 , 3379 , 3379 , 3379 , 3468 , 3436 , 3379 , 3315 , 3348 , 4975 , 3379 , 284 , 1596 , 1133 , 3715 , 0 , 633 , 399 , 3348 , 3437 , 1231 , 606 , 457 , 6294 , 1207 , 425 , 400 , 3385 , 711 , 557 , 1279 , 561 , 6424 , 699 , 2806
RegressionTest0::test21 , 3202 , 3247 , 3199 , 3163 , 3262 , 3199 , 3199 , 3199 , 3345 , 3314 , 3197 , 3161 , 3137 , 4976 , 3199 , 466 , 1562 , 920 , 3800 , 633 , 0 , 412 , 3267 , 3361 , 1328 , 643 , 605 , 6387 , 1263 , 562 , 415 , 3322 , 616 , 503 , 1357 , 483 , 6495 , 301 , 2847
RegressionTest0::test22 , 3315 , 3284 , 3291 , 3198 , 3282 , 3291 , 3291 , 3292 , 3404 , 3358 , 3291 , 3206 , 3255 , 5218 , 3290 , 136 , 1733 , 865 , 3808 , 399 , 412 , 0 , 3284 , 3362 , 1050 , 351 , 242 , 6459 , 1097 , 256 , 8 , 3407 , 319 , 194 , 1089 , 186 , 6597 , 519 , 2904
RegressionTest0::test23 , 384 , 419 , 367 , 207 , 20 , 369 , 369 , 369 , 280 , 166 , 369 , 220 , 280 , 5413 , 369 , 3290 , 3017 , 3246 , 1110 , 3348 , 3267 , 3284 , 0 , 214 , 3272 , 3340 , 3285 , 5788 , 3413 , 3372 , 3287 , 266 , 3289 , 3326 , 3374 , 3337 , 5911 , 3255 , 4241
RegressionTest0::test24 , 429 , 207 , 391 , 417 , 216 , 392 , 392 , 391 , 85 , 189 , 391 , 430 , 398 , 5300 , 392 , 3387 , 2909 , 3115 , 1081 , 3437 , 3361 , 3362 , 214 , 0 , 3331 , 3451 , 3374 , 5714 , 3238 , 3453 , 3365 , 382 , 3352 , 3371 , 3459 , 3383 , 5857 , 3314 , 4138
RegressionTest0::test25 , 3438 , 3421 , 3421 , 3332 , 3271 , 3421 , 3421 , 3421 , 3342 , 3338 , 3421 , 3341 , 3388 , 5718 , 3419 , 1108 , 2392 , 1405 , 3700 , 1231 , 1328 , 1050 , 3272 , 3331 , 0 , 1060 , 988 , 6259 , 493 , 1179 , 1053 , 3401 , 1060 , 1049 , 635 , 1056 , 6373 , 1462 , 2615
RegressionTest0::test26 , 3390 , 3373 , 3372 , 3279 , 3346 , 3371 , 3373 , 3372 , 3485 , 3450 , 3372 , 3273 , 3332 , 5298 , 3373 , 405 , 1955 , 839 , 3855 , 606 , 643 , 351 , 3340 , 3451 , 1060 , 0 , 360 , 6444 , 1136 , 504 , 354 , 3455 , 256 , 292 , 998 , 293 , 6579 , 834 , 2995
RegressionTest0::test27 , 3390 , 3415 , 3417 , 3323 , 3286 , 3417 , 3415 , 3417 , 3405 , 3375 , 3417 , 3333 , 3375 , 5259 , 3417 , 293 , 1772 , 930 , 3816 , 457 , 605 , 242 , 3285 , 3374 , 988 , 360 , 0 , 6483 , 1147 , 354 , 247 , 3429 , 393 , 270 , 1064 , 274 , 6614 , 734 , 3001
RegressionTest0::test28 , 5860 , 5840 , 5856 , 5908 , 5786 , 5856 , 5856 , 5855 , 5729 , 5731 , 5856 , 5904 , 5868 , 6114 , 5855 , 6391 , 5891 , 6532 , 5382 , 6294 , 6387 , 6459 , 5788 , 5714 , 6259 , 6444 , 6483 , 0 , 6185 , 6368 , 6460 , 5630 , 6573 , 6524 , 6368 , 6511 , 148 , 6298 , 5386
RegressionTest0::test29 , 3363 , 3165 , 3346 , 3248 , 3412 , 3347 , 3347 , 3346 , 3316 , 3422 , 3346 , 3258 , 3305 , 5440 , 3347 , 1162 , 2261 , 1243 , 3739 , 1207 , 1263 , 1097 , 3413 , 3238 , 493 , 1136 , 1147 , 6185 , 0 , 1214 , 1098 , 3417 , 1123 , 1125 , 813 , 1119 , 6326 , 1353 , 2363
RegressionTest0::test30 , 3354 , 3334 , 3336 , 3259 , 3370 , 3337 , 3337 , 3336 , 3470 , 3453 , 3336 , 3269 , 3302 , 5092 , 3337 , 313 , 1600 , 986 , 3828 , 425 , 562 , 256 , 3372 , 3453 , 1179 , 504 , 354 , 6368 , 1214 , 0 , 254 , 3465 , 552 , 434 , 1200 , 416 , 6493 , 651 , 2901
RegressionTest0::test31 , 3314 , 3286 , 3292 , 3199 , 3283 , 3290 , 3290 , 3291 , 3406 , 3358 , 3290 , 3209 , 3256 , 5218 , 3291 , 135 , 1732 , 866 , 3809 , 400 , 415 , 8 , 3287 , 3365 , 1053 , 354 , 247 , 6460 , 1098 , 254 , 0 , 3407 , 319 , 194 , 1088 , 186 , 6597 , 519 , 2904
RegressionTest0::test32 , 566 , 582 , 534 , 468 , 266 , 534 , 534 , 534 , 446 , 332 , 534 , 466 , 427 , 5392 , 534 , 3437 , 3079 , 3380 , 905 , 3385 , 3322 , 3407 , 266 , 382 , 3401 , 3455 , 3429 , 5630 , 3417 , 3465 , 3407 , 0 , 3385 , 3405 , 3486 , 3376 , 5760 , 3377 , 4203
RegressionTest0::test33 , 3292 , 3263 , 3258 , 3204 , 3284 , 3260 , 3260 , 3260 , 3414 , 3349 , 3260 , 3204 , 3198 , 5454 , 3260 , 447 , 2021 , 721 , 3804 , 711 , 616 , 319 , 3289 , 3352 , 1060 , 256 , 393 , 6573 , 1123 , 552 , 319 , 3385 , 0 , 225 , 1033 , 180 , 6711 , 827 , 3051
RegressionTest0::test34 , 3321 , 3311 , 3300 , 3229 , 3322 , 3300 , 3300 , 3301 , 3442 , 3362 , 3300 , 3238 , 3276 , 5322 , 3299 , 310 , 1857 , 791 , 3793 , 557 , 503 , 194 , 3326 , 3371 , 1049 , 292 , 270 , 6524 , 1125 , 434 , 194 , 3405 , 225 , 0 , 1053 , 82 , 6650 , 684 , 2953
RegressionTest0::test35 , 3382 , 3369 , 3367 , 3266 , 3369 , 3368 , 3368 , 3367 , 3481 , 3461 , 3367 , 3276 , 3323 , 5849 , 3366 , 1102 , 2518 , 1397 , 3839 , 1279 , 1357 , 1089 , 3374 , 3459 , 635 , 998 , 1064 , 6368 , 813 , 1200 , 1088 , 3486 , 1033 , 1053 , 0 , 1055 , 6418 , 1505 , 2786
RegressionTest0::test36 , 3329 , 3302 , 3290 , 3216 , 3333 , 3288 , 3290 , 3291 , 3443 , 3371 , 3290 , 3226 , 3259 , 5318 , 3289 , 298 , 1865 , 794 , 3794 , 561 , 483 , 186 , 3337 , 3383 , 1056 , 293 , 274 , 6511 , 1119 , 416 , 186 , 3376 , 180 , 82 , 1055 , 0 , 6646 , 672 , 2943
RegressionTest0::test37 , 5977 , 5980 , 5979 , 6027 , 5925 , 5979 , 5977 , 5979 , 5845 , 5865 , 5979 , 6027 , 6008 , 6194 , 5979 , 6519 , 6001 , 6651 , 5513 , 6424 , 6495 , 6597 , 5911 , 5857 , 6373 , 6579 , 6614 , 148 , 6326 , 6493 , 6597 , 5760 , 6711 , 6650 , 6418 , 6646 , 0 , 6413 , 5495
RegressionTest0::test38 , 3191 , 3240 , 3205 , 3199 , 3249 , 3206 , 3206 , 3203 , 3344 , 3243 , 3205 , 3207 , 3229 , 4878 , 3206 , 550 , 1466 , 1055 , 3740 , 699 , 301 , 519 , 3255 , 3314 , 1462 , 834 , 734 , 6298 , 1353 , 651 , 519 , 3377 , 827 , 684 , 1505 , 672 , 6413 , 0 , 2856
RegressionTest0::test39 , 4291 , 4199 , 4289 , 4275 , 4240 , 4290 , 4290 , 4289 , 4177 , 4260 , 4289 , 4276 , 4291 , 5106 , 4290 , 2849 , 3116 , 2867 , 4229 , 2806 , 2847 , 2904 , 4241 , 4138 , 2615 , 2995 , 3001 , 5386 , 2363 , 2901 , 2904 , 4203 , 3051 , 2953 , 2786 , 2943 , 5495 , 2856 , 0
