: , RegressionTest0::test01 , RegressionTest0::test02 , RegressionTest0::test03 , RegressionTest0::test04 , RegressionTest0::test05 , RegressionTest0::test06 , RegressionTest0::test07 , RegressionTest0::test08 , RegressionTest0::test09 , RegressionTest0::test10 , RegressionTest0::test11 , RegressionTest0::test12 , RegressionTest0::test13 , RegressionTest0::test14 , RegressionTest0::test15 , RegressionTest0::test16
RegressionTest0::test01 , 0 , 951 , 1044 , 1484 , 4370 , 2124 , 1749 , 1552 , 2752 , 3375 , 3064 , 2366 , 5209 , 4651 , 1787 , 3973
RegressionTest0::test02 , 951 , 0 , 927 , 1674 , 4195 , 2230 , 1676 , 1833 , 2929 , 3427 , 3166 , 2072 , 5370 , 4797 , 1513 , 4091
RegressionTest0::test03 , 1044 , 927 , 0 , 1311 , 4153 , 1887 , 2063 , 1613 , 2656 , 3040 , 2748 , 2080 , 5054 , 4494 , 1963 , 3657
RegressionTest0::test04 , 1484 , 1674 , 1311 , 0 , 4576 , 1774 , 1672 , 1294 , 2866 , 3151 , 2751 , 1921 , 5275 , 4610 , 1629 , 3831
RegressionTest0::test05 , 4370 , 4195 , 4153 , 4576 , 0 , 3547 , 5325 , 3925 , 2574 , 3127 , 2902 , 3294 , 3376 , 2977 , 5229 , 3426
RegressionTest0::test06 , 2124 , 2230 , 1887 , 1774 , 3547 , 0 , 2565 , 864 , 2348 , 3172 , 2534 , 2402 , 4330 , 3680 , 2372 , 3135
RegressionTest0::test07 , 1749 , 1676 , 2063 , 1672 , 5325 , 2565 , 0 , 1942 , 3764 , 4348 , 3993 , 3010 , 6300 , 5746 , 992 , 4911
RegressionTest0::test08 , 1552 , 1833 , 1613 , 1294 , 3925 , 864 , 1942 , 0 , 2224 , 3046 , 2571 , 2164 , 4710 , 4133 , 1879 , 3525
RegressionTest0::test09 , 2752 , 2929 , 2656 , 2866 , 2574 , 2348 , 3764 , 2224 , 0 , 2014 , 1750 , 2340 , 3043 , 2926 , 3674 , 2667
RegressionTest0::test10 , 3375 , 3427 , 3040 , 3151 , 3127 , 3172 , 4348 , 3046 , 2014 , 0 , 2280 , 2895 , 3732 , 3519 , 4306 , 2957
RegressionTest0::test11 , 3064 , 3166 , 2748 , 2751 , 2902 , 2534 , 3993 , 2571 , 1750 , 2280 , 0 , 2130 , 3602 , 3152 , 3950 , 2812
RegressionTest0::test12 , 2366 , 2072 , 2080 , 1921 , 3294 , 2402 , 3010 , 2164 , 2340 , 2895 , 2130 , 0 , 4333 , 3736 , 2925 , 3158
RegressionTest0::test13 , 5209 , 5370 , 5054 , 5275 , 3376 , 4330 , 6300 , 4710 , 3043 , 3732 , 3602 , 4333 , 0 , 2862 , 6244 , 3447
RegressionTest0::test14 , 4651 , 4797 , 4494 , 4610 , 2977 , 3680 , 5746 , 4133 , 2926 , 3519 , 3152 , 3736 , 2862 , 0 , 5676 , 3202
RegressionTest0::test15 , 1787 , 1513 , 1963 , 1629 , 5229 , 2372 , 992 , 1879 , 3674 , 4306 , 3950 , 2925 , 6244 , 5676 , 0 , 4799
RegressionTest0::test16 , 3973 , 4091 , 3657 , 3831 , 3426 , 3135 , 4911 , 3525 , 2667 , 2957 , 2812 , 3158 , 3447 , 3202 , 4799 , 0
