: , RegressionTest0::test001 , RegressionTest0::test002 , RegressionTest0::test003 , RegressionTest0::test004 , RegressionTest0::test005 , RegressionTest0::test006 , RegressionTest0::test007 , RegressionTest0::test008 , RegressionTest0::test009 , RegressionTest0::test010 , RegressionTest0::test011 , RegressionTest0::test012 , RegressionTest0::test013 , RegressionTest0::test014 , RegressionTest0::test015 , RegressionTest0::test016 , RegressionTest0::test017 , RegressionTest0::test018 , RegressionTest0::test019 , RegressionTest0::test020 , RegressionTest0::test021 , RegressionTest0::test022 , RegressionTest0::test023 , RegressionTest0::test024 , RegressionTest0::test025 , RegressionTest0::test026 , RegressionTest0::test027 , RegressionTest0::test028 , RegressionTest0::test029 , RegressionTest0::test030 , RegressionTest0::test031 , RegressionTest0::test032 , RegressionTest0::test033 , RegressionTest0::test034 , RegressionTest0::test035 , RegressionTest0::test036 , RegressionTest0::test037 , RegressionTest0::test038 , RegressionTest0::test039 , RegressionTest0::test040 , RegressionTest0::test041 , RegressionTest0::test042 , RegressionTest0::test043 , RegressionTest0::test044 , RegressionTest0::test045 , RegressionTest0::test046 , RegressionTest0::test047 , RegressionTest0::test048 , RegressionTest0::test049 , RegressionTest0::test050 , RegressionTest0::test051 , RegressionTest0::test052 , RegressionTest0::test053 , RegressionTest0::test054 , RegressionTest0::test055 , RegressionTest0::test056 , RegressionTest0::test057 , RegressionTest0::test058 , RegressionTest0::test059 , RegressionTest0::test060 , RegressionTest0::test061 , RegressionTest0::test062 , RegressionTest0::test063 , RegressionTest0::test064 , RegressionTest0::test065 , RegressionTest0::test066 , RegressionTest0::test067 , RegressionTest0::test068 , RegressionTest0::test069 , RegressionTest0::test070 , RegressionTest0::test071 , RegressionTest0::test072 , RegressionTest0::test073 , RegressionTest0::test074 , RegressionTest0::test075 , RegressionTest0::test076 , RegressionTest0::test077 , RegressionTest0::test078 , RegressionTest0::test079 , RegressionTest0::test080 , RegressionTest0::test081 , RegressionTest0::test082 , RegressionTest0::test083 , RegressionTest0::test084 , RegressionTest0::test085 , RegressionTest0::test086 , RegressionTest0::test087 , RegressionTest0::test088 , RegressionTest0::test089 , RegressionTest0::test090 , RegressionTest0::test091 , RegressionTest0::test092 , RegressionTest0::test093 , RegressionTest0::test094 , RegressionTest0::test095 , RegressionTest0::test096 , RegressionTest0::test097 , RegressionTest0::test098 , RegressionTest0::test099 , RegressionTest0::test100 , RegressionTest0::test101 , RegressionTest0::test102 , RegressionTest0::test103 , RegressionTest0::test104 , RegressionTest0::test105 , RegressionTest0::test106 , RegressionTest0::test107 , RegressionTest0::test108 , RegressionTest0::test109 , RegressionTest0::test110 , RegressionTest0::test111 , RegressionTest0::test112 , RegressionTest0::test113 , RegressionTest0::test114 , RegressionTest0::test115 , RegressionTest0::test116 , RegressionTest0::test117 , RegressionTest0::test118 , RegressionTest0::test119 , RegressionTest0::test120 , RegressionTest0::test121 , RegressionTest0::test122 , RegressionTest0::test123 , RegressionTest0::test124 , RegressionTest0::test125 , RegressionTest0::test126 , RegressionTest0::test127 , RegressionTest0::test128 , RegressionTest0::test129
RegressionTest0::test001 , 0 , 656 , 393 , 470 , 746 , 2674 , 648 , 340 , 2024 , 358 , 3028 , 633 , 399 , 424 , 79 , 435 , 424 , 727 , 388 , 686 , 634 , 462 , 402 , 476 , 554 , 205 , 598 , 5194 , 2783 , 697 , 378 , 452 , 245 , 375 , 512 , 621 , 811 , 551 , 446 , 449 , 357 , 408 , 537 , 385 , 512 , 719 , 812 , 2081 , 523 , 1625 , 2454 , 413 , 763 , 977 , 726 , 812 , 388 , 3219 , 465 , 827 , 583 , 690 , 753 , 626 , 799 , 745 , 3208 , 721 , 674 , 2819 , 388 , 691 , 2992 , 676 , 651 , 632 , 524 , 799 , 636 , 617 , 913 , 636 , 3430 , 681 , 405 , 564 , 1817 , 618 , 451 , 10516 , 628 , 652 , 3726 , 270 , 608 , 736 , 583 , 659 , 435 , 644 , 544 , 3943 , 712 , 630 , 3515 , 512 , 713 , 1943 , 653 , 457 , 581 , 207 , 626 , 531 , 604 , 2595 , 740 , 476 , 730 , 369 , 690 , 621 , 3235 , 614 , 513 , 2389 , 752 , 649 , 2442
RegressionTest0::test002 , 656 , 0 , 897 , 512 , 377 , 3230 , 65 , 474 , 2382 , 658 , 3450 , 558 , 758 , 729 , 623 , 551 , 737 , 997 , 622 , 911 , 420 , 621 , 805 , 481 , 604 , 780 , 535 , 5713 , 3327 , 970 , 745 , 623 , 430 , 663 , 574 , 145 , 414 , 375 , 693 , 472 , 569 , 701 , 550 , 596 , 788 , 404 , 412 , 2595 , 819 , 1927 , 2846 , 830 , 402 , 1333 , 416 , 401 , 894 , 3667 , 893 , 416 , 653 , 394 , 412 , 99 , 405 , 393 , 3755 , 718 , 623 , 3260 , 779 , 533 , 3444 , 630 , 75 , 489 , 955 , 405 , 642 , 128 , 1129 , 677 , 3964 , 643 , 638 , 492 , 2212 , 500 , 584 , 10982 , 595 , 432 , 4211 , 774 , 475 , 828 , 362 , 88 , 814 , 473 , 694 , 4425 , 741 , 390 , 4012 , 440 , 420 , 2394 , 87 , 773 , 451 , 854 , 400 , 402 , 1068 , 3039 , 834 , 914 , 420 , 748 , 398 , 508 , 3734 , 159 , 436 , 2823 , 1048 , 507 , 2897
RegressionTest0::test003 , 393 , 897 , 0 , 630 , 961 , 2464 , 905 , 684 , 1748 , 431 , 2755 , 792 , 462 , 487 , 435 , 627 , 489 , 774 , 496 , 721 , 846 , 611 , 435 , 641 , 674 , 451 , 832 , 4981 , 2587 , 732 , 393 , 612 , 603 , 483 , 628 , 875 , 1041 , 782 , 546 , 624 , 501 , 430 , 726 , 571 , 557 , 926 , 1045 , 1873 , 444 , 1576 , 2238 , 345 , 972 , 756 , 925 , 1039 , 487 , 2943 , 460 , 1059 , 731 , 888 , 959 , 868 , 1025 , 964 , 2999 , 830 , 823 , 2528 , 444 , 834 , 2711 , 822 , 909 , 819 , 440 , 1022 , 751 , 870 , 751 , 810 , 3229 , 826 , 539 , 754 , 1583 , 792 , 603 , 10319 , 819 , 870 , 3446 , 478 , 808 , 803 , 811 , 914 , 490 , 850 , 675 , 3668 , 839 , 844 , 3327 , 733 , 916 , 1794 , 913 , 427 , 822 , 205 , 834 , 805 , 458 , 2300 , 806 , 391 , 892 , 359 , 893 , 799 , 3050 , 877 , 735 , 2229 , 692 , 814 , 2257
RegressionTest0::test004 , 470 , 512 , 630 , 0 , 571 , 2989 , 519 , 269 , 2141 , 556 , 3162 , 609 , 425 , 477 , 443 , 261 , 475 , 738 , 520 , 585 , 334 , 204 , 670 , 84 , 441 , 594 , 712 , 5476 , 3085 , 674 , 629 , 264 , 308 , 343 , 414 , 523 , 655 , 447 , 349 , 432 , 486 , 442 , 330 , 492 , 305 , 499 , 655 , 2386 , 557 , 1537 , 2573 , 697 , 504 , 970 , 511 , 582 , 642 , 3400 , 754 , 654 , 612 , 556 , 504 , 513 , 566 , 595 , 3519 , 618 , 631 , 2991 , 666 , 549 , 3167 , 633 , 529 , 453 , 824 , 556 , 611 , 514 , 936 , 601 , 3729 , 648 , 530 , 311 , 1794 , 246 , 170 , 10727 , 473 , 472 , 3857 , 516 , 318 , 806 , 584 , 530 , 700 , 316 , 512 , 4175 , 728 , 399 , 3792 , 432 , 468 , 2187 , 534 , 489 , 593 , 647 , 342 , 554 , 903 , 2743 , 813 , 770 , 475 , 619 , 558 , 556 , 3516 , 512 , 432 , 2631 , 851 , 562 , 2688
RegressionTest0::test005 , 746 , 377 , 961 , 571 , 0 , 3335 , 350 , 590 , 2474 , 612 , 3550 , 558 , 852 , 809 , 703 , 547 , 819 , 1049 , 638 , 955 , 320 , 630 , 790 , 531 , 565 , 825 , 798 , 5842 , 3435 , 1025 , 706 , 627 , 525 , 695 , 573 , 337 , 191 , 281 , 718 , 382 , 515 , 748 , 546 , 567 , 821 , 230 , 190 , 2690 , 831 , 1985 , 2935 , 865 , 152 , 1423 , 248 , 224 , 961 , 3778 , 885 , 172 , 695 , 128 , 245 , 351 , 222 , 109 , 3867 , 652 , 639 , 3366 , 747 , 447 , 3553 , 646 , 353 , 443 , 959 , 213 , 620 , 316 , 1189 , 684 , 4079 , 655 , 610 , 507 , 2299 , 420 , 632 , 11133 , 666 , 428 , 4326 , 878 , 403 , 862 , 673 , 374 , 787 , 364 , 665 , 4529 , 750 , 332 , 4112 , 331 , 245 , 2465 , 366 , 824 , 696 , 935 , 351 , 590 , 1081 , 3140 , 868 , 914 , 239 , 771 , 130 , 533 , 3830 , 346 , 319 , 2921 , 1075 , 507 , 2980
RegressionTest0::test006 , 2674 , 3230 , 2464 , 2989 , 3335 , 0 , 3246 , 2929 , 1840 , 2770 , 1365 , 3021 , 2747 , 2770 , 2718 , 2956 , 2772 , 2718 , 2794 , 2740 , 3173 , 2910 , 2657 , 3024 , 2954 , 2626 , 2893 , 3179 , 196 , 2704 , 2680 , 2919 , 2915 , 2817 , 2966 , 3219 , 3466 , 3216 , 2861 , 3006 , 2863 , 2813 , 3006 , 2909 , 2801 , 3262 , 3475 , 1730 , 2714 , 2746 , 1735 , 2590 , 3329 , 2364 , 3268 , 3444 , 2580 , 1070 , 2605 , 3472 , 2925 , 3272 , 3332 , 3205 , 3412 , 3375 , 592 , 2962 , 3002 , 667 , 2698 , 3108 , 971 , 2997 , 3255 , 3099 , 2501 , 3407 , 2936 , 3216 , 2433 , 2885 , 871 , 2988 , 2786 , 3055 , 2628 , 3060 , 2928 , 8213 , 2973 , 3187 , 1179 , 2682 , 3101 , 2841 , 2999 , 3257 , 2714 , 3152 , 2880 , 1433 , 2943 , 3211 , 1243 , 3104 , 3227 , 1154 , 3257 , 2802 , 3001 , 2479 , 3196 , 3024 , 2437 , 598 , 2846 , 2565 , 3228 , 2667 , 3273 , 3029 , 865 , 3212 , 3112 , 888 , 2708 , 3068 , 528
RegressionTest0::test007 , 648 , 65 , 905 , 519 , 350 , 3246 , 0 , 462 , 2397 , 659 , 3469 , 562 , 765 , 734 , 611 , 552 , 742 , 1007 , 629 , 920 , 413 , 629 , 812 , 482 , 608 , 771 , 584 , 5734 , 3343 , 976 , 747 , 631 , 419 , 668 , 573 , 100 , 386 , 359 , 701 , 471 , 569 , 707 , 551 , 598 , 800 , 392 , 386 , 2614 , 825 , 1941 , 2861 , 841 , 382 , 1347 , 403 , 377 , 890 , 3683 , 898 , 390 , 661 , 382 , 394 , 146 , 385 , 367 , 3766 , 719 , 623 , 3277 , 784 , 533 , 3458 , 629 , 26 , 485 , 962 , 387 , 648 , 80 , 1135 , 685 , 3979 , 645 , 644 , 493 , 2222 , 494 , 594 , 11006 , 597 , 429 , 4229 , 767 , 469 , 835 , 406 , 34 , 821 , 462 , 699 , 4447 , 743 , 380 , 4032 , 426 , 416 , 2407 , 34 , 778 , 406 , 844 , 393 , 363 , 1075 , 3054 , 839 , 921 , 414 , 752 , 384 , 507 , 3752 , 115 , 421 , 2840 , 1057 , 503 , 2916
RegressionTest0::test008 , 340 , 474 , 684 , 269 , 590 , 2929 , 462 , 0 , 2172 , 523 , 3133 , 586 , 455 , 428 , 306 , 279 , 436 , 751 , 488 , 616 , 412 , 426 , 643 , 224 , 365 , 462 , 615 , 5435 , 3027 , 692 , 600 , 398 , 110 , 310 , 347 , 457 , 650 , 443 , 379 , 416 , 451 , 423 , 371 , 463 , 539 , 557 , 650 , 2348 , 527 , 1685 , 2534 , 685 , 580 , 1083 , 565 , 628 , 442 , 3437 , 724 , 649 , 612 , 571 , 592 , 471 , 617 , 603 , 3461 , 640 , 610 , 3034 , 633 , 573 , 3198 , 612 , 466 , 496 , 789 , 615 , 617 , 453 , 995 , 501 , 3673 , 614 , 497 , 366 , 1922 , 412 , 403 , 10671 , 498 , 516 , 3936 , 317 , 392 , 760 , 484 , 472 , 668 , 431 , 427 , 4188 , 702 , 355 , 3763 , 415 , 560 , 2179 , 469 , 497 , 485 , 532 , 423 , 432 , 900 , 2783 , 766 , 756 , 571 , 603 , 572 , 558 , 3488 , 452 , 419 , 2610 , 741 , 554 , 2665
RegressionTest0::test009 , 2024 , 2382 , 1748 , 2141 , 2474 , 1840 , 2397 , 2172 , 0 , 2069 , 1724 , 2034 , 1921 , 1946 , 2058 , 2100 , 1947 , 1876 , 2084 , 1879 , 2337 , 2081 , 2012 , 2152 , 2146 , 1991 , 2099 , 3834 , 1916 , 1852 , 2020 , 2086 , 2187 , 1968 , 2166 , 2391 , 2612 , 2402 , 2016 , 2231 , 2133 , 1978 , 2172 , 2150 , 1964 , 2410 , 2616 , 1740 , 1879 , 2078 , 1664 , 1945 , 2474 , 1547 , 2414 , 2581 , 1913 , 2054 , 1934 , 2617 , 1897 , 2412 , 2481 , 2374 , 2555 , 2525 , 2192 , 2134 , 2158 , 1538 , 2049 , 2273 , 1831 , 2159 , 2407 , 2251 , 1887 , 2553 , 1915 , 2386 , 1565 , 2032 , 2358 , 2162 , 2071 , 2253 , 2081 , 2257 , 2098 , 8994 , 2120 , 2333 , 2701 , 1985 , 2273 , 2007 , 2189 , 2411 , 2034 , 2327 , 2075 , 2753 , 2113 , 2373 , 2623 , 2318 , 2371 , 1316 , 2410 , 1977 , 2198 , 1922 , 2360 , 2210 , 1805 , 1715 , 2010 , 1952 , 2372 , 1992 , 2413 , 2179 , 2272 , 2381 , 2321 , 1486 , 1942 , 2216 , 1751
RegressionTest0::test010 , 358 , 658 , 431 , 556 , 612 , 2770 , 659 , 523 , 2069 , 0 , 3070 , 593 , 519 , 475 , 416 , 444 , 489 , 780 , 311 , 750 , 528 , 524 , 217 , 526 , 305 , 447 , 725 , 5274 , 2891 , 770 , 115 , 472 , 434 , 475 , 338 , 633 , 726 , 465 , 520 , 247 , 107 , 453 , 477 , 331 , 591 , 589 , 728 , 2191 , 473 , 1607 , 2471 , 270 , 629 , 1086 , 607 , 728 , 585 , 3251 , 330 , 739 , 609 , 584 , 649 , 628 , 715 , 647 , 3301 , 618 , 529 , 2847 , 163 , 512 , 3024 , 529 , 660 , 572 , 359 , 713 , 558 , 622 , 932 , 583 , 3529 , 521 , 247 , 514 , 1886 , 449 , 554 , 10605 , 637 , 619 , 3764 , 570 , 474 , 613 , 681 , 663 , 223 , 536 , 317 , 3981 , 572 , 544 , 3545 , 374 , 578 , 1939 , 662 , 502 , 686 , 406 , 533 , 632 , 484 , 2617 , 616 , 367 , 545 , 194 , 589 , 585 , 3264 , 636 , 375 , 2397 , 667 , 535 , 2442
RegressionTest0::test011 , 3028 , 3450 , 2755 , 3162 , 3550 , 1365 , 3469 , 3133 , 1724 , 3070 , 0 , 3227 , 2854 , 2883 , 3057 , 3078 , 2883 , 2903 , 3099 , 2928 , 3367 , 3072 , 2955 , 3195 , 3090 , 2983 , 3120 , 3247 , 1419 , 2900 , 2999 , 3078 , 3221 , 2918 , 3113 , 3451 , 3687 , 3449 , 2935 , 3259 , 3147 , 2927 , 3166 , 3153 , 2943 , 3449 , 3691 , 2065 , 2825 , 2879 , 1623 , 2929 , 3537 , 2414 , 3447 , 3655 , 2780 , 1585 , 2915 , 3690 , 3142 , 3474 , 3536 , 3431 , 3620 , 3599 , 1511 , 3148 , 3165 , 1523 , 2994 , 3258 , 1500 , 3161 , 3474 , 3295 , 2854 , 3616 , 3151 , 3447 , 2594 , 3087 , 1725 , 3169 , 3081 , 3246 , 2754 , 3254 , 3102 , 7897 , 3172 , 3381 , 1678 , 2884 , 3269 , 3001 , 3220 , 3479 , 2997 , 3338 , 2987 , 1984 , 3098 , 3391 , 2008 , 3330 , 3403 , 1694 , 3481 , 2918 , 3227 , 2881 , 3397 , 3263 , 2793 , 1440 , 3002 , 2891 , 3430 , 2990 , 3471 , 3242 , 1685 , 3441 , 3327 , 1688 , 2727 , 3246 , 1504
RegressionTest0::test012 , 633 , 558 , 792 , 609 , 558 , 3021 , 562 , 586 , 2034 , 593 , 3227 , 0 , 733 , 715 , 635 , 579 , 717 , 928 , 567 , 841 , 430 , 619 , 681 , 568 , 564 , 680 , 648 , 5472 , 3110 , 888 , 655 , 636 , 554 , 634 , 587 , 579 , 638 , 471 , 655 , 512 , 538 , 699 , 504 , 558 , 728 , 533 , 642 , 2381 , 774 , 1864 , 2655 , 698 , 550 , 1169 , 513 , 621 , 828 , 3452 , 709 , 640 , 224 , 552 , 577 , 577 , 609 , 592 , 3533 , 623 , 571 , 2917 , 687 , 563 , 3227 , 576 , 566 , 307 , 810 , 609 , 186 , 574 , 1019 , 522 , 3751 , 582 , 592 , 499 , 2102 , 524 , 662 , 10732 , 561 , 407 , 3975 , 752 , 497 , 744 , 577 , 576 , 691 , 443 , 656 , 4194 , 685 , 479 , 3771 , 491 , 534 , 2187 , 578 , 763 , 581 , 760 , 474 , 510 , 898 , 2825 , 747 , 754 , 533 , 622 , 555 , 494 , 3500 , 579 , 484 , 2626 , 925 , 472 , 2678
RegressionTest0::test013 , 399 , 758 , 462 , 425 , 852 , 2747 , 765 , 455 , 1921 , 519 , 2854 , 733 , 0 , 58 , 436 , 343 , 52 , 595 , 498 , 548 , 667 , 424 , 590 , 441 , 455 , 512 , 753 , 5239 , 2839 , 571 , 536 , 445 , 555 , 309 , 429 , 759 , 924 , 691 , 290 , 582 , 527 , 240 , 456 , 578 , 410 , 782 , 923 , 2171 , 314 , 1494 , 2289 , 583 , 832 , 836 , 784 , 897 , 393 , 3165 , 616 , 924 , 705 , 794 , 823 , 753 , 885 , 848 , 3266 , 659 , 692 , 2767 , 567 , 721 , 2944 , 696 , 766 , 692 , 689 , 882 , 695 , 757 , 812 , 594 , 3468 , 701 , 506 , 496 , 1685 , 609 , 417 , 10437 , 641 , 743 , 3646 , 317 , 624 , 775 , 728 , 772 , 616 , 659 , 467 , 3916 , 718 , 603 , 3561 , 657 , 778 , 2019 , 772 , 292 , 750 , 470 , 661 , 700 , 745 , 2534 , 780 , 627 , 768 , 507 , 796 , 667 , 3299 , 759 , 655 , 2455 , 563 , 693 , 2492
RegressionTest0::test014 , 424 , 729 , 487 , 477 , 809 , 2770 , 734 , 428 , 1946 , 475 , 2883 , 715 , 58 , 0 , 461 , 316 , 25 , 594 , 457 , 598 , 625 , 400 , 570 , 461 , 409 , 538 , 738 , 5263 , 2862 , 606 , 513 , 435 , 533 , 333 , 383 , 728 , 883 , 649 , 340 , 545 , 483 , 184 , 417 , 547 , 460 , 743 , 881 , 2194 , 281 , 1485 , 2278 , 587 , 793 , 863 , 744 , 858 , 424 , 3194 , 630 , 882 , 680 , 752 , 786 , 723 , 845 , 806 , 3289 , 656 , 662 , 2792 , 540 , 678 , 2975 , 659 , 735 , 652 , 671 , 842 , 686 , 726 , 802 , 592 , 3493 , 669 , 473 , 454 , 1714 , 572 , 393 , 10477 , 622 , 714 , 3677 , 346 , 585 , 765 , 713 , 741 , 588 , 621 , 423 , 3937 , 687 , 559 , 3592 , 615 , 737 , 2049 , 741 , 269 , 718 , 495 , 621 , 678 , 745 , 2563 , 768 , 652 , 730 , 511 , 752 , 653 , 3332 , 726 , 615 , 2484 , 534 , 649 , 2519
RegressionTest0::test015 , 79 , 623 , 435 , 443 , 703 , 2718 , 611 , 306 , 2058 , 416 , 3057 , 635 , 436 , 461 , 0 , 393 , 461 , 735 , 319 , 649 , 603 , 423 , 468 , 442 , 497 , 196 , 606 , 5234 , 2814 , 692 , 446 , 402 , 205 , 383 , 446 , 582 , 772 , 511 , 395 , 396 , 402 , 384 , 513 , 353 , 483 , 684 , 772 , 2112 , 501 , 1637 , 2474 , 466 , 725 , 1021 , 686 , 772 , 364 , 3219 , 525 , 788 , 612 , 647 , 712 , 592 , 763 , 694 , 3249 , 681 , 679 , 2825 , 455 , 637 , 2992 , 681 , 613 , 632 , 586 , 763 , 643 , 574 , 929 , 637 , 3465 , 688 , 348 , 546 , 1839 , 591 , 404 , 10556 , 622 , 631 , 3775 , 247 , 568 , 764 , 585 , 624 , 501 , 626 , 494 , 3989 , 718 , 594 , 3568 , 478 , 686 , 1939 , 621 , 431 , 589 , 247 , 592 , 534 , 653 , 2596 , 766 , 542 , 679 , 434 , 648 , 617 , 3283 , 575 , 478 , 2385 , 734 , 639 , 2470
RegressionTest0::test016 , 435 , 551 , 627 , 261 , 547 , 2956 , 552 , 279 , 2100 , 444 , 3078 , 579 , 343 , 316 , 393 , 0 , 293 , 569 , 502 , 476 , 396 , 211 , 597 , 265 , 279 , 493 , 640 , 5465 , 3054 , 545 , 524 , 175 , 360 , 176 , 302 , 542 , 655 , 438 , 202 , 351 , 379 , 266 , 387 , 454 , 395 , 484 , 654 , 2342 , 336 , 1541 , 2458 , 678 , 533 , 983 , 507 , 623 , 485 , 3367 , 691 , 653 , 625 , 542 , 572 , 544 , 613 , 587 , 3483 , 583 , 554 , 2959 , 553 , 500 , 3148 , 557 , 549 , 493 , 758 , 611 , 574 , 542 , 873 , 488 , 3691 , 569 , 458 , 393 , 1869 , 356 , 244 , 10693 , 543 , 544 , 3896 , 405 , 319 , 706 , 614 , 556 , 598 , 403 , 344 , 4137 , 625 , 346 , 3767 , 345 , 498 , 2185 , 552 , 318 , 626 , 619 , 415 , 576 , 856 , 2728 , 711 , 723 , 506 , 588 , 542 , 552 , 3496 , 549 , 343 , 2616 , 715 , 518 , 2676
RegressionTest0::test017 , 424 , 737 , 489 , 475 , 819 , 2772 , 742 , 436 , 1947 , 489 , 2883 , 717 , 52 , 25 , 461 , 293 , 0 , 587 , 458 , 597 , 634 , 390 , 583 , 471 , 424 , 538 , 745 , 5265 , 2864 , 601 , 522 , 417 , 541 , 338 , 384 , 738 , 890 , 655 , 339 , 555 , 497 , 207 , 425 , 555 , 459 , 753 , 888 , 2196 , 273 , 1467 , 2259 , 569 , 802 , 865 , 754 , 866 , 420 , 3194 , 632 , 891 , 672 , 749 , 782 , 733 , 850 , 807 , 3289 , 636 , 657 , 2793 , 553 , 690 , 2975 , 660 , 745 , 657 , 675 , 848 , 675 , 736 , 783 , 596 , 3495 , 668 , 479 , 462 , 1712 , 574 , 383 , 10467 , 627 , 723 , 3677 , 346 , 595 , 775 , 719 , 751 , 604 , 629 , 442 , 3939 , 701 , 569 , 3579 , 624 , 745 , 2040 , 751 , 250 , 725 , 495 , 625 , 686 , 727 , 2563 , 776 , 650 , 738 , 515 , 749 , 659 , 3327 , 738 , 624 , 2479 , 520 , 668 , 2515
RegressionTest0::test018 , 727 , 997 , 774 , 738 , 1049 , 2718 , 1007 , 751 , 1876 , 780 , 2903 , 928 , 595 , 594 , 735 , 569 , 587 , 0 , 856 , 192 , 882 , 643 , 892 , 741 , 719 , 782 , 908 , 5183 , 2821 , 125 , 820 , 622 , 826 , 575 , 735 , 999 , 1163 , 939 , 576 , 814 , 782 , 568 , 825 , 869 , 671 , 988 , 1163 , 2217 , 631 , 1760 , 2007 , 926 , 1034 , 999 , 997 , 1129 , 740 , 3096 , 980 , 1164 , 887 , 1028 , 1052 , 991 , 1109 , 1092 , 3236 , 929 , 883 , 2696 , 847 , 923 , 2881 , 882 , 1006 , 897 , 969 , 1104 , 856 , 997 , 889 , 802 , 3436 , 892 , 827 , 842 , 1995 , 829 , 667 , 10353 , 923 , 980 , 3612 , 667 , 828 , 921 , 940 , 1010 , 894 , 887 , 755 , 3845 , 919 , 855 , 3512 , 858 , 985 , 2038 , 1012 , 573 , 944 , 842 , 911 , 935 , 1013 , 2467 , 922 , 949 , 973 , 877 , 1026 , 933 , 3258 , 1000 , 858 , 2435 , 974 , 907 , 2472
RegressionTest0::test019 , 388 , 622 , 496 , 520 , 638 , 2794 , 629 , 488 , 2084 , 311 , 3099 , 567 , 498 , 457 , 319 , 502 , 458 , 856 , 0 , 769 , 522 , 542 , 413 , 492 , 380 , 455 , 700 , 5301 , 2876 , 817 , 359 , 503 , 387 , 527 , 306 , 598 , 706 , 442 , 517 , 270 , 271 , 426 , 375 , 300 , 608 , 615 , 705 , 2197 , 517 , 1668 , 2486 , 250 , 655 , 1088 , 619 , 709 , 595 , 3266 , 395 , 721 , 550 , 563 , 632 , 592 , 695 , 627 , 3329 , 604 , 576 , 2867 , 406 , 576 , 3040 , 577 , 630 , 522 , 413 , 694 , 544 , 592 , 929 , 618 , 3527 , 583 , 74 , 412 , 1883 , 490 , 488 , 10639 , 589 , 589 , 3774 , 492 , 501 , 690 , 622 , 634 , 445 , 542 , 401 , 3997 , 662 , 505 , 3560 , 414 , 611 , 1941 , 633 , 492 , 639 , 478 , 501 , 568 , 507 , 2638 , 694 , 496 , 585 , 273 , 557 , 523 , 3288 , 596 , 410 , 2417 , 579 , 533 , 2459
RegressionTest0::test020 , 686 , 911 , 721 , 585 , 955 , 2740 , 920 , 616 , 1879 , 750 , 2928 , 841 , 548 , 598 , 649 , 476 , 597 , 192 , 769 , 0 , 785 , 577 , 848 , 572 , 626 , 724 , 844 , 5207 , 2841 , 123 , 808 , 566 , 697 , 516 , 653 , 915 , 1064 , 838 , 420 , 717 , 723 , 537 , 755 , 763 , 570 , 887 , 1062 , 2210 , 633 , 1763 , 2062 , 882 , 940 , 986 , 897 , 1028 , 711 , 3128 , 915 , 1062 , 808 , 940 , 970 , 906 , 1014 , 996 , 3262 , 843 , 821 , 2716 , 823 , 834 , 2912 , 820 , 920 , 813 , 910 , 1013 , 784 , 907 , 873 , 714 , 3463 , 824 , 756 , 761 , 1950 , 732 , 608 , 10422 , 841 , 880 , 3635 , 618 , 728 , 874 , 858 , 927 , 871 , 800 , 663 , 3873 , 845 , 751 , 3546 , 759 , 885 , 2053 , 927 , 596 , 864 , 765 , 813 , 842 , 980 , 2494 , 880 , 899 , 878 , 828 , 937 , 850 , 3280 , 910 , 759 , 2454 , 959 , 832 , 2505
RegressionTest0::test021 , 634 , 420 , 846 , 334 , 320 , 3173 , 413 , 412 , 2337 , 528 , 3367 , 430 , 667 , 625 , 603 , 396 , 634 , 882 , 522 , 785 , 0 , 374 , 690 , 263 , 411 , 724 , 687 , 5670 , 3264 , 859 , 614 , 397 , 426 , 548 , 390 , 424 , 391 , 180 , 535 , 314 , 439 , 574 , 294 , 479 , 574 , 271 , 392 , 2556 , 687 , 1736 , 2750 , 730 , 245 , 1208 , 286 , 317 , 817 , 3615 , 769 , 393 , 568 , 362 , 313 , 429 , 313 , 346 , 3699 , 563 , 545 , 3205 , 641 , 434 , 3391 , 552 , 405 , 249 , 847 , 312 , 520 , 418 , 1079 , 575 , 3910 , 560 , 525 , 268 , 2074 , 206 , 385 , 10945 , 478 , 282 , 4113 , 700 , 158 , 773 , 598 , 417 , 689 , 139 , 513 , 4378 , 668 , 152 , 3942 , 264 , 326 , 2309 , 412 , 653 , 612 , 816 , 74 , 548 , 963 , 2970 , 779 , 805 , 307 , 643 , 360 , 474 , 3655 , 438 , 248 , 2760 , 884 , 453 , 2814
RegressionTest0::test022 , 462 , 621 , 611 , 204 , 630 , 2910 , 629 , 426 , 2081 , 524 , 3072 , 619 , 424 , 400 , 423 , 211 , 390 , 643 , 542 , 577 , 374 , 0 , 644 , 282 , 422 , 544 , 660 , 5387 , 3002 , 631 , 576 , 197 , 459 , 313 , 434 , 633 , 752 , 534 , 286 , 448 , 479 , 339 , 407 , 515 , 213 , 522 , 752 , 2305 , 418 , 1370 , 2461 , 700 , 568 , 923 , 539 , 682 , 573 , 3317 , 725 , 755 , 678 , 620 , 591 , 625 , 661 , 677 , 3431 , 553 , 582 , 2913 , 613 , 527 , 3085 , 589 , 638 , 485 , 778 , 652 , 648 , 619 , 856 , 588 , 3641 , 585 , 513 , 400 , 1719 , 270 , 72 , 10637 , 533 , 570 , 3751 , 475 , 338 , 764 , 663 , 641 , 641 , 385 , 462 , 4086 , 685 , 487 , 3732 , 465 , 488 , 2136 , 643 , 400 , 678 , 611 , 429 , 650 , 876 , 2669 , 770 , 772 , 503 , 644 , 622 , 631 , 3460 , 624 , 462 , 2579 , 798 , 599 , 2638
RegressionTest0::test023 , 402 , 805 , 435 , 670 , 790 , 2657 , 812 , 643 , 2012 , 217 , 2955 , 681 , 590 , 570 , 468 , 597 , 583 , 892 , 413 , 848 , 690 , 644 , 0 , 654 , 472 , 453 , 762 , 5116 , 2784 , 859 , 180 , 600 , 553 , 546 , 531 , 781 , 899 , 643 , 568 , 426 , 283 , 566 , 582 , 303 , 632 , 716 , 906 , 2084 , 522 , 1603 , 2387 , 296 , 804 , 1027 , 735 , 901 , 606 , 3159 , 236 , 918 , 715 , 700 , 830 , 774 , 886 , 828 , 3161 , 708 , 655 , 2759 , 230 , 619 , 2931 , 655 , 814 , 704 , 296 , 885 , 645 , 775 , 963 , 664 , 3403 , 664 , 351 , 666 , 1819 , 625 , 660 , 10454 , 743 , 763 , 3650 , 588 , 593 , 568 , 762 , 820 , 144 , 666 , 404 , 3845 , 590 , 723 , 3405 , 495 , 701 , 1830 , 820 , 601 , 775 , 431 , 713 , 739 , 443 , 2531 , 571 , 295 , 724 , 267 , 698 , 637 , 3073 , 780 , 513 , 2311 , 684 , 619 , 2337
RegressionTest0::test024 , 476 , 481 , 641 , 84 , 531 , 3024 , 482 , 224 , 2152 , 526 , 3195 , 568 , 441 , 461 , 442 , 265 , 471 , 741 , 492 , 572 , 263 , 282 , 654 , 0 , 416 , 593 , 693 , 5513 , 3116 , 678 , 608 , 249 , 245 , 343 , 393 , 476 , 598 , 384 , 344 , 372 , 445 , 431 , 283 , 458 , 366 , 438 , 598 , 2410 , 554 , 1605 , 2594 , 690 , 457 , 996 , 447 , 534 , 660 , 3435 , 745 , 597 , 604 , 529 , 466 , 472 , 520 , 548 , 3548 , 605 , 615 , 3025 , 641 , 509 , 3198 , 612 , 480 , 409 , 812 , 518 , 583 , 472 , 935 , 592 , 3757 , 623 , 505 , 293 , 1863 , 285 , 250 , 10772 , 429 , 421 , 3920 , 533 , 252 , 768 , 564 , 486 , 681 , 298 , 500 , 4201 , 707 , 355 , 3811 , 366 , 442 , 2212 , 487 , 504 , 569 , 651 , 278 , 516 , 899 , 2777 , 773 , 768 , 448 , 608 , 526 , 539 , 3538 , 482 , 359 , 2652 , 845 , 523 , 2706
RegressionTest0::test025 , 554 , 604 , 674 , 441 , 565 , 2954 , 608 , 365 , 2146 , 305 , 3090 , 564 , 455 , 409 , 497 , 279 , 424 , 719 , 380 , 626 , 411 , 422 , 472 , 416 , 0 , 553 , 716 , 5411 , 3048 , 696 , 399 , 396 , 450 , 382 , 101 , 602 , 677 , 444 , 374 , 262 , 252 , 287 , 401 , 359 , 532 , 512 , 682 , 2355 , 317 , 1622 , 2483 , 539 , 559 , 1107 , 487 , 655 , 447 , 3392 , 572 , 678 , 602 , 555 , 575 , 600 , 633 , 592 , 3469 , 566 , 536 , 2990 , 445 , 466 , 3173 , 537 , 606 , 512 , 630 , 631 , 543 , 600 , 955 , 505 , 3681 , 542 , 330 , 414 , 1908 , 329 , 432 , 10643 , 568 , 568 , 3891 , 414 , 349 , 668 , 677 , 615 , 460 , 382 , 135 , 4150 , 605 , 356 , 3703 , 376 , 512 , 2107 , 614 , 367 , 687 , 639 , 420 , 636 , 752 , 2757 , 672 , 612 , 485 , 456 , 550 , 552 , 3406 , 599 , 372 , 2553 , 638 , 508 , 2599
RegressionTest0::test026 , 205 , 780 , 451 , 594 , 825 , 2626 , 771 , 462 , 1991 , 447 , 2983 , 680 , 512 , 538 , 196 , 493 , 538 , 782 , 455 , 724 , 724 , 544 , 453 , 593 , 553 , 0 , 701 , 5079 , 2725 , 736 , 464 , 516 , 364 , 472 , 619 , 737 , 928 , 670 , 410 , 493 , 475 , 463 , 598 , 375 , 497 , 735 , 931 , 1950 , 460 , 1605 , 2421 , 520 , 836 , 1004 , 716 , 920 , 322 , 3161 , 488 , 943 , 747 , 784 , 870 , 748 , 912 , 862 , 3126 , 759 , 705 , 2773 , 457 , 714 , 2935 , 706 , 773 , 716 , 495 , 908 , 698 , 735 , 932 , 690 , 3341 , 705 , 411 , 691 , 1802 , 677 , 565 , 10409 , 753 , 765 , 3699 , 325 , 631 , 687 , 723 , 781 , 428 , 694 , 521 , 3865 , 720 , 754 , 3455 , 558 , 738 , 1886 , 778 , 510 , 725 , 264 , 752 , 688 , 610 , 2544 , 693 , 543 , 778 , 490 , 783 , 689 , 3135 , 732 , 535 , 2326 , 761 , 668 , 2311
RegressionTest0::test027 , 598 , 535 , 832 , 712 , 798 , 2893 , 584 , 615 , 2099 , 725 , 3120 , 648 , 753 , 738 , 606 , 640 , 745 , 908 , 700 , 844 , 687 , 660 , 762 , 693 , 716 , 701 , 0 , 5310 , 2978 , 873 , 755 , 674 , 588 , 661 , 734 , 628 , 882 , 734 , 693 , 689 , 687 , 763 , 703 , 739 , 751 , 762 , 881 , 2311 , 799 , 1778 , 2547 , 777 , 787 , 1135 , 774 , 850 , 786 , 3271 , 806 , 890 , 657 , 790 , 817 , 579 , 848 , 841 , 3406 , 742 , 447 , 2936 , 764 , 735 , 3111 , 451 , 586 , 584 , 829 , 849 , 625 , 621 , 979 , 610 , 3605 , 457 , 663 , 709 , 2049 , 703 , 715 , 10565 , 635 , 677 , 3836 , 703 , 686 , 649 , 208 , 596 , 787 , 720 , 761 , 4076 , 558 , 735 , 3674 , 685 , 760 , 2102 , 593 , 807 , 261 , 727 , 738 , 393 , 924 , 2732 , 653 , 855 , 765 , 751 , 787 , 458 , 3397 , 630 , 677 , 2519 , 961 , 440 , 2592
RegressionTest0::test028 , 5194 , 5713 , 4981 , 5476 , 5842 , 3179 , 5734 , 5435 , 3834 , 5274 , 3247 , 5472 , 5239 , 5263 , 5234 , 5465 , 5265 , 5183 , 5301 , 5207 , 5670 , 5387 , 5116 , 5513 , 5411 , 5079 , 5310 , 0 , 3253 , 5173 , 5185 , 5403 , 5434 , 5321 , 5452 , 5707 , 5981 , 5732 , 5320 , 5517 , 5375 , 5308 , 5463 , 5353 , 5251 , 5746 , 5993 , 3589 , 5203 , 4918 , 3451 , 5058 , 5826 , 4760 , 5725 , 5957 , 5069 , 3699 , 5051 , 5985 , 5374 , 5737 , 5814 , 5686 , 5895 , 5889 , 3048 , 5383 , 5412 , 3747 , 5165 , 5539 , 3624 , 5405 , 5743 , 5574 , 4924 , 5905 , 5394 , 5708 , 4889 , 5353 , 3202 , 5414 , 5285 , 5540 , 4726 , 5538 , 5420 , 6778 , 5439 , 5668 , 3496 , 5178 , 5572 , 5230 , 5436 , 5740 , 5129 , 5610 , 5335 , 3340 , 5317 , 5718 , 3301 , 5592 , 5688 , 3743 , 5748 , 5278 , 5448 , 4996 , 5700 , 5495 , 4810 , 3746 , 5229 , 5022 , 5714 , 5164 , 5735 , 5489 , 3364 , 5699 , 5600 , 3795 , 5047 , 5510 , 3586
RegressionTest0::test029 , 2783 , 3327 , 2587 , 3085 , 3435 , 196 , 3343 , 3027 , 1916 , 2891 , 1419 , 3110 , 2839 , 2862 , 2814 , 3054 , 2864 , 2821 , 2876 , 2841 , 3264 , 3002 , 2784 , 3116 , 3048 , 2725 , 2978 , 3253 , 0 , 2807 , 2802 , 3014 , 3013 , 2913 , 3063 , 3316 , 3564 , 3314 , 2956 , 3101 , 2983 , 2909 , 3095 , 3006 , 2896 , 3361 , 3573 , 1790 , 2808 , 2825 , 1823 , 2716 , 3426 , 2458 , 3366 , 3545 , 2676 , 1054 , 2737 , 3570 , 3013 , 3370 , 3429 , 3299 , 3510 , 3474 , 673 , 3051 , 3096 , 676 , 2823 , 3207 , 1019 , 3092 , 3350 , 3196 , 2629 , 3505 , 3024 , 3311 , 2530 , 2980 , 709 , 3084 , 2868 , 3144 , 2711 , 3154 , 3020 , 8140 , 3065 , 3280 , 1068 , 2778 , 3194 , 2938 , 3092 , 3352 , 2841 , 3247 , 2977 , 1328 , 3041 , 3307 , 1136 , 3206 , 3326 , 1251 , 3352 , 2898 , 3093 , 2600 , 3290 , 3118 , 2565 , 617 , 2941 , 2692 , 3323 , 2788 , 3369 , 3123 , 849 , 3306 , 3207 , 975 , 2803 , 3159 , 607
RegressionTest0::test030 , 697 , 970 , 732 , 674 , 1025 , 2704 , 976 , 692 , 1852 , 770 , 2900 , 888 , 571 , 606 , 692 , 545 , 601 , 125 , 817 , 123 , 859 , 631 , 859 , 678 , 696 , 736 , 873 , 5173 , 2807 , 0 , 821 , 603 , 766 , 535 , 719 , 966 , 1133 , 909 , 517 , 786 , 760 , 559 , 793 , 826 , 624 , 962 , 1133 , 2191 , 648 , 1775 , 2007 , 907 , 1006 , 969 , 971 , 1099 , 716 , 3082 , 954 , 1133 , 860 , 1010 , 1028 , 964 , 1081 , 1065 , 3223 , 898 , 878 , 2680 , 845 , 897 , 2871 , 877 , 975 , 853 , 950 , 1080 , 829 , 964 , 878 , 767 , 3424 , 887 , 802 , 799 , 1945 , 801 , 655 , 10363 , 879 , 940 , 3603 , 627 , 803 , 902 , 905 , 981 , 891 , 865 , 731 , 3835 , 898 , 826 , 3503 , 833 , 958 , 2017 , 981 , 582 , 912 , 811 , 885 , 895 , 998 , 2457 , 906 , 926 , 949 , 854 , 1009 , 901 , 3245 , 969 , 831 , 2418 , 978 , 882 , 2461
RegressionTest0::test031 , 378 , 745 , 393 , 629 , 706 , 2680 , 747 , 600 , 2020 , 115 , 2999 , 655 , 536 , 513 , 446 , 524 , 522 , 820 , 359 , 808 , 614 , 576 , 180 , 608 , 399 , 464 , 755 , 5185 , 2802 , 821 , 0 , 525 , 509 , 519 , 386 , 718 , 819 , 559 , 564 , 351 , 211 , 473 , 556 , 381 , 622 , 675 , 824 , 2126 , 464 , 1589 , 2395 , 237 , 724 , 1070 , 698 , 821 , 567 , 3177 , 317 , 838 , 642 , 675 , 733 , 715 , 806 , 743 , 3210 , 668 , 600 , 2776 , 97 , 571 , 2950 , 599 , 748 , 656 , 285 , 801 , 607 , 712 , 932 , 637 , 3443 , 589 , 294 , 597 , 1855 , 527 , 594 , 10518 , 706 , 706 , 3672 , 563 , 561 , 645 , 736 , 750 , 193 , 617 , 356 , 3888 , 592 , 634 , 3455 , 476 , 670 , 1866 , 752 , 501 , 744 , 378 , 622 , 701 , 409 , 2547 , 652 , 312 , 629 , 216 , 676 , 651 , 3169 , 722 , 478 , 2328 , 659 , 618 , 2354
RegressionTest0::test032 , 452 , 623 , 612 , 264 , 627 , 2919 , 631 , 398 , 2086 , 472 , 3078 , 636 , 445 , 435 , 402 , 175 , 417 , 622 , 503 , 566 , 397 , 197 , 600 , 249 , 396 , 516 , 674 , 5403 , 3014 , 603 , 525 , 0 , 421 , 256 , 412 , 623 , 746 , 514 , 295 , 405 , 424 , 366 , 335 , 494 , 333 , 486 , 747 , 2322 , 445 , 1403 , 2444 , 680 , 563 , 905 , 507 , 680 , 561 , 3340 , 694 , 746 , 679 , 620 , 587 , 618 , 657 , 673 , 3436 , 579 , 603 , 2936 , 559 , 477 , 3107 , 610 , 630 , 512 , 736 , 650 , 629 , 622 , 830 , 575 , 3644 , 618 , 456 , 413 , 1777 , 348 , 224 , 10638 , 527 , 571 , 3789 , 476 , 295 , 720 , 663 , 634 , 604 , 417 , 431 , 4082 , 656 , 484 , 3696 , 428 , 517 , 2134 , 635 , 365 , 676 , 617 , 413 , 642 , 856 , 2682 , 723 , 739 , 510 , 606 , 625 , 622 , 3436 , 628 , 425 , 2573 , 790 , 590 , 2612
RegressionTest0::test033 , 245 , 430 , 603 , 308 , 525 , 2915 , 419 , 110 , 2187 , 434 , 3221 , 554 , 555 , 533 , 205 , 360 , 541 , 826 , 387 , 697 , 426 , 459 , 553 , 245 , 450 , 364 , 588 , 5434 , 3013 , 766 , 509 , 421 , 0 , 413 , 433 , 384 , 572 , 343 , 462 , 314 , 355 , 519 , 408 , 366 , 576 , 527 , 575 , 2308 , 623 , 1734 , 2628 , 586 , 546 , 1121 , 531 , 584 , 547 , 3416 , 628 , 588 , 580 , 508 , 555 , 399 , 573 , 538 , 3448 , 655 , 594 , 3019 , 545 , 550 , 3188 , 598 , 420 , 505 , 696 , 573 , 585 , 384 , 999 , 571 , 3663 , 602 , 396 , 408 , 1978 , 442 , 437 , 10741 , 512 , 493 , 3952 , 422 , 411 , 754 , 449 , 428 , 579 , 456 , 523 , 4174 , 691 , 430 , 3751 , 313 , 538 , 2129 , 424 , 588 , 452 , 447 , 438 , 370 , 805 , 2789 , 760 , 670 , 539 , 513 , 509 , 518 , 3467 , 381 , 315 , 2572 , 842 , 516 , 2637
RegressionTest0::test034 , 375 , 663 , 483 , 343 , 695 , 2817 , 668 , 310 , 1968 , 475 , 2918 , 634 , 309 , 333 , 383 , 176 , 338 , 575 , 527 , 516 , 548 , 313 , 546 , 343 , 382 , 472 , 661 , 5321 , 2913 , 535 , 519 , 256 , 413 , 0 , 409 , 659 , 802 , 590 , 213 , 483 , 447 , 318 , 431 , 496 , 402 , 627 , 803 , 2202 , 397 , 1546 , 2360 , 630 , 679 , 815 , 647 , 778 , 416 , 3227 , 632 , 803 , 670 , 696 , 723 , 655 , 765 , 745 , 3346 , 680 , 625 , 2819 , 553 , 607 , 2989 , 622 , 667 , 581 , 678 , 764 , 615 , 658 , 909 , 509 , 3555 , 630 , 473 , 461 , 1706 , 482 , 338 , 10540 , 620 , 637 , 3727 , 338 , 460 , 722 , 644 , 672 , 585 , 548 , 399 , 4000 , 675 , 500 , 3645 , 490 , 633 , 2084 , 670 , 349 , 653 , 550 , 566 , 638 , 805 , 2567 , 727 , 695 , 638 , 554 , 696 , 620 , 3377 , 659 , 487 , 2510 , 670 , 588 , 2556
RegressionTest0::test035 , 512 , 574 , 628 , 414 , 573 , 2966 , 573 , 347 , 2166 , 338 , 3113 , 587 , 429 , 383 , 446 , 302 , 384 , 735 , 306 , 653 , 390 , 434 , 531 , 393 , 101 , 619 , 734 , 5452 , 3063 , 719 , 386 , 412 , 433 , 409 , 0 , 564 , 641 , 404 , 389 , 272 , 293 , 227 , 371 , 385 , 549 , 525 , 643 , 2360 , 348 , 1626 , 2487 , 508 , 564 , 1108 , 532 , 620 , 479 , 3410 , 623 , 644 , 562 , 500 , 532 , 570 , 599 , 551 , 3490 , 510 , 550 , 3006 , 455 , 492 , 3191 , 546 , 572 , 497 , 657 , 596 , 567 , 564 , 934 , 531 , 3700 , 558 , 364 , 378 , 1915 , 334 , 372 , 10674 , 544 , 545 , 3906 , 357 , 362 , 713 , 652 , 579 , 530 , 408 , 191 , 4165 , 644 , 318 , 3721 , 398 , 523 , 2111 , 578 , 297 , 675 , 611 , 381 , 608 , 763 , 2774 , 719 , 614 , 487 , 445 , 494 , 536 , 3450 , 567 , 391 , 2574 , 592 , 531 , 2620
RegressionTest0::test036 , 621 , 145 , 875 , 523 , 337 , 3219 , 100 , 457 , 2391 , 633 , 3451 , 579 , 759 , 728 , 582 , 542 , 738 , 999 , 598 , 915 , 424 , 633 , 781 , 476 , 602 , 737 , 628 , 5707 , 3316 , 966 , 718 , 623 , 384 , 659 , 564 , 0 , 389 , 373 , 694 , 442 , 542 , 701 , 546 , 568 , 800 , 414 , 394 , 2593 , 819 , 1941 , 2853 , 809 , 407 , 1324 , 426 , 419 , 882 , 3657 , 866 , 373 , 655 , 360 , 415 , 93 , 424 , 335 , 3741 , 716 , 668 , 3251 , 753 , 541 , 3432 , 673 , 98 , 485 , 932 , 427 , 650 , 44 , 1135 , 673 , 3954 , 685 , 613 , 469 , 2223 , 498 , 594 , 10973 , 587 , 450 , 4198 , 757 , 470 , 869 , 456 , 91 , 789 , 464 , 696 , 4420 , 783 , 406 , 4006 , 402 , 449 , 2390 , 96 , 772 , 443 , 816 , 418 , 315 , 1043 , 3023 , 877 , 889 , 436 , 722 , 361 , 553 , 3721 , 63 , 400 , 2812 , 1053 , 550 , 2885
RegressionTest0::test037 , 811 , 414 , 1041 , 655 , 191 , 3466 , 386 , 650 , 2612 , 726 , 3687 , 638 , 924 , 883 , 772 , 655 , 890 , 1163 , 706 , 1064 , 391 , 752 , 899 , 598 , 677 , 928 , 882 , 5981 , 3564 , 1133 , 819 , 746 , 572 , 802 , 641 , 389 , 0 , 269 , 825 , 489 , 627 , 831 , 640 , 662 , 947 , 320 , 22 , 2817 , 954 , 2108 , 3063 , 943 , 248 , 1532 , 338 , 96 , 1080 , 3907 , 992 , 45 , 752 , 301 , 275 , 409 , 168 , 144 , 3993 , 781 , 728 , 3495 , 854 , 560 , 3680 , 735 , 376 , 529 , 1072 , 165 , 731 , 382 , 1282 , 800 , 4214 , 745 , 723 , 571 , 2408 , 555 , 722 , 11278 , 712 , 440 , 4454 , 958 , 503 , 971 , 718 , 391 , 892 , 484 , 785 , 4676 , 851 , 344 , 4243 , 421 , 395 , 2589 , 383 , 903 , 738 , 1012 , 366 , 660 , 1197 , 3266 , 975 , 1019 , 379 , 845 , 303 , 621 , 3959 , 410 , 411 , 3046 , 1189 , 601 , 3108
RegressionTest0::test038 , 551 , 375 , 782 , 447 , 281 , 3216 , 359 , 443 , 2402 , 465 , 3449 , 471 , 691 , 649 , 511 , 438 , 655 , 939 , 442 , 838 , 180 , 534 , 643 , 384 , 444 , 670 , 734 , 5732 , 3314 , 909 , 559 , 514 , 343 , 590 , 404 , 373 , 269 , 0 , 610 , 225 , 365 , 594 , 419 , 406 , 725 , 319 , 269 , 2566 , 719 , 1873 , 2830 , 682 , 307 , 1312 , 337 , 293 , 848 , 3658 , 738 , 287 , 560 , 298 , 250 , 383 , 298 , 203 , 3748 , 650 , 589 , 3249 , 601 , 505 , 3432 , 596 , 349 , 378 , 817 , 295 , 537 , 363 , 1112 , 630 , 3965 , 603 , 459 , 350 , 2178 , 315 , 483 , 11041 , 574 , 343 , 4207 , 723 , 293 , 818 , 591 , 361 , 638 , 274 , 552 , 4430 , 717 , 101 , 3996 , 197 , 381 , 2337 , 359 , 673 , 610 , 751 , 114 , 506 , 941 , 3020 , 824 , 764 , 358 , 584 , 299 , 488 , 3712 , 399 , 183 , 2798 , 950 , 470 , 2859
RegressionTest0::test039 , 446 , 693 , 546 , 349 , 718 , 2861 , 701 , 379 , 2016 , 520 , 2935 , 655 , 290 , 340 , 395 , 202 , 339 , 576 , 517 , 420 , 535 , 286 , 568 , 344 , 374 , 410 , 693 , 5320 , 2956 , 517 , 564 , 295 , 462 , 213 , 389 , 694 , 825 , 610 , 0 , 494 , 493 , 264 , 449 , 474 , 221 , 618 , 829 , 2222 , 331 , 1503 , 2353 , 660 , 707 , 899 , 631 , 797 , 411 , 3241 , 643 , 831 , 721 , 690 , 743 , 689 , 790 , 766 , 3360 , 613 , 601 , 2865 , 581 , 604 , 3022 , 602 , 702 , 614 , 676 , 785 , 667 , 691 , 878 , 560 , 3569 , 607 , 485 , 531 , 1781 , 511 , 350 , 10524 , 663 , 685 , 3756 , 345 , 453 , 685 , 694 , 708 , 549 , 560 , 311 , 4011 , 636 , 523 , 3666 , 504 , 610 , 2101 , 703 , 325 , 708 , 551 , 587 , 671 , 799 , 2631 , 690 , 684 , 661 , 612 , 690 , 627 , 3381 , 694 , 482 , 2536 , 595 , 583 , 2568
RegressionTest0::test040 , 449 , 472 , 624 , 432 , 382 , 3006 , 471 , 416 , 2231 , 247 , 3259 , 512 , 582 , 545 , 396 , 351 , 555 , 814 , 270 , 717 , 314 , 448 , 426 , 372 , 262 , 493 , 689 , 5517 , 3101 , 786 , 351 , 405 , 314 , 483 , 272 , 442 , 489 , 225 , 494 , 0 , 147 , 463 , 367 , 241 , 587 , 379 , 486 , 2369 , 521 , 1725 , 2648 , 510 , 406 , 1179 , 398 , 496 , 653 , 3446 , 521 , 503 , 538 , 401 , 448 , 441 , 490 , 413 , 3535 , 561 , 503 , 3041 , 391 , 389 , 3219 , 503 , 471 , 431 , 602 , 485 , 465 , 433 , 1001 , 561 , 3746 , 500 , 247 , 363 , 2003 , 258 , 447 , 10829 , 551 , 467 , 3997 , 585 , 263 , 678 , 604 , 474 , 421 , 339 , 361 , 4217 , 578 , 312 , 3779 , 154 , 381 , 2131 , 475 , 539 , 622 , 594 , 317 , 516 , 729 , 2813 , 672 , 570 , 347 , 414 , 406 , 456 , 3495 , 448 , 146 , 2590 , 815 , 411 , 2649
RegressionTest0::test041 , 357 , 569 , 501 , 486 , 515 , 2863 , 569 , 451 , 2133 , 107 , 3147 , 538 , 527 , 483 , 402 , 379 , 497 , 782 , 271 , 723 , 439 , 479 , 283 , 445 , 252 , 475 , 687 , 5375 , 2983 , 760 , 211 , 424 , 355 , 447 , 293 , 542 , 627 , 365 , 493 , 147 , 0 , 464 , 403 , 257 , 582 , 499 , 626 , 2264 , 487 , 1651 , 2541 , 368 , 538 , 1104 , 518 , 630 , 607 , 3332 , 378 , 643 , 570 , 509 , 560 , 539 , 621 , 552 , 3395 , 588 , 510 , 2927 , 255 , 464 , 3105 , 510 , 570 , 491 , 460 , 620 , 513 , 534 , 943 , 536 , 3626 , 521 , 204 , 435 , 1922 , 368 , 494 , 10698 , 568 , 537 , 3861 , 585 , 389 , 585 , 634 , 572 , 278 , 456 , 337 , 4080 , 573 , 449 , 3644 , 281 , 494 , 2020 , 574 , 524 , 650 , 471 , 454 , 573 , 587 , 2700 , 579 , 458 , 466 , 273 , 512 , 507 , 3352 , 551 , 278 , 2477 , 730 , 461 , 2531
RegressionTest0::test042 , 408 , 701 , 430 , 442 , 748 , 2813 , 707 , 423 , 1978 , 453 , 2927 , 699 , 240 , 184 , 384 , 266 , 207 , 568 , 426 , 537 , 574 , 339 , 566 , 431 , 287 , 463 , 763 , 5308 , 2909 , 559 , 473 , 366 , 519 , 318 , 227 , 701 , 831 , 594 , 264 , 463 , 464 , 0 , 505 , 475 , 380 , 691 , 827 , 2211 , 153 , 1460 , 2312 , 534 , 739 , 901 , 693 , 806 , 298 , 3228 , 637 , 831 , 681 , 679 , 723 , 699 , 788 , 739 , 3332 , 632 , 681 , 2819 , 508 , 607 , 3009 , 680 , 708 , 676 , 667 , 783 , 693 , 699 , 790 , 594 , 3542 , 671 , 470 , 530 , 1719 , 508 , 324 , 10513 , 670 , 696 , 3726 , 168 , 532 , 747 , 711 , 714 , 565 , 585 , 305 , 3987 , 709 , 504 , 3638 , 562 , 686 , 2066 , 714 , 101 , 725 , 431 , 569 , 698 , 748 , 2589 , 752 , 611 , 661 , 492 , 686 , 655 , 3362 , 701 , 566 , 2503 , 588 , 687 , 2550
RegressionTest0::test043 , 537 , 550 , 726 , 330 , 546 , 3006 , 551 , 371 , 2172 , 477 , 3166 , 504 , 456 , 417 , 513 , 387 , 425 , 825 , 375 , 755 , 294 , 407 , 582 , 283 , 401 , 598 , 703 , 5463 , 3095 , 793 , 556 , 335 , 408 , 431 , 371 , 546 , 640 , 419 , 449 , 367 , 403 , 505 , 0 , 399 , 490 , 392 , 639 , 2369 , 617 , 1583 , 2569 , 580 , 466 , 1009 , 410 , 574 , 685 , 3419 , 576 , 640 , 555 , 512 , 494 , 543 , 567 , 575 , 3504 , 526 , 553 , 3043 , 553 , 454 , 3185 , 559 , 552 , 358 , 693 , 564 , 547 , 541 , 988 , 548 , 3699 , 577 , 392 , 141 , 1899 , 307 , 384 , 10718 , 436 , 407 , 3881 , 579 , 198 , 694 , 592 , 557 , 599 , 308 , 434 , 4170 , 632 , 388 , 3725 , 351 , 421 , 2142 , 557 , 573 , 608 , 716 , 311 , 539 , 803 , 2802 , 699 , 678 , 471 , 486 , 516 , 480 , 3461 , 551 , 330 , 2593 , 671 , 441 , 2629
