: , RegressionTest0::test001 , RegressionTest0::test002 , RegressionTest0::test003 , RegressionTest0::test004 , RegressionTest0::test005 , RegressionTest0::test006 , RegressionTest0::test007 , RegressionTest0::test008 , RegressionTest0::test009 , RegressionTest0::test010 , RegressionTest0::test011 , RegressionTest0::test012 , RegressionTest0::test013 , RegressionTest0::test014 , RegressionTest0::test015 , RegressionTest0::test016 , RegressionTest0::test017 , RegressionTest0::test018 , RegressionTest0::test019 , RegressionTest0::test020 , RegressionTest0::test021 , RegressionTest0::test022 , RegressionTest0::test023 , RegressionTest0::test024 , RegressionTest0::test025 , RegressionTest0::test026 , RegressionTest0::test027 , RegressionTest0::test028 , RegressionTest0::test029 , RegressionTest0::test030 , RegressionTest0::test031 , RegressionTest0::test032 , RegressionTest0::test033 , RegressionTest0::test034 , RegressionTest0::test035 , RegressionTest0::test036 , RegressionTest0::test037 , RegressionTest0::test038 , RegressionTest0::test039 , RegressionTest0::test040 , RegressionTest0::test041 , RegressionTest0::test042 , RegressionTest0::test043 , RegressionTest0::test044 , RegressionTest0::test045 , RegressionTest0::test046 , RegressionTest0::test047 , RegressionTest0::test048 , RegressionTest0::test049 , RegressionTest0::test050 , RegressionTest0::test051 , RegressionTest0::test052 , RegressionTest0::test053 , RegressionTest0::test054 , RegressionTest0::test055 , RegressionTest0::test056 , RegressionTest0::test057 , RegressionTest0::test058 , RegressionTest0::test059 , RegressionTest0::test060 , RegressionTest0::test061 , RegressionTest0::test062 , RegressionTest0::test063 , RegressionTest0::test064 , RegressionTest0::test065 , RegressionTest0::test066 , RegressionTest0::test067 , RegressionTest0::test068 , RegressionTest0::test069 , RegressionTest0::test070 , RegressionTest0::test071 , RegressionTest0::test072 , RegressionTest0::test073 , RegressionTest0::test074 , RegressionTest0::test075 , RegressionTest0::test076 , RegressionTest0::test077 , RegressionTest0::test078 , RegressionTest0::test079 , RegressionTest0::test080 , RegressionTest0::test081 , RegressionTest0::test082 , RegressionTest0::test083 , RegressionTest0::test084 , RegressionTest0::test085 , RegressionTest0::test086 , RegressionTest0::test087 , RegressionTest0::test088 , RegressionTest0::test089 , RegressionTest0::test090 , RegressionTest0::test091 , RegressionTest0::test092 , RegressionTest0::test093 , RegressionTest0::test094 , RegressionTest0::test095 , RegressionTest0::test096 , RegressionTest0::test097 , RegressionTest0::test098 , RegressionTest0::test099 , RegressionTest0::test100 , RegressionTest0::test101 , RegressionTest0::test102 , RegressionTest0::test103 , RegressionTest0::test104 , RegressionTest0::test105 , RegressionTest0::test106 , RegressionTest0::test107 , RegressionTest0::test108 , RegressionTest0::test109 , RegressionTest0::test110 , RegressionTest0::test111 , RegressionTest0::test112 , RegressionTest0::test113 , RegressionTest0::test114 , RegressionTest0::test115 , RegressionTest0::test116 , RegressionTest0::test117 , RegressionTest0::test118 , RegressionTest0::test119 , RegressionTest0::test120 , RegressionTest0::test121 , RegressionTest0::test122 , RegressionTest0::test123 , RegressionTest0::test124 , RegressionTest0::test125 , RegressionTest0::test126 , RegressionTest0::test127 , RegressionTest0::test128
RegressionTest0::test001 , 0 , 23 , 9454 , 747 , 3129 , 7595 , 9019 , 8835 , 2524 , 6540 , 699 , 9020 , 8744 , 6831 , 1266 , 11107 , 9125 , 6925 , 1276 , 4585 , 8839 , 11994 , 1338 , 6782 , 9150 , 6362 , 7276 , 14923 , 3247 , 812 , 6448 , 16553 , 793 , 2645 , 1235 , 1395 , 3565 , 5178 , 12128 , 6093 , 5268 , 2010 , 11379 , 5514 , 8706 , 1996 , 5526 , 7540 , 9280 , 988 , 12124 , 5009 , 6609 , 9215 , 12085 , 9236 , 4520 , 4004 , 6035 , 748 , 9181 , 799 , 844 , 7867 , 8687 , 2347 , 15804 , 9540 , 12999 , 12000 , 6727 , 3470 , 9486 , 13231 , 2117 , 3305 , 7658 , 12869 , 12274 , 7163 , 3339 , 13937 , 5534 , 996 , 6948 , 3137 , 8702 , 5884 , 8977 , 1120 , 7697 , 14196 , 4824 , 8066 , 826 , 9063 , 3519 , 3081 , 5290 , 7852 , 9333 , 982 , 11193 , 2380 , 8849 , 9649 , 1016 , 7879 , 16839 , 7958 , 8071 , 5805 , 9152 , 7507 , 7757 , 6819 , 6422 , 11963 , 8534 , 6006 , 12735 , 6447 , 5232 , 7571 , 12227 , 5671 , 9586 , 13305
RegressionTest0::test002 , 23 , 0 , 9440 , 752 , 3116 , 7580 , 9005 , 8821 , 2512 , 6524 , 709 , 9005 , 8730 , 6820 , 1286 , 11093 , 9107 , 6909 , 1273 , 4572 , 8826 , 11975 , 1335 , 6762 , 9136 , 6348 , 7260 , 14905 , 3234 , 831 , 6436 , 16537 , 807 , 2631 , 1255 , 1413 , 3550 , 5162 , 12112 , 6079 , 5256 , 2000 , 11363 , 5499 , 8690 , 1991 , 5512 , 7525 , 9266 , 1004 , 12109 , 4993 , 6594 , 9199 , 12071 , 9222 , 4507 , 3993 , 6021 , 767 , 9168 , 813 , 861 , 7851 , 8670 , 2342 , 15786 , 9526 , 12985 , 11981 , 6714 , 3460 , 9472 , 13214 , 2114 , 3291 , 7644 , 12851 , 12259 , 7148 , 3327 , 13920 , 5520 , 1008 , 6929 , 3124 , 8685 , 5870 , 8959 , 1139 , 7685 , 14179 , 4810 , 8051 , 833 , 9049 , 3505 , 3068 , 5275 , 7839 , 9319 , 1000 , 11177 , 2375 , 8835 , 9631 , 1036 , 7863 , 16822 , 7944 , 8058 , 5789 , 9138 , 7492 , 7743 , 6805 , 6407 , 11944 , 8519 , 5992 , 12723 , 6431 , 5212 , 7556 , 12211 , 5657 , 9571 , 13289
RegressionTest0::test003 , 9454 , 9440 , 0 , 9747 , 6614 , 4036 , 884 , 715 , 7115 , 3897 , 9823 , 886 , 748 , 4912 , 10625 , 2425 , 3585 , 4814 , 8367 , 5443 , 714 , 5342 , 8269 , 4181 , 4060 , 4079 , 3851 , 7342 , 6596 , 10110 , 4104 , 7850 , 9999 , 7034 , 10585 , 10736 , 6673 , 5405 , 5188 , 4573 , 5294 , 7557 , 3659 , 5104 , 4909 , 8062 , 5004 , 3960 , 778 , 10159 , 5188 , 5787 , 3966 , 3833 , 3754 , 4015 , 5345 , 5708 , 4707 , 9974 , 739 , 10057 , 9577 , 4489 , 4626 , 7784 , 7255 , 4102 , 4650 , 5348 , 4389 , 7599 , 1059 , 6237 , 7726 , 6763 , 4658 , 5978 , 5876 , 3964 , 6787 , 5551 , 5001 , 9797 , 4941 , 6611 , 4869 , 5027 , 3542 , 10366 , 4667 , 5954 , 5906 , 4757 , 9495 , 699 , 6695 , 6652 , 4875 , 4790 , 4939 , 10196 , 5075 , 7842 , 4987 , 5141 , 10382 , 4470 , 8204 , 4641 , 4162 , 4718 , 718 , 3959 , 4613 , 4557 , 4399 , 5514 , 4888 , 4792 , 4265 , 4399 , 5007 , 4753 , 6186 , 4810 , 4180 , 6333
RegressionTest0::test004 , 747 , 752 , 9747 , 0 , 3549 , 7916 , 9326 , 9129 , 2827 , 6936 , 658 , 9327 , 9036 , 7212 , 959 , 11420 , 9501 , 7316 , 1738 , 4989 , 9134 , 12352 , 1798 , 7234 , 9475 , 6734 , 7687 , 15285 , 3673 , 687 , 6822 , 16859 , 551 , 2947 , 931 , 1088 , 3889 , 5492 , 12500 , 6459 , 5648 , 2445 , 11691 , 5822 , 8983 , 2388 , 5911 , 7864 , 9578 , 782 , 12497 , 5320 , 6930 , 9519 , 12409 , 9561 , 4909 , 4423 , 6401 , 633 , 9480 , 671 , 866 , 8173 , 8997 , 2713 , 16124 , 9906 , 13306 , 12357 , 7120 , 3627 , 9795 , 13600 , 2553 , 3621 , 8038 , 13238 , 12605 , 7577 , 3657 , 14252 , 5919 , 883 , 7277 , 3551 , 8979 , 6244 , 9358 , 831 , 8079 , 14519 , 5127 , 8342 , 902 , 9357 , 3833 , 3499 , 5674 , 8217 , 9690 , 812 , 11557 , 2747 , 9137 , 10011 , 688 , 8185 , 17162 , 8335 , 8393 , 6128 , 9449 , 7828 , 8137 , 7140 , 6771 , 12329 , 8815 , 6371 , 13060 , 6789 , 5616 , 7958 , 12543 , 6036 , 9953 , 13683
RegressionTest0::test005 , 3129 , 3116 , 6614 , 3549 , 0 , 4621 , 6221 , 5971 , 1123 , 3669 , 3589 , 6223 , 5960 , 4071 , 4246 , 8223 , 6290 , 4182 , 2030 , 1787 , 5970 , 9090 , 1927 , 4036 , 6241 , 3290 , 4427 , 12002 , 345 , 3817 , 3378 , 13664 , 3759 , 1046 , 4202 , 4361 , 1853 , 2551 , 9252 , 3183 , 2868 , 1596 , 8582 , 3020 , 5892 , 1905 , 2630 , 4570 , 6394 , 3840 , 9249 , 2616 , 3783 , 6646 , 9193 , 6302 , 1637 , 1626 , 3172 , 3700 , 6292 , 3778 , 3366 , 5374 , 5753 , 1914 , 12919 , 6666 , 10141 , 9095 , 3995 , 2930 , 6647 , 10310 , 1655 , 1578 , 4873 , 9973 , 9464 , 4313 , 1602 , 11060 , 2638 , 3636 , 4346 , 49 , 5886 , 2983 , 6147 , 4035 , 4914 , 11244 , 2393 , 5276 , 3359 , 6181 , 1755 , 235 , 2297 , 5139 , 6483 , 3874 , 8307 , 1780 , 6066 , 6832 , 4049 , 5385 , 13925 , 5140 , 5104 , 3415 , 6245 , 4536 , 4953 , 4221 , 3513 , 9075 , 5716 , 3109 , 9883 , 3538 , 2649 , 4770 , 9264 , 2752 , 6686 , 10390
RegressionTest0::test006 , 7595 , 7580 , 4036 , 7916 , 4621 , 0 , 3786 , 3753 , 5225 , 2199 , 8032 , 3788 , 3888 , 2569 , 8790 , 4970 , 3390 , 2990 , 6559 , 3385 , 3753 , 5497 , 6462 , 2536 , 3231 , 1474 , 2461 , 8033 , 4496 , 8291 , 1330 , 9634 , 8213 , 5077 , 8745 , 8895 , 4420 , 3679 , 5648 , 3071 , 3736 , 5801 , 5266 , 2748 , 3082 , 6196 , 3415 , 235 , 3593 , 8322 , 5643 , 3513 , 2021 , 3956 , 5819 , 3114 , 3359 , 3910 , 3212 , 8161 , 3664 , 8224 , 7788 , 3466 , 1141 , 5967 , 8663 , 3774 , 6203 , 5503 , 2612 , 6164 , 3782 , 6542 , 5851 , 4567 , 2992 , 6248 , 5654 , 2345 , 4509 , 7066 , 3418 , 8060 , 3003 , 4611 , 2986 , 3287 , 3360 , 8537 , 3060 , 7555 , 3489 , 2744 , 7748 , 3675 , 4407 , 4752 , 2564 , 3800 , 3637 , 8364 , 4899 , 5958 , 3312 , 3871 , 8558 , 3480 , 9772 , 3093 , 510 , 2918 , 3609 , 207 , 2996 , 2423 , 2969 , 5408 , 3334 , 3338 , 6085 , 2899 , 3211 , 3148 , 4653 , 3271 , 3747 , 6641
RegressionTest0::test007 , 9019 , 9005 , 884 , 9326 , 6221 , 3786 , 0 , 341 , 6790 , 3642 , 9390 , 5 , 522 , 4627 , 10241 , 2166 , 3512 , 4383 , 7984 , 4847 , 344 , 5420 , 7888 , 3710 , 3984 , 3918 , 3849 , 7477 , 6087 , 9685 , 3848 , 8051 , 9574 , 6665 , 10201 , 10355 , 6204 , 5167 , 5356 , 4333 , 5011 , 7128 , 3439 , 4832 , 4843 , 7695 , 4768 , 3827 , 456 , 9774 , 5355 , 5333 , 3620 , 3322 , 3427 , 3947 , 5040 , 5330 , 4390 , 9544 , 440 , 9628 , 9196 , 4082 , 4356 , 7407 , 7108 , 4277 , 4492 , 5423 , 4159 , 7204 , 478 , 6354 , 7354 , 6471 , 4408 , 5989 , 5859 , 3878 , 6465 , 5276 , 4770 , 9427 , 4425 , 6229 , 4777 , 4822 , 3525 , 9982 , 4481 , 5572 , 5524 , 4556 , 9064 , 364 , 6305 , 6350 , 4566 , 4525 , 4818 , 9811 , 5121 , 7454 , 4706 , 4896 , 9966 , 4064 , 8159 , 4353 , 4186 , 4628 , 423 , 3793 , 4338 , 4218 , 4185 , 5628 , 4657 , 4601 , 4120 , 4163 , 4726 , 4475 , 6203 , 4555 , 4356 , 6430
RegressionTest0::test008 , 8835 , 8821 , 715 , 9129 , 5971 , 3753 , 341 , 0 , 6511 , 3337 , 9204 , 342 , 211 , 4455 , 10005 , 2308 , 3443 , 4314 , 7748 , 4918 , 14 , 5409 , 7652 , 3653 , 3833 , 3682 , 3631 , 7479 , 5977 , 9494 , 3647 , 8186 , 9382 , 6455 , 9965 , 10119 , 6137 , 5001 , 5382 , 4128 , 4787 , 6940 , 3266 , 4593 , 4705 , 7467 , 4570 , 3723 , 454 , 9541 , 5383 , 5330 , 3405 , 3236 , 3498 , 3802 , 4882 , 5092 , 4294 , 9359 , 378 , 9439 , 8962 , 3901 , 4408 , 7190 , 7246 , 4263 , 4679 , 5413 , 3939 , 7075 , 711 , 6401 , 7126 , 6304 , 4207 , 6190 , 6023 , 3790 , 6254 , 5374 , 4569 , 9199 , 4415 , 5969 , 4616 , 4570 , 3470 , 9746 , 4295 , 5637 , 5336 , 4436 , 8883 , 234 , 6094 , 6115 , 4288 , 4375 , 4784 , 9579 , 5127 , 7230 , 4634 , 4975 , 9764 , 3862 , 8270 , 4242 , 4172 , 4369 , 347 , 3693 , 4149 , 4012 , 3952 , 5651 , 4572 , 4389 , 4197 , 3926 , 4467 , 4274 , 6166 , 4324 , 4332 , 6482
RegressionTest0::test009 , 2524 , 2512 , 7115 , 2827 , 1123 , 5225 , 6790 , 6511 , 0 , 4401 , 3003 , 6791 , 6432 , 4698 , 3654 , 8757 , 6992 , 4813 , 1445 , 2464 , 6511 , 9743 , 1329 , 4751 , 6709 , 4125 , 5167 , 12649 , 1348 , 3234 , 4202 , 14130 , 3169 , 164 , 3608 , 3769 , 1154 , 2845 , 9914 , 3894 , 3486 , 1161 , 8950 , 3377 , 6450 , 1656 , 3340 , 5170 , 6941 , 3249 , 9913 , 2659 , 4163 , 6777 , 9749 , 6795 , 2335 , 2221 , 3879 , 3112 , 6833 , 3191 , 2760 , 5424 , 6338 , 1594 , 13441 , 7314 , 10597 , 9748 , 4673 , 2681 , 7178 , 10978 , 1355 , 833 , 5500 , 10686 , 9983 , 5043 , 871 , 11513 , 3348 , 3038 , 4910 , 1103 , 6448 , 3674 , 6836 , 3415 , 5544 , 11848 , 2423 , 5815 , 2780 , 6721 , 1049 , 1139 , 3216 , 5836 , 7138 , 3280 , 8949 , 1642 , 6608 , 7487 , 3458 , 5435 , 14422 , 5784 , 5699 , 3357 , 6801 , 5137 , 5597 , 4633 , 4218 , 9736 , 6280 , 3814 , 10386 , 4249 , 3293 , 5389 , 9847 , 3473 , 7362 , 11091
RegressionTest0::test010 , 6540 , 6524 , 3897 , 6936 , 3669 , 2199 , 3642 , 3337 , 4401 , 0 , 6986 , 3640 , 3316 , 2227 , 7708 , 5383 , 3074 , 2575 , 5438 , 2486 , 3334 , 5748 , 5351 , 860 , 3479 , 1892 , 1117 , 8573 , 3594 , 7228 , 1906 , 10599 , 7163 , 4315 , 7664 , 7814 , 3754 , 3328 , 5879 , 1895 , 2821 , 4735 , 5671 , 2344 , 3525 , 5186 , 2169 , 2178 , 3638 , 7252 , 5876 , 3146 , 2354 , 4700 , 5920 , 3450 , 2472 , 2795 , 2054 , 7104 , 3516 , 7169 , 6759 , 3945 , 3171 , 5019 , 9709 , 3529 , 7170 , 5751 , 1826 , 5303 , 3856 , 6980 , 4757 , 3887 , 2745 , 6608 , 6199 , 783 , 3847 , 7791 , 2167 , 7011 , 2821 , 3650 , 3523 , 2176 , 2966 , 7487 , 2760 , 8189 , 3167 , 2948 , 6717 , 3446 , 3743 , 3790 , 1592 , 3489 , 3742 , 7295 , 5118 , 4951 , 3543 , 4122 , 7488 , 3956 , 10544 , 2844 , 2617 , 2358 , 3534 , 2143 , 2792 , 2569 , 1894 , 5714 , 3194 , 2077 , 7137 , 2027 , 2315 , 2669 , 6521 , 1916 , 3581 , 7040
RegressionTest0::test011 , 699 , 709 , 9823 , 658 , 3589 , 8032 , 9390 , 9204 , 3003 , 6986 , 0 , 9388 , 9109 , 7169 , 930 , 11485 , 9529 , 7269 , 1740 , 5004 , 9206 , 12382 , 1818 , 7229 , 9569 , 6795 , 7720 , 15345 , 3681 , 421 , 6881 , 16924 , 211 , 3119 , 856 , 1033 , 3967 , 5570 , 12521 , 6510 , 5658 , 2426 , 11751 , 5966 , 9090 , 2373 , 5954 , 7977 , 9651 , 704 , 12516 , 5414 , 7039 , 9589 , 12467 , 9653 , 4966 , 4448 , 6442 , 404 , 9551 , 617 , 614 , 8245 , 9081 , 2631 , 16182 , 9930 , 13367 , 12387 , 7167 , 3764 , 9858 , 13650 , 2538 , 3780 , 8053 , 13288 , 12682 , 7606 , 3809 , 14315 , 5962 , 770 , 7292 , 3598 , 9085 , 6290 , 9410 , 706 , 8093 , 14578 , 5266 , 8449 , 439 , 9432 , 3958 , 3537 , 5731 , 8241 , 9708 , 723 , 11578 , 2727 , 9235 , 10021 , 615 , 8259 , 17222 , 8350 , 8499 , 6231 , 9521 , 7942 , 8151 , 7252 , 6831 , 12384 , 8906 , 6424 , 13120 , 6875 , 5669 , 7974 , 12624 , 6083 , 9977 , 13729
RegressionTest0::test012 , 9020 , 9005 , 886 , 9327 , 6223 , 3788 , 5 , 342 , 6791 , 3640 , 9388 , 0 , 520 , 4625 , 10240 , 2164 , 3512 , 4381 , 7982 , 4846 , 345 , 5418 , 7888 , 3710 , 3983 , 3919 , 3851 , 7477 , 6087 , 9685 , 3848 , 8049 , 9574 , 6665 , 10201 , 10355 , 6207 , 5167 , 5356 , 4333 , 5011 , 7126 , 3438 , 4832 , 4843 , 7695 , 4770 , 3827 , 456 , 9774 , 5355 , 5332 , 3620 , 3321 , 3427 , 3946 , 5042 , 5330 , 4390 , 9544 , 440 , 9626 , 9196 , 4081 , 4356 , 7408 , 7108 , 4277 , 4491 , 5423 , 4159 , 7202 , 478 , 6354 , 7354 , 6472 , 4410 , 5989 , 5860 , 3878 , 6465 , 5276 , 4770 , 9427 , 4425 , 6229 , 4779 , 4822 , 3525 , 9982 , 4481 , 5571 , 5524 , 4556 , 9064 , 364 , 6308 , 6350 , 4566 , 4527 , 4818 , 9811 , 5123 , 7456 , 4708 , 4898 , 9968 , 4064 , 8161 , 4351 , 4184 , 4624 , 421 , 3791 , 4336 , 4216 , 4185 , 5626 , 4655 , 4599 , 4119 , 4161 , 4725 , 4473 , 6201 , 4553 , 4356 , 6428
RegressionTest0::test013 , 8744 , 8730 , 748 , 9036 , 5960 , 3888 , 522 , 211 , 6432 , 3316 , 9109 , 520 , 0 , 4388 , 9911 , 2443 , 3403 , 4288 , 7653 , 4898 , 213 , 5449 , 7557 , 3619 , 3776 , 3594 , 3551 , 7573 , 5930 , 9401 , 3716 , 8279 , 9288 , 6410 , 9872 , 10026 , 6048 , 5041 , 5474 , 4053 , 4742 , 6849 , 3222 , 4513 , 4569 , 7378 , 4442 , 3779 , 604 , 9448 , 5467 , 5279 , 3472 , 3230 , 3575 , 3747 , 4871 , 5004 , 4155 , 9266 , 500 , 9346 , 8869 , 3808 , 4444 , 7100 , 7362 , 4286 , 4767 , 5454 , 3892 , 6985 , 858 , 6455 , 7035 , 6208 , 4161 , 6217 , 6059 , 3687 , 6170 , 5520 , 4439 , 9106 , 4385 , 5954 , 4535 , 4445 , 3354 , 9653 , 4203 , 5738 , 5287 , 4412 , 8790 , 391 , 6015 , 6000 , 4202 , 4343 , 4750 , 9488 , 5088 , 7145 , 4655 , 4923 , 9673 , 3789 , 8415 , 4246 , 4180 , 4226 , 468 , 3750 , 4167 , 4009 , 3883 , 5702 , 4495 , 4237 , 4294 , 3800 , 4309 , 4182 , 6139 , 4289 , 4318 , 6543
RegressionTest0::test014 , 6831 , 6820 , 4912 , 7212 , 4071 , 2569 , 4627 , 4455 , 4698 , 2227 , 7169 , 4625 , 4388 , 0 , 8003 , 5877 , 3687 , 1443 , 5754 , 3032 , 4457 , 5617 , 5677 , 2523 , 3525 , 2388 , 1493 , 8824 , 4039 , 7503 , 2459 , 10667 , 7370 , 4582 , 7956 , 8104 , 4064 , 3468 , 6160 , 2991 , 3253 , 5111 , 6235 , 2694 , 2403 , 5296 , 3107 , 2581 , 4747 , 7546 , 6156 , 3614 , 3007 , 5014 , 6409 , 3602 , 3029 , 3316 , 3025 , 7368 , 4669 , 7447 , 6942 , 4210 , 3148 , 4907 , 9901 , 3245 , 7657 , 5622 , 2560 , 5548 , 4901 , 7015 , 5020 , 4155 , 1734 , 6691 , 6138 , 2279 , 4130 , 8124 , 3115 , 7274 , 2686 , 4066 , 2397 , 2896 , 3567 , 7756 , 1765 , 8296 , 3601 , 1780 , 6886 , 4632 , 4032 , 4148 , 2154 , 3739 , 2845 , 7582 , 4804 , 5042 , 2413 , 3209 , 7762 , 4223 , 10618 , 2000 , 2632 , 2797 , 4651 , 2579 , 1815 , 2685 , 3066 , 5762 , 2068 , 3082 , 7038 , 3033 , 2718 , 1920 , 6196 , 2991 , 3255 , 7086
RegressionTest0::test015 , 1266 , 1286 , 10625 , 959 , 4246 , 8790 , 10241 , 10005 , 3654 , 7708 , 930 , 10240 , 9911 , 8003 , 0 , 12306 , 10308 , 8134 , 2289 , 5791 , 10009 , 13186 , 2387 , 8036 , 10343 , 7523 , 8453 , 16125 , 4442 , 624 , 7614 , 17763 , 732 , 3776 , 179 , 180 , 4780 , 6401 , 13322 , 7271 , 6411 , 3187 , 12583 , 6673 , 9878 , 3033 , 6716 , 8733 , 10454 , 601 , 13319 , 6235 , 7799 , 10410 , 13284 , 10431 , 5663 , 5128 , 7262 , 763 , 10356 , 765 , 1171 , 9056 , 9917 , 3389 , 17019 , 10718 , 14231 , 13191 , 7895 , 4496 , 10711 , 14425 , 3180 , 4458 , 8825 , 14098 , 13510 , 8337 , 4497 , 15145 , 6723 , 1023 , 8160 , 4257 , 9876 , 7052 , 10161 , 371 , 8866 , 15407 , 5998 , 9236 , 1317 , 10233 , 4677 , 4190 , 6437 , 9035 , 10511 , 589 , 12380 , 3425 , 10029 , 10877 , 389 , 9068 , 18057 , 9126 , 9265 , 6989 , 10324 , 8698 , 8920 , 7996 , 7601 , 13151 , 9704 , 7196 , 13950 , 7629 , 6378 , 8741 , 13431 , 6842 , 10765 , 14504
RegressionTest0::test016 , 11107 , 11093 , 2425 , 11420 , 8223 , 4970 , 2166 , 2308 , 8757 , 5383 , 11485 , 2164 , 2443 , 5877 , 12306 , 0 , 4736 , 5906 , 10046 , 6758 , 2304 , 5232 , 9955 , 5655 , 4879 , 5607 , 5045 , 6581 , 8122 , 11778 , 5465 , 6364 , 11672 , 8640 , 12268 , 12418 , 7862 , 6302 , 5053 , 5629 , 6907 , 9226 , 4067 , 6729 , 5590 , 9681 , 6192 , 5165 , 1869 , 11826 , 5049 , 6671 , 5376 , 4491 , 4111 , 4818 , 6800 , 7334 , 5923 , 11638 , 1990 , 11723 , 11249 , 5165 , 4511 , 9436 , 5631 , 4845 , 4229 , 5235 , 5737 , 9114 , 1742 , 5797 , 9386 , 8126 , 5559 , 5692 , 6005 , 5138 , 8026 , 5486 , 6189 , 11476 , 6154 , 8205 , 5539 , 6052 , 4813 , 12048 , 5602 , 6305 , 6776 , 5512 , 11161 , 2078 , 7934 , 8351 , 6473 , 5287 , 5520 , 11865 , 4988 , 9405 , 5328 , 5616 , 12060 , 5148 , 7833 , 5520 , 4950 , 6432 , 2031 , 5120 , 5517 , 5889 , 5612 , 4969 , 5460 , 6020 , 4745 , 5605 , 6572 , 5724 , 5708 , 5917 , 4857 , 5901
RegressionTest0::test017 , 9125 , 9107 , 3585 , 9501 , 6290 , 3390 , 3512 , 3443 , 6992 , 3074 , 9529 , 3512 , 3403 , 3687 , 10308 , 4736 , 0 , 3602 , 8040 , 4893 , 3440 , 3886 , 7943 , 3377 , 2937 , 3793 , 2579 , 5866 , 6211 , 9813 , 3779 , 8496 , 9712 , 6881 , 10260 , 10414 , 6237 , 5301 , 3799 , 3908 , 4952 , 7284 , 4856 , 4406 , 3556 , 7746 , 4387 , 3422 , 3543 , 9837 , 3794 , 5409 , 4118 , 4942 , 4257 , 2910 , 4890 , 5271 , 4080 , 9677 , 3491 , 9738 , 9340 , 4653 , 3559 , 7556 , 7991 , 2995 , 5904 , 3893 , 3141 , 7568 , 3597 , 4701 , 7309 , 6386 , 3474 , 4456 , 4577 , 3036 , 6356 , 6064 , 4389 , 9565 , 3916 , 6252 , 3619 , 4318 , 182 , 10069 , 3497 , 6636 , 5440 , 3411 , 9278 , 3471 , 6249 , 6391 , 4342 , 3943 , 3542 , 9877 , 3606 , 7522 , 3597 , 3682 , 10077 , 4663 , 8483 , 3316 , 3366 , 4576 , 3509 , 3416 , 3408 , 3623 , 3772 , 4069 , 3589 , 4160 , 5877 , 3755 , 4323 , 3309 , 5233 , 4129 , 2957 , 4805
RegressionTest0::test018 , 6925 , 6909 , 4814 , 7316 , 4182 , 2990 , 4383 , 4314 , 4813 , 2575 , 7269 , 4381 , 4288 , 1443 , 8134 , 5906 , 3602 , 0 , 5902 , 2954 , 4320 , 5621 , 5832 , 2367 , 3530 , 2459 , 1929 , 8754 , 4046 , 7578 , 2449 , 10627 , 7459 , 4695 , 8094 , 8245 , 4042 , 3410 , 6123 , 2945 , 3319 , 5168 , 6141 , 2896 , 2115 , 5378 , 2797 , 3011 , 4696 , 7672 , 6118 , 3585 , 2893 , 4935 , 6348 , 3583 , 3108 , 3410 , 2861 , 7466 , 4610 , 7533 , 7135 , 4138 , 3089 , 5350 , 9796 , 3580 , 7420 , 5626 , 2428 , 5565 , 4753 , 6837 , 5200 , 4308 , 1278 , 6476 , 6079 , 2624 , 4284 , 8102 , 2794 , 7414 , 2850 , 4187 , 2097 , 2781 , 3489 , 7904 , 1333 , 8312 , 3744 , 1587 , 6959 , 4510 , 4172 , 4288 , 2495 , 3602 , 2916 , 7712 , 4864 , 5171 , 2301 , 3044 , 7845 , 4149 , 10602 , 1508 , 3084 , 2943 , 4584 , 2987 , 1350 , 2656 , 2941 , 5693 , 2142 , 2913 , 7013 , 2966 , 2897 , 826 , 6171 , 2911 , 3532 , 6976
RegressionTest0::test019 , 1276 , 1273 , 8367 , 1738 , 2030 , 6559 , 7984 , 7748 , 1445 , 5438 , 1740 , 7982 , 7653 , 5754 , 2289 , 10046 , 8040 , 5902 , 0 , 3519 , 7752 , 10920 , 148 , 5809 , 8109 , 5286 , 6186 , 13861 , 2225 , 1921 , 5377 , 15527 , 1877 , 1571 , 2241 , 2400 , 2571 , 4168 , 11055 , 5006 , 4215 , 928 , 10362 , 4480 , 7649 , 1284 , 4447 , 6502 , 8195 , 1952 , 11054 , 4022 , 5578 , 8193 , 11023 , 8195 , 3393 , 2863 , 4993 , 1828 , 8099 , 1904 , 1565 , 6840 , 7687 , 1640 , 14789 , 8463 , 12004 , 10925 , 5667 , 3072 , 8454 , 12161 , 1133 , 2251 , 6597 , 11833 , 11273 , 6072 , 2290 , 12914 , 4455 , 1790 , 5942 , 2036 , 7645 , 4816 , 7892 , 2093 , 6638 , 13179 , 3787 , 7007 , 1587 , 7976 , 2466 , 1975 , 4195 , 6835 , 8276 , 1979 , 10124 , 1611 , 7806 , 8642 , 2138 , 6852 , 15812 , 6898 , 7034 , 4770 , 8067 , 6467 , 6696 , 5803 , 5336 , 10901 , 7476 , 4930 , 11735 , 5364 , 4174 , 6504 , 11203 , 4576 , 8533 , 12240
RegressionTest0::test020 , 4585 , 4572 , 5443 , 4989 , 1787 , 3385 , 4847 , 4918 , 2464 , 2486 , 5004 , 4846 , 4898 , 3032 , 5791 , 6758 , 4893 , 2954 , 3519 , 0 , 4913 , 7691 , 3420 , 2748 , 5051 , 2300 , 3007 , 10521 , 1641 , 5261 , 2309 , 12181 , 5183 , 2379 , 5743 , 5900 , 2174 , 2225 , 7815 , 1657 , 2228 , 2741 , 7339 , 2380 , 4784 , 3413 , 1086 , 3344 , 5122 , 5355 , 7813 , 2534 , 2668 , 5414 , 7665 , 5114 , 382 , 1030 , 1549 , 5133 , 5040 , 5228 , 4869 , 4237 , 4311 , 3241 , 11541 , 5400 , 8635 , 7695 , 2992 , 3765 , 5132 , 8893 , 2961 , 2368 , 3756 , 8472 , 8094 , 3081 , 2301 , 9593 , 1085 , 5120 , 3472 , 1780 , 4775 , 1564 , 4754 , 5571 , 3801 , 9931 , 2430 , 4196 , 4736 , 4967 , 2303 , 1880 , 1849 , 4092 , 5364 , 5392 , 6997 , 3214 , 4940 , 5600 , 5532 , 4251 , 12440 , 4029 , 3835 , 2651 , 5041 , 3310 , 3850 , 3337 , 1956 , 7721 , 4638 , 1534 , 8604 , 1993 , 1740 , 3660 , 7870 , 1257 , 5461 , 8954
RegressionTest0::test021 , 8839 , 8826 , 714 , 9134 , 5970 , 3753 , 344 , 14 , 6511 , 3334 , 9206 , 345 , 213 , 4457 , 10009 , 2304 , 3440 , 4320 , 7752 , 4913 , 0 , 5401 , 7654 , 3654 , 3828 , 3682 , 3626 , 7476 , 5980 , 9498 , 3643 , 8181 , 9386 , 6453 , 9969 , 10123 , 6141 , 4999 , 5381 , 4126 , 4782 , 6944 , 3261 , 4591 , 4708 , 7471 , 4573 , 3727 , 449 , 9545 , 5377 , 5329 , 3402 , 3238 , 3494 , 3798 , 4885 , 5098 , 4297 , 9364 , 371 , 9444 , 8966 , 3898 , 4405 , 7194 , 7241 , 4261 , 4674 , 5407 , 3939 , 7079 , 707 , 6397 , 7129 , 6307 , 4205 , 6187 , 6018 , 3786 , 6255 , 5370 , 4572 , 9203 , 4413 , 5967 , 4618 , 4575 , 3471 , 9750 , 4291 , 5633 , 5339 , 4434 , 8887 , 229 , 6097 , 6120 , 4286 , 4374 , 4779 , 9583 , 5127 , 7235 , 4636 , 4979 , 9769 , 3867 , 8266 , 4239 , 4163 , 4368 , 344 , 3695 , 4147 , 4015 , 3950 , 5649 , 4574 , 4390 , 4191 , 3927 , 4467 , 4272 , 6164 , 4320 , 4326 , 6477
RegressionTest0::test022 , 11994 , 11975 , 5342 , 12352 , 9090 , 5497 , 5420 , 5409 , 9743 , 5748 , 12382 , 5418 , 5449 , 5617 , 13186 , 5232 , 3886 , 5621 , 10920 , 7691 , 5401 , 0 , 10828 , 5670 , 4599 , 6270 , 4947 , 4354 , 8972 , 12674 , 6181 , 6967 , 12573 , 9643 , 13139 , 13291 , 8939 , 7838 , 3104 , 6620 , 7651 , 10141 , 5599 , 7102 , 4662 , 10453 , 7109 , 5577 , 5308 , 12711 , 3094 , 7973 , 6449 , 6395 , 4329 , 4583 , 7724 , 8153 , 6730 , 12536 , 5321 , 12594 , 12150 , 6754 , 5041 , 10193 , 6767 , 4098 , 6203 , 35 , 5642 , 10225 , 5255 , 2516 , 10171 , 9134 , 5007 , 2364 , 3741 , 5415 , 9075 , 5205 , 7106 , 12410 , 6381 , 9068 , 4599 , 6955 , 3971 , 12942 , 5049 , 5599 , 8041 , 4970 , 12082 , 5363 , 8968 , 9197 , 6972 , 6333 , 4438 , 12744 , 2637 , 10166 , 4662 , 4338 , 12947 , 6758 , 6376 , 4782 , 5264 , 7095 , 5361 , 5571 , 4930 , 5975 , 6383 , 2518 , 4926 , 6837 , 5504 , 6386 , 7129 , 5169 , 5192 , 6871 , 4077 , 2432
RegressionTest0::test023 , 1338 , 1335 , 8269 , 1798 , 1927 , 6462 , 7888 , 7652 , 1329 , 5351 , 1818 , 7888 , 7557 , 5677 , 2387 , 9955 , 7943 , 5832 , 148 , 3420 , 7654 , 10828 , 0 , 5725 , 8016 , 5186 , 6091 , 13762 , 2127 , 2008 , 5279 , 15432 , 1964 , 1452 , 2338 , 2496 , 2461 , 4058 , 10964 , 4909 , 4149 , 810 , 10254 , 4432 , 7569 , 1289 , 4350 , 6405 , 8101 , 2043 , 10961 , 3920 , 5473 , 8093 , 10927 , 8102 , 3295 , 2770 , 4898 , 1915 , 8001 , 1994 , 1639 , 6740 , 7590 , 1632 , 14695 , 8379 , 11901 , 10835 , 5575 , 3063 , 8354 , 12069 , 1097 , 2140 , 6516 , 11741 , 11191 , 5986 , 2179 , 12817 , 4356 , 1878 , 5870 , 1925 , 7566 , 4724 , 7797 , 2187 , 6557 , 13085 , 3682 , 6929 , 1668 , 7880 , 2356 , 1879 , 4107 , 6747 , 8195 , 2069 , 10038 , 1574 , 7722 , 8557 , 2228 , 6752 , 15716 , 6818 , 6938 , 4669 , 7968 , 6371 , 6616 , 5715 , 5241 , 10821 , 7398 , 4831 , 11640 , 5265 , 4079 , 6428 , 11104 , 4477 , 8450 , 12146
RegressionTest0::test024 , 6782 , 6762 , 4181 , 7234 , 4036 , 2536 , 3710 , 3653 , 4751 , 860 , 7229 , 3710 , 3619 , 2523 , 8036 , 5655 , 3377 , 2367 , 5809 , 2748 , 3654 , 5670 , 5725 , 0 , 3239 , 2162 , 1647 , 8539 , 3847 , 7495 , 2211 , 10315 , 7425 , 4647 , 7995 , 8149 , 4004 , 3347 , 5901 , 2297 , 3176 , 5006 , 5511 , 2547 , 3300 , 5526 , 2484 , 2493 , 3968 , 7582 , 5898 , 3380 , 2482 , 4517 , 6125 , 3282 , 2914 , 3181 , 2223 , 7356 , 3915 , 7438 , 7075 , 3790 , 3434 , 5340 , 9448 , 3535 , 6836 , 5677 , 2009 , 5489 , 4068 , 6850 , 5084 , 4218 , 2545 , 6465 , 5862 , 1299 , 4182 , 7604 , 2489 , 7329 , 2788 , 4022 , 3275 , 2218 , 3269 , 7817 , 2602 , 7945 , 3478 , 2968 , 6935 , 3822 , 4101 , 4139 , 2132 , 3563 , 3721 , 7619 , 5074 , 5290 , 3414 , 3993 , 7775 , 3804 , 10332 , 2645 , 2906 , 2636 , 3887 , 2458 , 2563 , 2502 , 2368 , 5494 , 3115 , 2368 , 6913 , 2422 , 2659 , 2381 , 6267 , 2384 , 3562 , 6929
RegressionTest0::test025 , 9150 , 9136 , 4060 , 9475 , 6241 , 3231 , 3984 , 3833 , 6709 , 3479 , 9569 , 3983 , 3776 , 3525 , 10343 , 4879 , 2937 , 3530 , 8109 , 5051 , 3828 , 4599 , 8016 , 3239 , 0 , 4005 , 3114 , 6466 , 6167 , 9840 , 3968 , 8102 , 9752 , 6587 , 10300 , 10453 , 5773 , 4984 , 3945 , 4240 , 5006 , 7315 , 3639 , 4179 , 3221 , 7713 , 4648 , 3200 , 4053 , 9877 , 3950 , 5271 , 3071 , 3819 , 4883 , 121 , 5022 , 5374 , 4399 , 9707 , 3959 , 9771 , 9338 , 3615 , 3109 , 7489 , 7785 , 3324 , 5156 , 4593 , 3312 , 7559 , 4215 , 5497 , 7387 , 5995 , 3352 , 5155 , 4044 , 3431 , 5923 , 5457 , 4649 , 9592 , 4179 , 6218 , 3227 , 4265 , 2870 , 10094 , 3437 , 6215 , 5287 , 3062 , 9278 , 3902 , 5809 , 6337 , 4092 , 4023 , 3496 , 9916 , 3880 , 7454 , 3436 , 3745 , 10111 , 3607 , 7990 , 3362 , 3127 , 3879 , 3938 , 3213 , 3382 , 3602 , 4165 , 4465 , 3455 , 4477 , 5735 , 4244 , 4620 , 3511 , 5133 , 4390 , 3263 , 5536
RegressionTest0::test026 , 6362 , 6348 , 4079 , 6734 , 3290 , 1474 , 3918 , 3682 , 4125 , 1892 , 6795 , 3919 , 3594 , 2388 , 7523 , 5607 , 3793 , 2459 , 5286 , 2300 , 3682 , 6270 , 5186 , 2162 , 4005 , 0 , 2318 , 8979 , 3167 , 7044 , 202 , 10859 , 6940 , 4029 , 7481 , 7631 , 3452 , 3218 , 6386 , 2619 , 2688 , 4542 , 6074 , 2325 , 3381 , 4971 , 2521 , 1391 , 3906 , 7069 , 6382 , 3205 , 2052 , 4782 , 6111 , 4079 , 2212 , 2635 , 2660 , 6913 , 3784 , 6982 , 6559 , 3920 , 2595 , 4821 , 9910 , 4150 , 7368 , 6277 , 2054 , 5156 , 4191 , 7501 , 4602 , 3600 , 2701 , 7176 , 6560 , 2328 , 3572 , 8118 , 2528 , 6829 , 2693 , 3277 , 3433 , 2600 , 3702 , 7285 , 2771 , 8294 , 3138 , 3070 , 6531 , 3780 , 3466 , 3410 , 1252 , 3514 , 4035 , 7111 , 5574 , 4731 , 3704 , 4291 , 7303 , 3928 , 10801 , 2848 , 1922 , 2091 , 3787 , 1363 , 2728 , 2109 , 2659 , 6159 , 3514 , 2720 , 6987 , 2602 , 2077 , 2670 , 6063 , 2530 , 4197 , 7577
RegressionTest0::test027 , 7276 , 7260 , 3851 , 7687 , 4427 , 2461 , 3849 , 3631 , 5167 , 1117 , 7720 , 3851 , 3551 , 1493 , 8453 , 5045 , 2579 , 1929 , 6186 , 3007 , 3626 , 4947 , 6091 , 1647 , 3114 , 2318 , 0 , 7909 , 4325 , 7967 , 2305 , 9874 , 7899 , 5063 , 8407 , 8558 , 4451 , 3882 , 5151 , 2257 , 3345 , 5469 , 5663 , 3018 , 2824 , 5920 , 2572 , 2481 , 3713 , 7990 , 5148 , 3799 , 2927 , 4656 , 5482 , 3196 , 3009 , 3447 , 2380 , 7837 , 3672 , 7901 , 7500 , 4177 , 3019 , 5727 , 9292 , 2597 , 6839 , 4954 , 2030 , 5944 , 3938 , 6154 , 5493 , 4600 , 2079 , 5808 , 5373 , 1097 , 4563 , 7414 , 2571 , 7741 , 3121 , 4415 , 2807 , 2610 , 2442 , 8230 , 2133 , 7753 , 3821 , 2251 , 7445 , 3692 , 4468 , 4529 , 2322 , 3676 , 3027 , 8031 , 4249 , 5678 , 2696 , 3366 , 8232 , 4188 , 9838 , 2357 , 2603 , 2902 , 3665 , 2464 , 2177 , 2855 , 2171 , 4953 , 2384 , 2426 , 6882 , 2216 , 2970 , 2446 , 6229 , 2370 , 2645 , 6222
RegressionTest0::test028 , 14923 , 14905 , 7342 , 15285 , 12002 , 8033 , 7477 , 7479 , 12649 , 8573 , 15345 , 7477 , 7573 , 8824 , 16125 , 6581 , 5866 , 8754 , 13861 , 10521 , 7476 , 4354 , 13762 , 8539 , 6466 , 8979 , 7909 , 0 , 11895 , 15608 , 8890 , 6957 , 15536 , 12532 , 16082 , 16229 , 11812 , 10555 , 3560 , 9378 , 10421 , 13046 , 6574 , 9838 , 7870 , 13497 , 9915 , 8171 , 7299 , 15646 , 3559 , 10762 , 8991 , 8416 , 5411 , 6393 , 10568 , 11067 , 9507 , 15469 , 7371 , 15531 , 15121 , 9056 , 7466 , 13247 , 5977 , 6548 , 6661 , 4367 , 8556 , 12987 , 7278 , 3276 , 13093 , 12062 , 8257 , 3552 , 5050 , 8280 , 11990 , 5690 , 9911 , 15357 , 9040 , 11976 , 7831 , 9722 , 6019 , 15898 , 8296 , 5608 , 10855 , 8072 , 15044 , 7402 , 11873 , 12107 , 9875 , 8626 , 7320 , 15676 , 5577 , 13228 , 7635 , 7238 , 15885 , 9059 , 5708 , 8036 , 7858 , 9926 , 7392 , 8164 , 8179 , 8811 , 9103 , 4534 , 7806 , 9590 , 6263 , 9114 , 10027 , 8384 , 6363 , 9682 , 6475 , 3255
RegressionTest0::test029 , 3247 , 3234 , 6596 , 3673 , 345 , 4496 , 6087 , 5977 , 1348 , 3594 , 3681 , 6087 , 5930 , 4039 , 4442 , 8122 , 6211 , 4046 , 2225 , 1641 , 5980 , 8972 , 2127 , 3847 , 6167 , 3167 , 4325 , 11895 , 0 , 3918 , 3255 , 13532 , 3852 , 1320 , 4399 , 4555 , 1754 , 2399 , 9131 , 3101 , 2836 , 1620 , 8558 , 2986 , 5839 , 2045 , 2525 , 4441 , 6346 , 4025 , 9130 , 2470 , 3799 , 6596 , 9060 , 6255 , 1682 , 1681 , 3003 , 3788 , 6265 , 3896 , 3557 , 5341 , 5570 , 2095 , 12806 , 6563 , 9994 , 8979 , 3945 , 2932 , 6495 , 10185 , 1856 , 1580 , 4797 , 9768 , 9297 , 4213 , 1611 , 10941 , 2533 , 3815 , 4240 , 348 , 5833 , 2922 , 6065 , 4230 , 4845 , 11114 , 2342 , 5209 , 3419 , 6158 , 1724 , 519 , 2258 , 5074 , 6411 , 4057 , 8194 , 1978 , 5975 , 6702 , 4189 , 5354 , 13785 , 5074 , 4968 , 3376 , 6242 , 4406 , 4888 , 4205 , 3423 , 8956 , 5618 , 2984 , 9813 , 3440 , 2623 , 4700 , 9106 , 2697 , 6581 , 10264
RegressionTest0::test030 , 812 , 831 , 10110 , 687 , 3817 , 8291 , 9685 , 9494 , 3234 , 7228 , 421 , 9685 , 9401 , 7503 , 624 , 11778 , 9813 , 7578 , 1921 , 5261 , 9498 , 12674 , 2008 , 7495 , 9840 , 7044 , 7967 , 15608 , 3918 , 0 , 7130 , 17219 , 299 , 3354 , 558 , 725 , 4250 , 5862 , 12810 , 6789 , 5940 , 2672 , 12053 , 6198 , 9371 , 2617 , 6212 , 8235 , 9941 , 524 , 12808 , 5694 , 7312 , 9892 , 12762 , 9927 , 5207 , 4678 , 6716 , 218 , 9844 , 449 , 768 , 8550 , 9367 , 2957 , 16487 , 10214 , 13669 , 12677 , 7412 , 3974 , 10154 , 13911 , 2729 , 4025 , 8329 , 13552 , 12964 , 7850 , 4060 , 14618 , 6219 , 834 , 7609 , 3825 , 9367 , 6562 , 9666 , 477 , 8371 , 14883 , 5536 , 8730 , 774 , 9720 , 4237 , 3763 , 5973 , 8533 , 9998 , 504 , 11867 , 3010 , 9520 , 10325 , 345 , 8563 , 17524 , 8628 , 8766 , 6511 , 9812 , 8202 , 8430 , 7500 , 7120 , 12641 , 9200 , 6687 , 13425 , 7146 , 5908 , 8250 , 12910 , 6367 , 10263 , 13988
RegressionTest0::test031 , 6448 , 6436 , 4104 , 6822 , 3378 , 1330 , 3848 , 3647 , 4202 , 1906 , 6881 , 3848 , 3716 , 2459 , 7614 , 5465 , 3779 , 2449 , 5377 , 2309 , 3643 , 6181 , 5279 , 2211 , 3968 , 202 , 2305 , 8890 , 3255 , 7130 , 0 , 10765 , 7054 , 4059 , 7570 , 7722 , 3520 , 3151 , 6297 , 2650 , 2701 , 4629 , 6048 , 2396 , 3439 , 5062 , 2585 , 1293 , 3758 , 7160 , 6293 , 3266 , 2083 , 4647 , 6154 , 3926 , 2251 , 2726 , 2730 , 7001 , 3712 , 7070 , 6649 , 3811 , 2463 , 4906 , 9753 , 4131 , 7269 , 6188 , 2041 , 5214 , 4041 , 7386 , 4689 , 3722 , 2726 , 7080 , 6524 , 2267 , 3650 , 7957 , 2587 , 6916 , 2679 , 3369 , 3378 , 2626 , 3707 , 7394 , 2783 , 8338 , 3210 , 3052 , 6618 , 3660 , 3550 , 3501 , 1342 , 3483 , 4061 , 7201 , 5560 , 4815 , 3694 , 4305 , 7393 , 3831 , 10716 , 2841 , 1820 , 2187 , 3648 , 1259 , 2724 , 2219 , 2741 , 6049 , 3579 , 2787 , 6928 , 2714 , 2196 , 2705 , 5973 , 2544 , 4139 , 7480
RegressionTest0::test032 , 16553 , 16537 , 7850 , 16859 , 13664 , 9634 , 8051 , 8186 , 14130 , 10599 , 16924 , 8049 , 8279 , 10667 , 17763 , 6364 , 8496 , 10627 , 15527 , 12181 , 8181 , 6967 , 15432 , 10315 , 8102 , 10859 , 9874 , 6957 , 13532 , 17219 , 10765 , 0 , 17116 , 14003 , 17722 , 17867 , 13034 , 11657 , 7249 , 10903 , 12099 , 14685 , 5193 , 11528 , 9539 , 15051 , 11433 , 9753 , 7781 , 17279 , 7251 , 11925 , 10083 , 7427 , 6777 , 8038 , 12241 , 12799 , 11030 , 17075 , 7889 , 17153 , 16676 , 8724 , 8838 , 14779 , 7278 , 8751 , 3612 , 6972 , 10469 , 14330 , 7670 , 6481 , 14757 , 13317 , 10123 , 6600 , 6981 , 10240 , 13278 , 5659 , 11430 , 16891 , 10978 , 13654 , 9549 , 11038 , 8508 , 17501 , 10181 , 6345 , 12035 , 9836 , 16571 , 7977 , 13106 , 13753 , 11811 , 10071 , 9442 , 17307 , 7410 , 14721 , 9617 , 9359 , 17509 , 8713 , 5448 , 9992 , 9280 , 10986 , 7917 , 9729 , 10069 , 10511 , 10675 , 7183 , 9758 , 11115 , 7233 , 10703 , 11775 , 10247 , 7272 , 11210 , 8699 , 6650
RegressionTest0::test033 , 793 , 807 , 9999 , 551 , 3759 , 8213 , 9574 , 9382 , 3169 , 7163 , 211 , 9574 , 9288 , 7370 , 732 , 11672 , 9712 , 7459 , 1877 , 5183 , 9386 , 12573 , 1964 , 7425 , 9752 , 6940 , 7899 , 15536 , 3852 , 299 , 7054 , 17116 , 0 , 3287 , 670 , 828 , 4163 , 5758 , 12709 , 6684 , 5839 , 2594 , 11945 , 6115 , 9267 , 2533 , 6118 , 8144 , 9830 , 595 , 12707 , 5602 , 7216 , 9783 , 12652 , 9837 , 5143 , 4623 , 6614 , 340 , 9732 , 509 , 663 , 8439 , 9274 , 2805 , 16377 , 10117 , 13562 , 12578 , 7345 , 3919 , 10043 , 13840 , 2668 , 3927 , 8236 , 13479 , 12868 , 7770 , 3984 , 14506 , 6125 , 810 , 7482 , 3767 , 9271 , 6462 , 9568 , 516 , 8278 , 14773 , 5447 , 8633 , 631 , 9610 , 4131 , 3681 , 5908 , 8427 , 9888 , 582 , 11765 , 2907 , 9422 , 10217 , 411 , 8452 , 17417 , 8535 , 8671 , 6404 , 9700 , 8115 , 8336 , 7399 , 7010 , 12574 , 9085 , 6591 , 13310 , 7036 , 5814 , 8149 , 12806 , 6261 , 10166 , 13920
RegressionTest0::test034 , 2645 , 2631 , 7034 , 2947 , 1046 , 5077 , 6665 , 6455 , 164 , 4315 , 3119 , 6665 , 6410 , 4582 , 3776 , 8640 , 6881 , 4695 , 1571 , 2379 , 6453 , 9643 , 1452 , 4647 , 6587 , 4029 , 5063 , 12532 , 1320 , 3354 , 4059 , 14003 , 3287 , 0 , 3728 , 3888 , 1020 , 2714 , 9816 , 3795 , 3403 , 1203 , 8824 , 3275 , 6336 , 1740 , 3244 , 5049 , 6835 , 3370 , 9813 , 2533 , 4039 , 6649 , 9662 , 6671 , 2218 , 2132 , 3783 , 3230 , 6721 , 3308 , 2877 , 5296 , 6212 , 1625 , 13319 , 7223 , 10473 , 9650 , 4601 , 2733 , 7081 , 10862 , 1377 , 703 , 5394 , 10573 , 9878 , 4955 , 741 , 11389 , 3252 , 3163 , 4802 , 1089 , 6333 , 3576 , 6753 , 3534 , 5435 , 11744 , 2296 , 5705 , 2893 , 6628 , 918 , 1153 , 3121 , 5716 , 7026 , 3407 , 8854 , 1641 , 6498 , 7367 , 3578 , 5311 , 14300 , 5657 , 5579 , 3236 , 6670 , 5014 , 5475 , 4534 , 4115 , 9631 , 6171 , 3717 , 10266 , 4153 , 3234 , 5281 , 9723 , 3363 , 7267 , 10983
RegressionTest0::test035 , 1235 , 1255 , 10585 , 931 , 4202 , 8745 , 10201 , 9965 , 3608 , 7664 , 856 , 10201 , 9872 , 7956 , 179 , 12268 , 10260 , 8094 , 2241 , 5743 , 9969 , 13139 , 2338 , 7995 , 10300 , 7481 , 8407 , 16082 , 4399 , 558 , 7570 , 17722 , 670 , 3728 , 0 , 193 , 4735 , 6359 , 13275 , 7229 , 6364 , 3135 , 12544 , 6635 , 9834 , 2990 , 6671 , 8688 , 10414 , 551 , 13273 , 6193 , 7756 , 10371 , 13245 , 10388 , 5616 , 5079 , 7219 , 700 , 10317 , 695 , 1132 , 9017 , 9871 , 3337 , 16980 , 10674 , 14192 , 13144 , 7847 , 4465 , 10671 , 14380 , 3118 , 4415 , 8779 , 14054 , 13468 , 8294 , 4454 , 15107 , 6678 , 993 , 8119 , 4213 , 9831 , 7006 , 10112 , 246 , 8820 , 15367 , 5956 , 9192 , 1281 , 10193 , 4633 , 4147 , 6392 , 8990 , 10466 , 528 , 12334 , 3378 , 9985 , 10831 , 278 , 9029 , 18017 , 9081 , 9219 , 6947 , 10285 , 8654 , 8877 , 7956 , 7559 , 13108 , 9661 , 7152 , 13911 , 7586 , 6331 , 8697 , 13388 , 6799 , 10721 , 14459
RegressionTest0::test036 , 1395 , 1413 , 10736 , 1088 , 4361 , 8895 , 10355 , 10119 , 3769 , 7814 , 1033 , 10355 , 10026 , 8104 , 180 , 12418 , 10414 , 8245 , 2400 , 5900 , 10123 , 13291 , 2496 , 8149 , 10453 , 7631 , 8558 , 16229 , 4555 , 725 , 7722 , 17867 , 828 , 3888 , 193 , 0 , 4896 , 6514 , 13420 , 7385 , 6514 , 3300 , 12693 , 6787 , 9980 , 3139 , 6825 , 8840 , 10568 , 682 , 13418 , 6348 , 7912 , 10524 , 13395 , 10537 , 5771 , 5233 , 7372 , 873 , 10471 , 838 , 1298 , 9171 , 10027 , 3486 , 17125 , 10822 , 14341 , 13295 , 8001 , 4615 , 10825 , 14527 , 3285 , 4572 , 8930 , 14200 , 13617 , 8445 , 4615 , 15255 , 6833 , 1118 , 8267 , 4368 , 9976 , 7159 , 10267 , 410 , 8969 , 15513 , 6112 , 9337 , 1448 , 10346 , 4790 , 4305 , 6546 , 9142 , 10610 , 656 , 12479 , 3537 , 10129 , 10974 , 435 , 9183 , 18163 , 9232 , 9372 , 7099 , 10439 , 8807 , 9030 , 8110 , 7714 , 13258 , 9807 , 7306 , 14062 , 7741 , 6488 , 8847 , 13540 , 6953 , 10867 , 14606
RegressionTest0::test037 , 3565 , 3550 , 6673 , 3889 , 1853 , 4420 , 6204 , 6137 , 1154 , 3754 , 3967 , 6207 , 6048 , 4064 , 4780 , 7862 , 6237 , 4042 , 2571 , 2174 , 6141 , 8939 , 2461 , 4004 , 5773 , 3452 , 4451 , 11812 , 1754 , 4250 , 3520 , 13034 , 4163 , 1020 , 4735 , 4896 , 0 , 1744 , 9086 , 3116 , 3055 , 1776 , 7868 , 2828 , 5707 , 2593 , 2720 , 4370 , 6428 , 4359 , 9086 , 1529 , 3284 , 5709 , 8910 , 5857 , 2129 , 2112 , 3003 , 4118 , 6359 , 4209 , 3844 , 4370 , 5328 , 2423 , 12427 , 6586 , 9477 , 8941 , 4081 , 3079 , 6574 , 10145 , 2199 , 514 , 4809 , 9737 , 9087 , 4368 , 351 , 10420 , 2729 , 4128 , 4083 , 1857 , 5692 , 2956 , 6120 , 4539 , 4853 , 10896 , 1490 , 5094 , 3714 , 6302 , 481 , 1905 , 2660 , 5089 , 6398 , 4389 , 8152 , 2398 , 5870 , 6594 , 4520 , 4383 , 13329 , 5088 , 4868 , 2602 , 6353 , 4339 , 4892 , 3930 , 3388 , 8908 , 5561 , 3030 , 9406 , 3453 , 2854 , 4773 , 8858 , 2756 , 6625 , 10241
RegressionTest0::test038 , 5178 , 5162 , 5405 , 5492 , 2551 , 3679 , 5167 , 5001 , 2845 , 3328 , 5570 , 5167 , 5041 , 3468 , 6401 , 6302 , 5301 , 3410 , 4168 , 2225 , 4999 , 7838 , 4058 , 3347 , 4984 , 3218 , 3882 , 10555 , 2399 , 5862 , 3151 , 11657 , 5758 , 2714 , 6359 , 6514 , 1744 , 0 , 8069 , 2638 , 3313 , 3312 , 7227 , 2409 , 4711 , 3960 , 2333 , 3712 , 5017 , 5950 , 8070 , 1367 , 2870 , 5313 , 7794 , 5031 , 2144 , 2679 , 2596 , 5720 , 4973 , 5813 , 5414 , 4192 , 4196 , 3828 , 11029 , 5556 , 8326 , 7844 , 3570 , 3911 , 5257 , 9004 , 3718 , 2216 , 4047 , 8635 , 7728 , 3885 , 2014 , 9292 , 2340 , 5710 , 3767 , 2553 , 4690 , 2422 , 5214 , 6154 , 4111 , 9458 , 1328 , 4223 , 5285 , 5010 , 2130 , 2684 , 2754 , 4301 , 5504 , 5993 , 7079 , 3725 , 4911 , 5679 , 6132 , 4189 , 12096 , 4247 , 4014 , 3072 , 4968 , 3669 , 4058 , 3104 , 2913 , 7772 , 4738 , 2625 , 8039 , 2971 , 2767 , 3921 , 7613 , 2337 , 5628 , 9091
RegressionTest0::test039 , 12128 , 12112 , 5188 , 12500 , 9252 , 5648 , 5356 , 5382 , 9914 , 5879 , 12521 , 5356 , 5474 , 6160 , 13322 , 5053 , 3799 , 6123 , 11055 , 7815 , 5381 , 3104 , 10964 , 5901 , 3945 , 6386 , 5151 , 3560 , 9131 , 12810 , 6297 , 7249 , 12709 , 9816 , 13275 , 13420 , 9086 , 8069 , 0 , 6775 , 7631 , 10265 , 5463 , 7182 , 5502 , 10641 , 7252 , 5715 , 5116 , 12844 , 36 , 8144 , 6541 , 6509 , 4376 , 3956 , 7860 , 8271 , 6897 , 12675 , 5175 , 12733 , 12306 , 6826 , 5318 , 10411 , 6775 , 4146 , 5901 , 3077 , 5932 , 10336 , 5137 , 2772 , 10294 , 9301 , 5645 , 2660 , 3800 , 5580 , 9236 , 5287 , 7249 , 12545 , 6279 , 9241 , 5440 , 7133 , 3865 , 13075 , 5696 , 5414 , 8253 , 5599 , 12224 , 5241 , 9144 , 9360 , 7180 , 6112 , 5166 , 12878 , 3641 , 10378 , 5290 , 5195 , 13082 , 6832 , 6690 , 5586 , 5459 , 7157 , 5190 , 5721 , 5637 , 6312 , 6552 , 3236 , 5366 , 6969 , 5579 , 6545 , 7330 , 5873 , 5430 , 7048 , 4056 , 2789
