: , RegressionTest0::test01 , RegressionTest0::test02 , RegressionTest0::test03 , RegressionTest0::test04 , RegressionTest0::test05 , RegressionTest0::test06 , RegressionTest0::test07 , RegressionTest0::test08 , RegressionTest0::test09 , RegressionTest0::test10 , RegressionTest0::test11 , RegressionTest0::test12 , RegressionTest0::test13 , RegressionTest0::test14 , RegressionTest0::test15 , RegressionTest0::test16 , RegressionTest0::test17 , RegressionTest0::test18 , RegressionTest0::test19 , RegressionTest0::test20 , RegressionTest0::test21 , RegressionTest0::test22 , RegressionTest0::test23 , RegressionTest0::test24 , RegressionTest0::test25 , RegressionTest0::test26 , RegressionTest0::test27 , RegressionTest0::test28 , RegressionTest0::test29 , RegressionTest0::test30 , RegressionTest0::test31 , RegressionTest0::test32 , RegressionTest0::test33 , RegressionTest0::test34
RegressionTest0::test01 , 0 , 125 , 673 , 310 , 9 , 372 , 202 , 507 , 343 , 134 , 205 , 97 , 192 , 314 , 235 , 187 , 199 , 182 , 228 , 239 , 115 , 240 , 48 , 127 , 506 , 419 , 310 , 125 , 327 , 256 , 195 , 180 , 224 , 157
RegressionTest0::test02 , 125 , 0 , 703 , 360 , 124 , 460 , 269 , 500 , 414 , 237 , 152 , 78 , 84 , 286 , 194 , 135 , 272 , 192 , 185 , 242 , 74 , 301 , 158 , 58 , 509 , 398 , 394 , 224 , 312 , 341 , 276 , 278 , 176 , 106
RegressionTest0::test03 , 673 , 703 , 0 , 407 , 676 , 449 , 569 , 413 , 547 , 600 , 822 , 706 , 776 , 515 , 854 , 735 , 575 , 642 , 849 , 622 , 725 , 545 , 646 , 749 , 507 , 442 , 613 , 624 , 571 , 606 , 591 , 615 , 840 , 732
RegressionTest0::test04 , 310 , 360 , 407 , 0 , 307 , 134 , 293 , 213 , 361 , 252 , 449 , 338 , 420 , 126 , 482 , 380 , 294 , 348 , 475 , 329 , 360 , 308 , 297 , 375 , 457 , 155 , 359 , 295 , 398 , 338 , 333 , 277 , 469 , 369
RegressionTest0::test05 , 9 , 124 , 676 , 307 , 0 , 379 , 209 , 506 , 350 , 141 , 200 , 90 , 185 , 313 , 226 , 182 , 206 , 178 , 221 , 232 , 112 , 247 , 55 , 120 , 499 , 419 , 303 , 132 , 334 , 259 , 190 , 187 , 218 , 152
RegressionTest0::test06 , 372 , 460 , 449 , 134 , 379 , 0 , 331 , 200 , 336 , 340 , 568 , 452 , 530 , 234 , 603 , 491 , 328 , 387 , 595 , 373 , 465 , 353 , 337 , 495 , 457 , 205 , 342 , 317 , 399 , 339 , 295 , 369 , 589 , 477
RegressionTest0::test07 , 202 , 269 , 569 , 293 , 209 , 331 , 0 , 460 , 158 , 139 , 396 , 278 , 346 , 362 , 429 , 352 , 9 , 182 , 421 , 276 , 295 , 253 , 193 , 318 , 444 , 425 , 155 , 102 , 308 , 190 , 188 , 182 , 416 , 248
RegressionTest0::test08 , 507 , 500 , 413 , 213 , 506 , 200 , 460 , 0 , 478 , 428 , 643 , 542 , 570 , 300 , 680 , 546 , 460 , 415 , 675 , 358 , 535 , 451 , 478 , 550 , 448 , 175 , 464 , 453 , 370 , 386 , 410 , 434 , 666 , 543
RegressionTest0::test09 , 343 , 414 , 547 , 361 , 350 , 336 , 158 , 478 , 0 , 268 , 536 , 417 , 485 , 446 , 567 , 483 , 153 , 266 , 559 , 363 , 436 , 340 , 324 , 457 , 447 , 471 , 133 , 249 , 364 , 230 , 289 , 246 , 554 , 388
RegressionTest0::test10 , 134 , 237 , 600 , 252 , 141 , 340 , 139 , 428 , 268 , 0 , 328 , 213 , 302 , 304 , 358 , 233 , 132 , 200 , 352 , 155 , 233 , 187 , 129 , 248 , 413 , 375 , 258 , 116 , 245 , 225 , 198 , 57 , 348 , 253
RegressionTest0::test11 , 205 , 152 , 822 , 449 , 200 , 568 , 396 , 643 , 536 , 328 , 0 , 132 , 79 , 359 , 62 , 119 , 390 , 332 , 64 , 357 , 125 , 393 , 247 , 108 , 639 , 485 , 493 , 321 , 456 , 448 , 380 , 362 , 50 , 172
RegressionTest0::test12 , 97 , 78 , 706 , 338 , 90 , 452 , 278 , 542 , 417 , 213 , 132 , 0 , 103 , 320 , 156 , 134 , 269 , 237 , 149 , 262 , 61 , 281 , 125 , 65 , 537 , 428 , 381 , 208 , 364 , 335 , 266 , 254 , 150 , 98
RegressionTest0::test13 , 192 , 84 , 776 , 420 , 185 , 530 , 346 , 570 , 485 , 302 , 79 , 103 , 0 , 310 , 122 , 115 , 339 , 260 , 119 , 303 , 121 , 362 , 212 , 85 , 577 , 427 , 460 , 292 , 381 , 413 , 348 , 341 , 104 , 147
RegressionTest0::test14 , 314 , 286 , 515 , 126 , 313 , 234 , 362 , 300 , 446 , 304 , 359 , 320 , 310 , 0 , 397 , 294 , 356 , 284 , 393 , 295 , 305 , 319 , 310 , 301 , 466 , 133 , 431 , 334 , 373 , 399 , 338 , 323 , 383 , 301
RegressionTest0::test15 , 235 , 194 , 854 , 482 , 226 , 603 , 429 , 680 , 567 , 358 , 62 , 156 , 122 , 397 , 0 , 147 , 420 , 372 , 21 , 395 , 186 , 426 , 279 , 144 , 674 , 525 , 524 , 354 , 496 , 481 , 413 , 392 , 35 , 206
RegressionTest0::test16 , 187 , 135 , 735 , 380 , 182 , 491 , 352 , 546 , 483 , 233 , 119 , 134 , 115 , 294 , 147 , 0 , 343 , 291 , 146 , 259 , 145 , 293 , 221 , 128 , 556 , 396 , 446 , 288 , 357 , 349 , 303 , 267 , 140 , 153
RegressionTest0::test17 , 199 , 272 , 575 , 294 , 206 , 328 , 9 , 460 , 153 , 132 , 390 , 269 , 339 , 356 , 420 , 343 , 0 , 179 , 413 , 269 , 296 , 246 , 190 , 312 , 437 , 418 , 154 , 109 , 305 , 191 , 181 , 181 , 410 , 247
RegressionTest0::test18 , 182 , 192 , 642 , 348 , 178 , 387 , 182 , 415 , 266 , 200 , 332 , 237 , 260 , 284 , 372 , 291 , 179 , 0 , 365 , 216 , 226 , 269 , 149 , 242 , 425 , 362 , 248 , 172 , 253 , 260 , 224 , 193 , 359 , 186
RegressionTest0::test19 , 228 , 185 , 849 , 475 , 221 , 595 , 421 , 675 , 559 , 352 , 64 , 149 , 119 , 393 , 21 , 146 , 413 , 365 , 0 , 391 , 183 , 417 , 271 , 138 , 672 , 522 , 518 , 348 , 488 , 475 , 404 , 385 , 36 , 202
RegressionTest0::test20 , 239 , 242 , 622 , 329 , 232 , 373 , 276 , 358 , 363 , 155 , 357 , 262 , 303 , 295 , 395 , 259 , 269 , 216 , 391 , 0 , 244 , 128 , 229 , 256 , 331 , 302 , 318 , 227 , 111 , 218 , 221 , 173 , 379 , 274
RegressionTest0::test21 , 115 , 74 , 725 , 360 , 112 , 465 , 295 , 535 , 436 , 233 , 125 , 61 , 121 , 305 , 186 , 145 , 296 , 226 , 183 , 244 , 0 , 310 , 140 , 63 , 524 , 416 , 387 , 209 , 347 , 336 , 280 , 275 , 169 , 92
RegressionTest0::test22 , 240 , 301 , 545 , 308 , 247 , 353 , 253 , 451 , 340 , 187 , 393 , 281 , 362 , 319 , 426 , 293 , 246 , 269 , 417 , 128 , 310 , 0 , 227 , 319 , 300 , 352 , 305 , 229 , 205 , 213 , 161 , 201 , 414 , 317
RegressionTest0::test23 , 48 , 158 , 646 , 297 , 55 , 337 , 193 , 478 , 324 , 129 , 247 , 125 , 212 , 310 , 279 , 221 , 190 , 149 , 271 , 229 , 140 , 227 , 0 , 169 , 474 , 407 , 275 , 103 , 294 , 224 , 169 , 167 , 265 , 179
RegressionTest0::test24 , 127 , 58 , 749 , 375 , 120 , 495 , 318 , 550 , 457 , 248 , 108 , 65 , 85 , 301 , 144 , 128 , 312 , 242 , 138 , 256 , 63 , 319 , 169 , 0 , 539 , 421 , 417 , 239 , 361 , 368 , 305 , 293 , 127 , 108
RegressionTest0::test25 , 506 , 509 , 507 , 457 , 499 , 457 , 444 , 448 , 447 , 413 , 639 , 537 , 577 , 466 , 674 , 556 , 437 , 425 , 672 , 331 , 524 , 300 , 474 , 539 , 0 , 413 , 448 , 457 , 326 , 388 , 328 , 404 , 662 , 538
RegressionTest0::test26 , 419 , 398 , 442 , 155 , 419 , 205 , 425 , 175 , 471 , 375 , 485 , 428 , 427 , 133 , 525 , 396 , 418 , 362 , 522 , 302 , 416 , 352 , 407 , 421 , 413 , 0 , 453 , 409 , 345 , 372 , 352 , 368 , 509 , 411
RegressionTest0::test27 , 310 , 394 , 613 , 359 , 303 , 342 , 155 , 464 , 133 , 258 , 493 , 381 , 460 , 431 , 524 , 446 , 154 , 248 , 518 , 318 , 387 , 305 , 275 , 417 , 448 , 453 , 0 , 210 , 343 , 173 , 230 , 208 , 512 , 346
RegressionTest0::test28 , 125 , 224 , 624 , 295 , 132 , 317 , 102 , 453 , 249 , 116 , 321 , 208 , 292 , 334 , 354 , 288 , 109 , 172 , 348 , 227 , 209 , 229 , 103 , 239 , 457 , 409 , 210 , 0 , 284 , 145 , 158 , 163 , 340 , 233
RegressionTest0::test29 , 327 , 312 , 571 , 398 , 334 , 399 , 308 , 370 , 364 , 245 , 456 , 364 , 381 , 373 , 496 , 357 , 305 , 253 , 488 , 111 , 347 , 205 , 294 , 361 , 326 , 345 , 343 , 284 , 0 , 201 , 270 , 261 , 480 , 363
RegressionTest0::test30 , 256 , 341 , 606 , 338 , 259 , 339 , 190 , 386 , 230 , 225 , 448 , 335 , 413 , 399 , 481 , 349 , 191 , 260 , 475 , 218 , 336 , 213 , 224 , 368 , 388 , 372 , 173 , 145 , 201 , 0 , 178 , 242 , 466 , 347
RegressionTest0::test31 , 195 , 276 , 591 , 333 , 190 , 295 , 188 , 410 , 289 , 198 , 380 , 266 , 348 , 338 , 413 , 303 , 181 , 224 , 404 , 221 , 280 , 161 , 169 , 305 , 328 , 352 , 230 , 158 , 270 , 178 , 0 , 219 , 399 , 293
RegressionTest0::test32 , 180 , 278 , 615 , 277 , 187 , 369 , 182 , 434 , 246 , 57 , 362 , 254 , 341 , 323 , 392 , 267 , 181 , 193 , 385 , 173 , 275 , 201 , 167 , 293 , 404 , 368 , 208 , 163 , 261 , 242 , 219 , 0 , 379 , 232
RegressionTest0::test33 , 224 , 176 , 840 , 469 , 218 , 589 , 416 , 666 , 554 , 348 , 50 , 150 , 104 , 383 , 35 , 140 , 410 , 359 , 36 , 379 , 169 , 414 , 265 , 127 , 662 , 509 , 512 , 340 , 480 , 466 , 399 , 379 , 0 , 194
RegressionTest0::test34 , 157 , 106 , 732 , 369 , 152 , 477 , 248 , 543 , 388 , 253 , 172 , 98 , 147 , 301 , 206 , 153 , 247 , 186 , 202 , 274 , 92 , 317 , 179 , 108 , 538 , 411 , 346 , 233 , 363 , 347 , 293 , 232 , 194 , 0
