: , RegressionTest0::test01 , RegressionTest0::test02 , RegressionTest0::test03 , RegressionTest0::test04 , RegressionTest0::test05 , RegressionTest0::test06 , RegressionTest0::test07 , RegressionTest0::test08 , RegressionTest0::test09 , RegressionTest0::test10 , RegressionTest0::test11 , RegressionTest0::test12 , RegressionTest0::test13 , RegressionTest0::test14 , RegressionTest0::test15 , RegressionTest0::test16 , RegressionTest0::test17 , RegressionTest0::test18 , RegressionTest0::test19 , RegressionTest0::test20 , RegressionTest0::test21 , RegressionTest0::test22 , RegressionTest0::test23 , RegressionTest0::test24 , RegressionTest0::test25 , RegressionTest0::test26 , RegressionTest0::test27 , RegressionTest0::test28 , RegressionTest0::test29 , RegressionTest0::test30 , RegressionTest0::test31
RegressionTest0::test01 , 0 , 4735 , 1658 , 1687 , 2051 , 8437 , 6338 , 2145 , 4382 , 8076 , 1034 , 848 , 5111 , 8441 , 2059 , 634 , 6769 , 9579 , 9378 , 3937 , 12278 , 9367 , 861 , 9954 , 1007 , 4166 , 7071 , 5432 , 1213 , 1177 , 10176
RegressionTest0::test02 , 4735 , 0 , 4568 , 3179 , 2918 , 4007 , 2378 , 2747 , 4015 , 3647 , 5686 , 5363 , 628 , 4017 , 6561 , 4218 , 2696 , 5386 , 5005 , 4040 , 7852 , 5003 , 5365 , 5615 , 4427 , 4228 , 3101 , 1515 , 5637 , 5631 , 5736
RegressionTest0::test03 , 1658 , 4568 , 0 , 1891 , 2141 , 7972 , 5920 , 2266 , 3294 , 7632 , 1983 , 1746 , 4777 , 7988 , 2937 , 1630 , 6420 , 9067 , 8860 , 2491 , 11718 , 8864 , 1740 , 9440 , 1901 , 2914 , 6649 , 5086 , 2179 , 2190 , 9640
RegressionTest0::test04 , 1687 , 3179 , 1891 , 0 , 469 , 6853 , 4726 , 519 , 3620 , 6444 , 2681 , 2421 , 3499 , 6828 , 3679 , 1216 , 5169 , 7998 , 7766 , 3200 , 10635 , 7794 , 2420 , 8370 , 1748 , 3534 , 5507 , 3827 , 2756 , 2744 , 8589
RegressionTest0::test05 , 2051 , 2918 , 2141 , 469 , 0 , 6454 , 4357 , 523 , 3552 , 6215 , 3044 , 2653 , 3223 , 6479 , 4010 , 1588 , 4915 , 7671 , 7529 , 3188 , 10399 , 7535 , 2654 , 7969 , 2078 , 3469 , 5254 , 3639 , 2984 , 3001 , 8265
RegressionTest0::test06 , 8437 , 4007 , 7972 , 6853 , 6454 , 0 , 2765 , 6404 , 6114 , 578 , 9431 , 9058 , 3493 , 75 , 10432 , 7857 , 3333 , 4072 , 3700 , 6705 , 4536 , 3692 , 9068 , 3695 , 8304 , 6809 , 2349 , 3601 , 9371 , 9381 , 3573
RegressionTest0::test07 , 6338 , 2378 , 5920 , 4726 , 4357 , 2765 , 0 , 4307 , 4304 , 2672 , 7327 , 6981 , 1882 , 2698 , 8335 , 5749 , 2521 , 4783 , 3324 , 4822 , 6571 , 3358 , 6987 , 4988 , 6220 , 4989 , 1083 , 1068 , 7286 , 7275 , 4787
RegressionTest0::test08 , 2145 , 2747 , 2266 , 519 , 523 , 6404 , 4307 , 0 , 3441 , 5970 , 3137 , 2874 , 3081 , 6375 , 4134 , 1619 , 4736 , 7558 , 7333 , 3073 , 10219 , 7364 , 2873 , 7928 , 2085 , 3434 , 5074 , 3448 , 3183 , 3171 , 8122
RegressionTest0::test09 , 4382 , 4015 , 3294 , 3620 , 3552 , 6114 , 4304 , 3441 , 0 , 5850 , 5239 , 4964 , 3807 , 6140 , 6210 , 4078 , 4875 , 7188 , 6827 , 836 , 9556 , 6838 , 4963 , 7515 , 4390 , 1106 , 4935 , 3870 , 5257 , 5269 , 7650
RegressionTest0::test10 , 8076 , 3647 , 7632 , 6444 , 6215 , 578 , 2672 , 5970 , 5850 , 0 , 9060 , 8767 , 3130 , 545 , 10080 , 7483 , 2917 , 3707 , 3293 , 6417 , 4645 , 3323 , 8776 , 3487 , 7958 , 6581 , 2106 , 3200 , 9054 , 9037 , 3424
RegressionTest0::test11 , 1034 , 5686 , 1983 , 2681 , 3044 , 9431 , 7327 , 3137 , 5239 , 9060 , 0 , 425 , 6104 , 9419 , 1055 , 1639 , 7758 , 10563 , 10373 , 4431 , 13268 , 10361 , 435 , 10938 , 1468 , 4757 , 8056 , 6430 , 559 , 523 , 11163
RegressionTest0::test12 , 848 , 5363 , 1746 , 2421 , 2653 , 9058 , 6981 , 2874 , 4964 , 8767 , 425 , 0 , 5779 , 9075 , 1387 , 1421 , 7478 , 10243 , 10088 , 4156 , 12979 , 10088 , 22 , 10565 , 1246 , 4513 , 7796 , 6168 , 479 , 515 , 10844
RegressionTest0::test13 , 5111 , 628 , 4777 , 3499 , 3223 , 3493 , 1882 , 3081 , 3807 , 3130 , 6104 , 5779 , 0 , 3524 , 7078 , 4523 , 2178 , 4872 , 4521 , 4022 , 7323 , 4514 , 5779 , 5118 , 4957 , 4322 , 2591 , 961 , 6069 , 6076 , 5216
RegressionTest0::test14 , 8441 , 4017 , 7988 , 6828 , 6479 , 75 , 2698 , 6375 , 6140 , 545 , 9419 , 9075 , 3524 , 0 , 10435 , 7854 , 3309 , 4080 , 3637 , 6731 , 4474 , 3675 , 9085 , 3706 , 8316 , 6824 , 2322 , 3600 , 9382 , 9371 , 3607
RegressionTest0::test15 , 2059 , 6561 , 2937 , 3679 , 4010 , 10432 , 8335 , 4134 , 6210 , 10080 , 1055 , 1387 , 7078 , 10435 , 0 , 2652 , 8774 , 11554 , 11393 , 5414 , 14294 , 11399 , 1386 , 11936 , 2179 , 5512 , 9089 , 7457 , 1121 , 1148 , 12161
RegressionTest0::test16 , 634 , 4218 , 1630 , 1216 , 1588 , 7857 , 5749 , 1619 , 4078 , 7483 , 1639 , 1421 , 4523 , 7854 , 2652 , 0 , 6178 , 8996 , 8788 , 3649 , 11694 , 8773 , 1421 , 9368 , 859 , 3917 , 6474 , 4841 , 1750 , 1714 , 9582
RegressionTest0::test17 , 6769 , 2696 , 6420 , 5169 , 4915 , 3333 , 2521 , 4736 , 4875 , 2917 , 7758 , 7478 , 2178 , 3309 , 8774 , 6178 , 0 , 3090 , 3463 , 5358 , 5978 , 3469 , 7475 , 3358 , 6651 , 5592 , 2653 , 2274 , 7765 , 7750 , 4099
RegressionTest0::test18 , 9579 , 5386 , 9067 , 7998 , 7671 , 4072 , 4783 , 7558 , 7188 , 3707 , 10563 , 10243 , 4872 , 4080 , 11554 , 8996 , 3090 , 0 , 3685 , 7780 , 4415 , 3688 , 10245 , 570 , 9435 , 7931 , 4498 , 4925 , 10521 , 10527 , 3234
RegressionTest0::test19 , 9378 , 5005 , 8860 , 7766 , 7529 , 3700 , 3324 , 7333 , 6827 , 3293 , 10373 , 10088 , 4521 , 3637 , 11393 , 8788 , 3463 , 3685 , 0 , 7510 , 4280 , 51 , 10089 , 3674 , 9257 , 7649 , 2520 , 4129 , 10359 , 10346 , 2926
RegressionTest0::test20 , 3937 , 4040 , 2491 , 3200 , 3188 , 6705 , 4822 , 3073 , 836 , 6417 , 4431 , 4156 , 4022 , 6731 , 5414 , 3649 , 5358 , 7780 , 7510 , 0 , 10205 , 7507 , 4149 , 8104 , 3959 , 619 , 5465 , 4137 , 4571 , 4581 , 8276
RegressionTest0::test21 , 12278 , 7852 , 11718 , 10635 , 10399 , 4536 , 6571 , 10219 , 9556 , 4645 , 13268 , 12979 , 7323 , 4474 , 14294 , 11694 , 5978 , 4415 , 4280 , 10205 , 0 , 4315 , 12978 , 4389 , 12163 , 10280 , 5916 , 6898 , 13247 , 13234 , 4512
RegressionTest0::test22 , 9367 , 5003 , 8864 , 7794 , 7535 , 3692 , 3358 , 7364 , 6838 , 3323 , 10361 , 10088 , 4514 , 3675 , 11399 , 8773 , 3469 , 3688 , 51 , 7507 , 4315 , 0 , 10090 , 3671 , 9259 , 7651 , 2495 , 4099 , 10363 , 10339 , 2926
RegressionTest0::test23 , 861 , 5365 , 1740 , 2420 , 2654 , 9068 , 6987 , 2873 , 4963 , 8776 , 435 , 22 , 5779 , 9085 , 1386 , 1421 , 7475 , 10245 , 10089 , 4149 , 12978 , 10090 , 0 , 10569 , 1245 , 4512 , 7794 , 6159 , 477 , 515 , 10840
RegressionTest0::test24 , 9954 , 5615 , 9440 , 8370 , 7969 , 3695 , 4988 , 7928 , 7515 , 3487 , 10938 , 10565 , 5118 , 3706 , 11936 , 9368 , 3358 , 570 , 3674 , 8104 , 4389 , 3671 , 10569 , 0 , 9811 , 8211 , 4771 , 5139 , 10871 , 10883 , 3119
RegressionTest0::test25 , 1007 , 4427 , 1901 , 1748 , 2078 , 8304 , 6220 , 2085 , 4390 , 7958 , 1468 , 1246 , 4957 , 8316 , 2179 , 859 , 6651 , 9435 , 9257 , 3959 , 12163 , 9259 , 1245 , 9811 , 0 , 4118 , 6960 , 5331 , 1511 , 1517 , 10033
RegressionTest0::test26 , 4166 , 4228 , 2914 , 3534 , 3469 , 6809 , 4989 , 3434 , 1106 , 6581 , 4757 , 4513 , 4322 , 6824 , 5512 , 3917 , 5592 , 7931 , 7649 , 619 , 10280 , 7651 , 4512 , 8211 , 4118 , 0 , 5619 , 4438 , 4395 , 4407 , 8405
RegressionTest0::test27 , 7071 , 3101 , 6649 , 5507 , 5254 , 2349 , 1083 , 5074 , 4935 , 2106 , 8056 , 7796 , 2591 , 2322 , 9089 , 6474 , 2653 , 4498 , 2520 , 5465 , 5916 , 2495 , 7794 , 4771 , 6960 , 5619 , 0 , 1788 , 8066 , 8042 , 4146
RegressionTest0::test28 , 5432 , 1515 , 5086 , 3827 , 3639 , 3601 , 1068 , 3448 , 3870 , 3200 , 6430 , 6168 , 961 , 3600 , 7457 , 4841 , 2274 , 4925 , 4129 , 4137 , 6898 , 4099 , 6159 , 5139 , 5331 , 4438 , 1788 , 0 , 6451 , 6428 , 5154
RegressionTest0::test29 , 1213 , 5637 , 2179 , 2756 , 2984 , 9371 , 7286 , 3183 , 5257 , 9054 , 559 , 479 , 6069 , 9382 , 1121 , 1750 , 7765 , 10521 , 10359 , 4571 , 13247 , 10363 , 477 , 10871 , 1511 , 4395 , 8066 , 6451 , 0 , 40 , 11121
RegressionTest0::test30 , 1177 , 5631 , 2190 , 2744 , 3001 , 9381 , 7275 , 3171 , 5269 , 9037 , 523 , 515 , 6076 , 9371 , 1148 , 1714 , 7750 , 10527 , 10346 , 4581 , 13234 , 10339 , 515 , 10883 , 1517 , 4407 , 8042 , 6428 , 40 , 0 , 11125
RegressionTest0::test31 , 10176 , 5736 , 9640 , 8589 , 8265 , 3573 , 4787 , 8122 , 7650 , 3424 , 11163 , 10844 , 5216 , 3607 , 12161 , 9582 , 4099 , 3234 , 2926 , 8276 , 4512 , 2926 , 10840 , 3119 , 10033 , 8405 , 4146 , 5154 , 11121 , 11125 , 0
