: , RegressionTest0::test001 , RegressionTest0::test002 , RegressionTest0::test003 , RegressionTest0::test004 , RegressionTest0::test005 , RegressionTest0::test006 , RegressionTest0::test007 , RegressionTest0::test008 , RegressionTest0::test009 , RegressionTest0::test010 , RegressionTest0::test011 , RegressionTest0::test012 , RegressionTest0::test013 , RegressionTest0::test014 , RegressionTest0::test015 , RegressionTest0::test016 , RegressionTest0::test017 , RegressionTest0::test018 , RegressionTest0::test019 , RegressionTest0::test020 , RegressionTest0::test021 , RegressionTest0::test022 , RegressionTest0::test023 , RegressionTest0::test024 , RegressionTest0::test025 , RegressionTest0::test026 , RegressionTest0::test027 , RegressionTest0::test028 , RegressionTest0::test029 , RegressionTest0::test030 , RegressionTest0::test031 , RegressionTest0::test032 , RegressionTest0::test033 , RegressionTest0::test034 , RegressionTest0::test035 , RegressionTest0::test036 , RegressionTest0::test037 , RegressionTest0::test038 , RegressionTest0::test039 , RegressionTest0::test040 , RegressionTest0::test041 , RegressionTest0::test042 , RegressionTest0::test043 , RegressionTest0::test044 , RegressionTest0::test045 , RegressionTest0::test046 , RegressionTest0::test047 , RegressionTest0::test048 , RegressionTest0::test049 , RegressionTest0::test050 , RegressionTest0::test051 , RegressionTest0::test052 , RegressionTest0::test053 , RegressionTest0::test054 , RegressionTest0::test055 , RegressionTest0::test056 , RegressionTest0::test057 , RegressionTest0::test058 , RegressionTest0::test059 , RegressionTest0::test060 , RegressionTest0::test061 , RegressionTest0::test062 , RegressionTest0::test063 , RegressionTest0::test064 , RegressionTest0::test065 , RegressionTest0::test066 , RegressionTest0::test067 , RegressionTest0::test068 , RegressionTest0::test069 , RegressionTest0::test070 , RegressionTest0::test071 , RegressionTest0::test072 , RegressionTest0::test073 , RegressionTest0::test074 , RegressionTest0::test075 , RegressionTest0::test076 , RegressionTest0::test077 , RegressionTest0::test078 , RegressionTest0::test079 , RegressionTest0::test080 , RegressionTest0::test081 , RegressionTest0::test082 , RegressionTest0::test083 , RegressionTest0::test084 , RegressionTest0::test085 , RegressionTest0::test086 , RegressionTest0::test087 , RegressionTest0::test088 , RegressionTest0::test089 , RegressionTest0::test090 , RegressionTest0::test091 , RegressionTest0::test092 , RegressionTest0::test093 , RegressionTest0::test094 , RegressionTest0::test095 , RegressionTest0::test096 , RegressionTest0::test097 , RegressionTest0::test098 , RegressionTest0::test099 , RegressionTest0::test100 , RegressionTest0::test101 , RegressionTest0::test102 , RegressionTest0::test103 , RegressionTest0::test104 , RegressionTest0::test105 , RegressionTest0::test106 , RegressionTest0::test107 , RegressionTest0::test108 , RegressionTest0::test109 , RegressionTest0::test110 , RegressionTest0::test111 , RegressionTest0::test112 , RegressionTest0::test113 , RegressionTest0::test114 , RegressionTest0::test115 , RegressionTest0::test116 , RegressionTest0::test117 , RegressionTest0::test118 , RegressionTest0::test119 , RegressionTest0::test120 , RegressionTest0::test121 , RegressionTest0::test122 , RegressionTest0::test123 , RegressionTest0::test124 , RegressionTest0::test125 , RegressionTest0::test126 , RegressionTest0::test127 , RegressionTest0::test128 , RegressionTest0::test129 , RegressionTest0::test130 , RegressionTest0::test131 , RegressionTest0::test132 , RegressionTest0::test133 , RegressionTest0::test134 , RegressionTest0::test135 , RegressionTest0::test136 , RegressionTest0::test137 , RegressionTest0::test138 , RegressionTest0::test139 , RegressionTest0::test140 , RegressionTest0::test141 , RegressionTest0::test142 , RegressionTest0::test143 , RegressionTest0::test144 , RegressionTest0::test145 , RegressionTest0::test146 , RegressionTest0::test147 , RegressionTest0::test148
RegressionTest0::test001 , 0 , 3234 , 3414 , 2820 , 14560 , 9702 , 14897 , 14759 , 18488 , 14908 , 14815 , 14696 , 15239 , 14765 , 15265 , 14961 , 15032 , 18445 , 14407 , 15068 , 14860 , 14838 , 14737 , 14825 , 15333 , 17117 , 14811 , 15093 , 14507 , 15105 , 14679 , 14702 , 14766 , 15294 , 14958 , 15078 , 18539 , 15110 , 14572 , 19217 , 14286 , 14678 , 20585 , 15046 , 10288 , 14160 , 14452 , 14877 , 14210 , 15063 , 14903 , 14438 , 17042 , 15357 , 14695 , 8235 , 14811 , 14579 , 14706 , 14572 , 18239 , 14907 , 14022 , 14830 , 14585 , 14823 , 18260 , 15203 , 14953 , 17362 , 14411 , 17710 , 18288 , 17943 , 14577 , 18083 , 14742 , 14606 , 14250 , 14743 , 14317 , 17745 , 18331 , 15145 , 17999 , 6209 , 14786 , 14704 , 17700 , 14967 , 17429 , 17882 , 14655 , 17053 , 14741 , 14983 , 15068 , 14456 , 14909 , 14558 , 8889 , 14515 , 18297 , 14823 , 16006 , 18273 , 14922 , 15363 , 17116 , 15343 , 15262 , 14456 , 16270 , 14438 , 15216 , 14772 , 17443 , 14571 , 14575 , 14462 , 14438 , 15792 , 14561 , 16013 , 14017 , 14634 , 15149 , 15096 , 7265 , 16725 , 16596 , 18159 , 13871 , 15530 , 14875 , 14659 , 15363 , 15293 , 18416 , 15457 , 14783 , 4948 , 8552 , 8908 , 13931 , 14963 , 14948 , 14585
RegressionTest0::test002 , 3234 , 0 , 867 , 438 , 11429 , 6498 , 11763 , 11625 , 15322 , 11776 , 11684 , 11562 , 12107 , 11632 , 12117 , 11829 , 11900 , 15279 , 11270 , 11936 , 11721 , 11695 , 11598 , 11692 , 12190 , 13957 , 11679 , 11961 , 11377 , 11973 , 11541 , 11559 , 11633 , 12150 , 11817 , 11936 , 15381 , 11978 , 11432 , 16049 , 11150 , 11536 , 17365 , 11905 , 7106 , 11023 , 11313 , 11736 , 11073 , 11931 , 11772 , 11297 , 13869 , 12213 , 11555 , 5117 , 11670 , 11457 , 11565 , 11431 , 15075 , 11773 , 10883 , 11698 , 11445 , 11682 , 15094 , 12071 , 11821 , 14202 , 11274 , 14544 , 15124 , 14793 , 11437 , 14933 , 11601 , 11468 , 11101 , 11602 , 11180 , 14581 , 15165 , 12003 , 14835 , 3018 , 11645 , 11563 , 14539 , 11826 , 14260 , 14723 , 11515 , 13907 , 11605 , 11851 , 11925 , 11317 , 11769 , 11418 , 5774 , 11382 , 15134 , 11682 , 12861 , 15121 , 11790 , 12220 , 13960 , 12200 , 12122 , 11315 , 13106 , 11298 , 12073 , 11639 , 14284 , 11430 , 11435 , 11324 , 11301 , 12653 , 11421 , 12866 , 10881 , 11492 , 12007 , 11953 , 4218 , 13570 , 13444 , 14993 , 10736 , 12396 , 11733 , 11518 , 12231 , 12149 , 15251 , 12315 , 11653 , 2090 , 5458 , 5792 , 10794 , 11822 , 11807 , 11444
RegressionTest0::test003 , 3414 , 867 , 0 , 1006 , 11234 , 6345 , 11569 , 11431 , 15137 , 11582 , 11490 , 11370 , 11911 , 11438 , 11923 , 11635 , 11706 , 15096 , 11073 , 11742 , 11526 , 11502 , 11400 , 11498 , 12022 , 13774 , 11485 , 11767 , 11182 , 11779 , 11345 , 11366 , 11437 , 11986 , 11622 , 11742 , 15194 , 11784 , 11236 , 15864 , 10955 , 11342 , 17198 , 11710 , 6933 , 10829 , 11118 , 11541 , 10880 , 11737 , 11578 , 11104 , 13720 , 12019 , 11359 , 4997 , 11475 , 11274 , 11370 , 11236 , 14893 , 11581 , 10699 , 11504 , 11249 , 11487 , 14912 , 11877 , 11627 , 14037 , 11079 , 14364 , 14941 , 14605 , 11241 , 14745 , 11406 , 11271 , 10952 , 11407 , 10985 , 14401 , 14980 , 11809 , 14650 , 2899 , 11450 , 11368 , 14356 , 11631 , 14110 , 14560 , 11318 , 13720 , 11404 , 11657 , 11731 , 11121 , 11574 , 11223 , 5642 , 11190 , 14950 , 11487 , 12667 , 14935 , 11596 , 12025 , 13773 , 12006 , 11927 , 11122 , 12923 , 11102 , 11878 , 11454 , 14131 , 11235 , 11240 , 11131 , 11106 , 12473 , 11223 , 12673 , 10715 , 11328 , 11813 , 11759 , 4064 , 13384 , 13256 , 14812 , 10568 , 12228 , 11539 , 11323 , 12037 , 11984 , 15068 , 12121 , 11459 , 1804 , 5319 , 5660 , 10625 , 11627 , 11612 , 11249
RegressionTest0::test004 , 2820 , 438 , 1006 , 0 , 11827 , 6903 , 12161 , 12023 , 15728 , 12174 , 12082 , 11962 , 12505 , 12028 , 12515 , 12227 , 12298 , 15688 , 11666 , 12334 , 12117 , 12093 , 11994 , 12088 , 12586 , 14363 , 12077 , 12359 , 11775 , 12371 , 11937 , 11957 , 12031 , 12545 , 12213 , 12332 , 15780 , 12376 , 11828 , 16456 , 11546 , 11934 , 17775 , 12299 , 7503 , 11419 , 11709 , 12132 , 11469 , 12329 , 12170 , 11695 , 14269 , 12609 , 11951 , 5510 , 12066 , 11850 , 11961 , 11827 , 15482 , 12173 , 11281 , 12094 , 11841 , 12078 , 15501 , 12469 , 12219 , 14605 , 11670 , 14954 , 15532 , 15198 , 11833 , 15340 , 11997 , 11864 , 11504 , 11998 , 11576 , 14990 , 15571 , 12397 , 15241 , 3417 , 12041 , 11959 , 14945 , 12222 , 14653 , 15121 , 11911 , 14310 , 11998 , 12249 , 12321 , 11713 , 12165 , 11814 , 6163 , 11782 , 15542 , 12076 , 13256 , 15529 , 12188 , 12616 , 14363 , 12597 , 12518 , 11713 , 13519 , 11692 , 12469 , 12030 , 14685 , 11826 , 11831 , 11720 , 11697 , 13045 , 11817 , 13262 , 11264 , 11880 , 12403 , 12349 , 4604 , 13974 , 13846 , 15402 , 11119 , 12792 , 12129 , 11914 , 12629 , 12546 , 15658 , 12711 , 12051 , 2426 , 5848 , 6180 , 11184 , 12218 , 12203 , 11840
RegressionTest0::test005 , 14560 , 11429 , 11234 , 11827 , 0 , 5573 , 438 , 323 , 3995 , 461 , 264 , 142 , 690 , 330 , 939 , 520 , 549 , 3957 , 479 , 592 , 634 , 576 , 638 , 396 , 4436 , 2653 , 422 , 556 , 68 , 649 , 581 , 568 , 351 , 1300 , 663 , 757 , 4511 , 654 , 523 , 4719 , 474 , 580 , 7815 , 736 , 5066 , 515 , 490 , 622 , 638 , 624 , 490 , 488 , 5325 , 995 , 583 , 6803 , 644 , 652 , 531 , 432 , 3758 , 484 , 4253 , 432 , 494 , 606 , 3777 , 654 , 535 , 5478 , 515 , 3233 , 3800 , 3414 , 467 , 3552 , 550 , 572 , 3943 , 582 , 478 , 3271 , 3842 , 809 , 3515 , 8726 , 651 , 571 , 3231 , 686 , 3423 , 5760 , 538 , 2527 , 3778 , 544 , 733 , 556 , 672 , 515 , 6437 , 252 , 3809 , 590 , 1583 , 3748 , 490 , 997 , 2656 , 978 , 926 , 553 , 4713 , 452 , 857 , 809 , 5428 , 436 , 524 , 673 , 490 , 1691 , 466 , 1589 , 4645 , 4663 , 836 , 756 , 7642 , 2268 , 2149 , 3674 , 4638 , 1421 , 603 , 495 , 828 , 1302 , 3928 , 1064 , 397 , 9746 , 6666 , 6439 , 4644 , 687 , 677 , 456
RegressionTest0::test006 , 9702 , 6498 , 6345 , 6903 , 5573 , 0 , 5870 , 5749 , 9322 , 5906 , 5796 , 5695 , 6187 , 5778 , 6212 , 5930 , 5993 , 9281 , 5533 , 6038 , 5880 , 5839 , 5792 , 5799 , 6370 , 7982 , 5813 , 6057 , 5558 , 6058 , 5733 , 5746 , 5757 , 6204 , 5951 , 6057 , 9354 , 6069 , 5624 , 10040 , 5414 , 5730 , 11133 , 6036 , 2898 , 5332 , 5537 , 5886 , 5385 , 6036 , 5896 , 5523 , 7864 , 6309 , 5748 , 2404 , 5842 , 5663 , 5732 , 5607 , 9079 , 5890 , 5139 , 5815 , 5639 , 5837 , 9096 , 6146 , 5942 , 8079 , 5539 , 8560 , 9131 , 8790 , 5617 , 8926 , 5767 , 5683 , 5129 , 5773 , 5451 , 8592 , 9170 , 6114 , 8843 , 3933 , 5821 , 5741 , 8551 , 5959 , 8195 , 8749 , 5707 , 7915 , 5838 , 5951 , 6037 , 5582 , 5928 , 5622 , 2746 , 5594 , 9141 , 5835 , 6931 , 9113 , 5903 , 6309 , 7985 , 6292 , 6234 , 5582 , 7167 , 5504 , 6170 , 5808 , 8239 , 5608 , 5636 , 5607 , 5524 , 6672 , 5604 , 6905 , 5566 , 5742 , 6135 , 6062 , 3183 , 7597 , 7481 , 8994 , 5439 , 6403 , 5871 , 5689 , 6288 , 6203 , 9244 , 6407 , 5780 , 4965 , 2421 , 2817 , 5495 , 5956 , 5945 , 5609
RegressionTest0::test007 , 14897 , 11763 , 11569 , 12161 , 438 , 5870 , 0 , 143 , 3661 , 148 , 288 , 334 , 372 , 144 , 659 , 221 , 189 , 3631 , 637 , 218 , 545 , 403 , 642 , 159 , 4442 , 2326 , 224 , 250 , 399 , 313 , 583 , 567 , 217 , 1226 , 542 , 589 , 4254 , 269 , 564 , 4380 , 642 , 584 , 7630 , 581 , 5375 , 772 , 593 , 436 , 856 , 375 , 308 , 586 , 5239 , 691 , 585 , 7118 , 608 , 849 , 472 , 377 , 3433 , 211 , 4282 , 94 , 558 , 458 , 3450 , 327 , 330 , 5529 , 648 , 2893 , 3488 , 3096 , 438 , 3211 , 414 , 663 , 4054 , 531 , 619 , 2957 , 3516 , 561 , 3194 , 9039 , 621 , 545 , 2917 , 466 , 3129 , 5836 , 544 , 2188 , 3892 , 175 , 472 , 716 , 517 , 555 , 6729 , 410 , 3497 , 437 , 1271 , 3406 , 212 , 756 , 2356 , 672 , 693 , 683 , 4547 , 493 , 647 , 726 , 5394 , 382 , 583 , 843 , 595 , 1431 , 451 , 1300 , 4740 , 4761 , 641 , 575 , 7961 , 1967 , 1853 , 3344 , 4787 , 1223 , 414 , 418 , 522 , 1227 , 3599 , 807 , 157 , 10081 , 6963 , 6749 , 4788 , 472 , 481 , 502
RegressionTest0::test008 , 14759 , 11625 , 11431 , 12023 , 323 , 5749 , 143 , 0 , 3797 , 170 , 193 , 218 , 503 , 113 , 755 , 268 , 297 , 3758 , 577 , 336 , 551 , 456 , 613 , 123 , 4461 , 2461 , 200 , 369 , 261 , 412 , 555 , 545 , 181 , 1242 , 558 , 628 , 4372 , 399 , 518 , 4517 , 577 , 556 , 7700 , 620 , 5258 , 638 , 555 , 488 , 764 , 481 , 354 , 551 , 5221 , 799 , 555 , 6989 , 601 , 784 , 481 , 364 , 3562 , 316 , 4262 , 154 , 525 , 490 , 3581 , 462 , 392 , 5558 , 607 , 3029 , 3611 , 3220 , 410 , 3346 , 434 , 610 , 3988 , 536 , 574 , 3081 , 3650 , 655 , 3321 , 8905 , 621 , 542 , 3043 , 531 , 3251 , 5824 , 558 , 2319 , 3870 , 282 , 553 , 651 , 556 , 530 , 6615 , 277 , 3620 , 485 , 1402 , 3545 , 323 , 821 , 2481 , 782 , 761 , 645 , 4617 , 444 , 700 , 732 , 5479 , 367 , 565 , 783 , 553 , 1542 , 428 , 1397 , 4685 , 4744 , 699 , 612 , 7828 , 2092 , 1977 , 3474 , 4726 , 1255 , 474 , 406 , 641 , 1240 , 3733 , 914 , 216 , 9945 , 6848 , 6625 , 4679 , 537 , 537 , 481
RegressionTest0::test009 , 18488 , 15322 , 15137 , 15728 , 3995 , 9322 , 3661 , 3797 , 0 , 3688 , 3782 , 3873 , 3391 , 3800 , 3439 , 3636 , 3565 , 590 , 4107 , 3553 , 3671 , 3670 , 3806 , 3746 , 5715 , 1693 , 3771 , 3510 , 4044 , 3537 , 3842 , 3823 , 3805 , 4129 , 3583 , 3473 , 4579 , 3469 , 3947 , 1758 , 4207 , 3843 , 5825 , 3521 , 8663 , 4337 , 4058 , 3655 , 4314 , 3564 , 3681 , 4064 , 5495 , 3178 , 3834 , 10599 , 3728 , 4327 , 3808 , 3928 , 1357 , 3674 , 6163 , 3722 , 3935 , 3695 , 1341 , 3399 , 3659 , 4573 , 4095 , 1193 , 1663 , 1547 , 3918 , 1433 , 3771 , 3936 , 6216 , 3782 , 4182 , 1439 , 280 , 3423 , 1299 , 12560 , 3758 , 3825 , 1647 , 3549 , 5042 , 5783 , 3857 , 1913 , 5016 , 3596 , 3460 , 4075 , 3641 , 3953 , 10066 , 4036 , 1624 , 3691 , 2636 , 1522 , 3638 , 3233 , 1741 , 3193 , 3314 , 4062 , 5130 , 4062 , 3353 , 4025 , 5675 , 3934 , 3936 , 4099 , 4069 , 3922 , 3939 , 2585 , 6699 , 6246 , 3427 , 3460 , 11505 , 1954 , 2035 , 681 , 6721 , 4036 , 3645 , 3848 , 3323 , 4133 , 1260 , 3120 , 3767 , 13639 , 10380 , 10090 , 6752 , 3559 , 3574 , 3942
RegressionTest0::test010 , 14908 , 11776 , 11582 , 12174 , 461 , 5906 , 148 , 170 , 3688 , 0 , 292 , 342 , 389 , 154 , 715 , 205 , 212 , 3643 , 628 , 232 , 498 , 449 , 581 , 262 , 4524 , 2361 , 170 , 284 , 411 , 250 , 521 , 426 , 320 , 1185 , 503 , 550 , 4269 , 330 , 494 , 4401 , 652 , 522 , 7679 , 542 , 5394 , 783 , 500 , 482 , 830 , 398 , 281 , 514 , 5240 , 749 , 518 , 7133 , 566 , 821 , 442 , 440 , 3407 , 263 , 4288 , 231 , 495 , 486 , 3426 , 347 , 322 , 5514 , 575 , 2921 , 3489 , 3097 , 411 , 3210 , 431 , 604 , 4060 , 483 , 625 , 2958 , 3538 , 581 , 3212 , 9054 , 577 , 495 , 2909 , 517 , 3165 , 5830 , 486 , 2182 , 3926 , 236 , 533 , 683 , 552 , 498 , 6731 , 421 , 3498 , 478 , 1309 , 3424 , 271 , 748 , 2348 , 724 , 681 , 609 , 4628 , 518 , 622 , 683 , 5437 , 445 , 526 , 783 , 502 , 1439 , 426 , 1284 , 4730 , 4832 , 633 , 536 , 7975 , 1957 , 1844 , 3359 , 4792 , 1189 , 468 , 414 , 489 , 1185 , 3606 , 816 , 292 , 10090 , 6964 , 6747 , 4811 , 525 , 530 , 517
RegressionTest0::test011 , 14815 , 11684 , 11490 , 12082 , 264 , 5796 , 288 , 193 , 3782 , 292 , 0 , 147 , 469 , 193 , 837 , 402 , 411 , 3742 , 547 , 442 , 653 , 570 , 693 , 309 , 4463 , 2448 , 331 , 362 , 328 , 528 , 626 , 603 , 356 , 1280 , 647 , 721 , 4380 , 542 , 603 , 4494 , 633 , 629 , 7695 , 710 , 5312 , 698 , 605 , 616 , 790 , 570 , 474 , 606 , 5266 , 883 , 625 , 7041 , 679 , 793 , 575 , 505 , 3535 , 451 , 4268 , 322 , 477 , 622 , 3556 , 447 , 508 , 5550 , 652 , 3018 , 3580 , 3192 , 553 , 3320 , 573 , 592 , 4028 , 615 , 631 , 3052 , 3631 , 722 , 3306 , 8963 , 638 , 607 , 3017 , 658 , 3276 , 5794 , 537 , 2305 , 3897 , 442 , 638 , 628 , 693 , 599 , 6653 , 364 , 3591 , 607 , 1422 , 3528 , 456 , 874 , 2471 , 863 , 848 , 698 , 4630 , 548 , 769 , 832 , 5403 , 509 , 586 , 811 , 603 , 1557 , 552 , 1412 , 4755 , 4726 , 789 , 706 , 7881 , 2081 , 1963 , 3451 , 4775 , 1367 , 583 , 535 , 619 , 1280 , 3701 , 936 , 369 , 10001 , 6880 , 6642 , 4739 , 663 , 655 , 420
RegressionTest0::test012 , 14696 , 11562 , 11370 , 11962 , 142 , 5695 , 334 , 218 , 3873 , 342 , 147 , 0 , 556 , 199 , 848 , 447 , 468 , 3828 , 508 , 513 , 610 , 525 , 626 , 333 , 4480 , 2534 , 331 , 426 , 206 , 563 , 571 , 544 , 300 , 1249 , 607 , 690 , 4427 , 557 , 512 , 4593 , 524 , 568 , 7774 , 671 , 5186 , 575 , 498 , 573 , 698 , 544 , 447 , 494 , 5299 , 899 , 574 , 6920 , 620 , 696 , 507 , 419 , 3627 , 408 , 4247 , 336 , 477 , 557 , 3646 , 523 , 477 , 5564 , 556 , 3105 , 3670 , 3284 , 456 , 3422 , 501 , 552 , 4005 , 558 , 519 , 3142 , 3723 , 730 , 3398 , 8848 , 597 , 547 , 3107 , 612 , 3331 , 5809 , 473 , 2397 , 3815 , 470 , 647 , 587 , 623 , 506 , 6537 , 238 , 3681 , 543 , 1488 , 3621 , 418 , 920 , 2539 , 880 , 844 , 591 , 4663 , 444 , 786 , 783 , 5440 , 421 , 486 , 710 , 496 , 1596 , 451 , 1478 , 4626 , 4677 , 766 , 685 , 7766 , 2149 , 2030 , 3538 , 4660 , 1352 , 542 , 472 , 697 , 1248 , 3800 , 975 , 333 , 9878 , 6761 , 6532 , 4615 , 617 , 609 , 437
RegressionTest0::test013 , 15239 , 12107 , 11911 , 12505 , 690 , 6187 , 372 , 503 , 3391 , 389 , 469 , 556 , 0 , 494 , 701 , 342 , 268 , 3320 , 927 , 228 , 500 , 516 , 713 , 477 , 4542 , 2047 , 471 , 182 , 754 , 351 , 625 , 654 , 522 , 1201 , 508 , 536 , 4089 , 308 , 719 , 4102 , 982 , 628 , 7513 , 552 , 5687 , 1110 , 849 , 496 , 1139 , 204 , 372 , 848 , 5165 , 606 , 629 , 7442 , 622 , 1089 , 595 , 727 , 3136 , 405 , 4344 , 453 , 761 , 557 , 3155 , 215 , 351 , 5482 , 894 , 2625 , 3199 , 2798 , 703 , 2925 , 576 , 850 , 4241 , 556 , 955 , 2672 , 3219 , 408 , 2889 , 9373 , 632 , 595 , 2633 , 525 , 2967 , 5803 , 673 , 1923 , 4059 , 330 , 450 , 950 , 617 , 718 , 7052 , 755 , 3210 , 538 , 1086 , 3132 , 382 , 600 , 2088 , 566 , 534 , 902 , 4505 , 839 , 551 , 792 , 5282 , 730 , 734 , 1020 , 848 , 1166 , 725 , 1032 , 4953 , 4871 , 508 , 501 , 8296 , 1695 , 1591 , 3012 , 4993 , 1181 , 501 , 679 , 296 , 1202 , 3251 , 533 , 493 , 10422 , 7270 , 7049 , 4954 , 531 , 535 , 764
RegressionTest0::test014 , 14765 , 11632 , 11438 , 12028 , 330 , 5778 , 144 , 113 , 3800 , 154 , 193 , 199 , 494 , 0 , 775 , 256 , 290 , 3749 , 509 , 330 , 511 , 439 , 534 , 229 , 4518 , 2463 , 171 , 363 , 266 , 401 , 476 , 449 , 289 , 1165 , 528 , 614 , 4367 , 407 , 440 , 4515 , 512 , 477 , 7738 , 591 , 5256 , 640 , 464 , 486 , 723 , 467 , 343 , 450 , 5241 , 820 , 476 , 6990 , 522 , 719 , 432 , 344 , 3554 , 340 , 4231 , 176 , 453 , 470 , 3573 , 462 , 383 , 5545 , 517 , 3030 , 3602 , 3203 , 391 , 3339 , 414 , 547 , 4008 , 460 , 489 , 3063 , 3648 , 642 , 3323 , 8913 , 548 , 465 , 3031 , 534 , 3258 , 5824 , 461 , 2310 , 3855 , 305 , 575 , 592 , 536 , 454 , 6613 , 278 , 3613 , 469 , 1407 , 3545 , 338 , 815 , 2465 , 803 , 754 , 551 , 4632 , 378 , 688 , 690 , 5494 , 347 , 466 , 714 , 462 , 1542 , 388 , 1384 , 4633 , 4744 , 675 , 601 , 7839 , 2074 , 1959 , 3468 , 4670 , 1245 , 468 , 387 , 636 , 1167 , 3725 , 912 , 237 , 9945 , 6859 , 6629 , 4675 , 537 , 529 , 410
RegressionTest0::test015 , 15265 , 12117 , 11923 , 12515 , 939 , 6212 , 659 , 755 , 3439 , 715 , 837 , 848 , 701 , 775 , 0 , 703 , 721 , 3411 , 950 , 704 , 659 , 597 , 713 , 736 , 4722 , 2101 , 714 , 701 , 952 , 708 , 707 , 715 , 732 , 1217 , 610 , 612 , 4134 , 626 , 790 , 4133 , 985 , 709 , 7643 , 612 , 5711 , 1118 , 865 , 581 , 1122 , 649 , 671 , 859 , 5247 , 574 , 708 , 7571 , 655 , 1208 , 673 , 744 , 3218 , 616 , 4496 , 654 , 838 , 584 , 3237 , 655 , 710 , 5505 , 885 , 2645 , 3263 , 2957 , 710 , 3090 , 643 , 844 , 4286 , 686 , 964 , 2753 , 3305 , 626 , 2972 , 9392 , 710 , 702 , 2694 , 548 , 3126 , 5926 , 750 , 2082 , 4178 , 649 , 593 , 928 , 603 , 773 , 7104 , 899 , 3269 , 578 , 1077 , 3230 , 617 , 731 , 2141 , 622 , 701 , 843 , 4632 , 836 , 654 , 952 , 5522 , 748 , 797 , 937 , 872 , 1429 , 729 , 1188 , 4997 , 5005 , 676 , 628 , 8375 , 1775 , 1653 , 3120 , 5041 , 1323 , 594 , 683 , 764 , 1220 , 3376 , 758 , 677 , 10426 , 7400 , 7105 , 5018 , 555 , 557 , 843
RegressionTest0::test016 , 14961 , 11829 , 11635 , 12227 , 520 , 5930 , 221 , 268 , 3636 , 205 , 402 , 447 , 342 , 256 , 703 , 0 , 95 , 3565 , 676 , 211 , 483 , 431 , 602 , 155 , 4515 , 2296 , 181 , 233 , 503 , 200 , 540 , 541 , 226 , 1149 , 372 , 419 , 4213 , 208 , 523 , 4348 , 704 , 542 , 7631 , 411 , 5429 , 834 , 586 , 459 , 883 , 261 , 184 , 577 , 5236 , 674 , 541 , 7182 , 563 , 873 , 375 , 433 , 3382 , 216 , 4324 , 184 , 543 , 472 , 3401 , 321 , 243 , 5528 , 649 , 2867 , 3446 , 3048 , 453 , 3162 , 436 , 663 , 4061 , 480 , 682 , 2918 , 3466 , 452 , 3142 , 9101 , 560 , 488 , 2879 , 472 , 3077 , 5841 , 538 , 2141 , 3961 , 161 , 456 , 735 , 537 , 511 , 6793 , 483 , 3457 , 464 , 1252 , 3366 , 235 , 589 , 2319 , 637 , 601 , 682 , 4565 , 561 , 457 , 672 , 5450 , 436 , 562 , 834 , 587 , 1344 , 479 , 1168 , 4729 , 4774 , 548 , 392 , 8015 , 1928 , 1813 , 3291 , 4850 , 1126 , 426 , 410 , 486 , 1152 , 3537 , 725 , 268 , 10145 , 7026 , 6812 , 4832 , 477 , 491 , 540
RegressionTest0::test017 , 15032 , 11900 , 11706 , 12298 , 549 , 5993 , 189 , 297 , 3565 , 212 , 411 , 468 , 268 , 290 , 721 , 95 , 0 , 3495 , 747 , 150 , 546 , 484 , 673 , 248 , 4466 , 2241 , 262 , 185 , 547 , 245 , 613 , 608 , 299 , 1202 , 444 , 489 , 4180 , 265 , 596 , 4279 , 775 , 616 , 7583 , 483 , 5492 , 907 , 655 , 524 , 955 , 307 , 256 , 648 , 5199 , 664 , 615 , 7224 , 626 , 941 , 447 , 505 , 3317 , 267 , 4290 , 267 , 613 , 545 , 3334 , 247 , 287 , 5533 , 720 , 2798 , 3385 , 2982 , 527 , 3094 , 502 , 740 , 4105 , 554 , 752 , 2851 , 3400 , 499 , 3073 , 9170 , 605 , 562 , 2812 , 533 , 3040 , 5795 , 582 , 2050 , 3958 , 223 , 485 , 805 , 605 , 582 , 6853 , 548 , 3396 , 534 , 1192 , 3307 , 257 , 594 , 2253 , 624 , 640 , 753 , 4544 , 633 , 500 , 736 , 5376 , 508 , 635 , 898 , 660 , 1310 , 550 , 1135 , 4799 , 4822 , 591 , 451 , 8090 , 1862 , 1749 , 3228 , 4888 , 1170 , 481 , 485 , 394 , 1203 , 3469 , 702 , 320 , 10214 , 7085 , 6869 , 4892 , 539 , 547 , 611
RegressionTest0::test018 , 18445 , 15279 , 15096 , 15688 , 3957 , 9281 , 3631 , 3758 , 590 , 3643 , 3742 , 3828 , 3320 , 3749 , 3411 , 3565 , 3495 , 0 , 4068 , 3491 , 3611 , 3635 , 3744 , 3709 , 5665 , 1621 , 3710 , 3434 , 4007 , 3492 , 3782 , 3781 , 3766 , 4069 , 3516 , 3406 , 4420 , 3449 , 3895 , 1606 , 4163 , 3785 , 5822 , 3454 , 8616 , 4293 , 4017 , 3624 , 4273 , 3498 , 3614 , 4021 , 5371 , 3153 , 3775 , 10551 , 3663 , 4282 , 3750 , 3887 , 1065 , 3649 , 6009 , 3698 , 3893 , 3661 , 1085 , 3368 , 3600 , 4443 , 4054 , 1059 , 1534 , 1316 , 3879 , 1330 , 3739 , 3897 , 6093 , 3724 , 4138 , 1080 , 678 , 3357 , 1136 , 12519 , 3700 , 3764 , 1464 , 3518 , 4944 , 5631 , 3813 , 1795 , 4890 , 3573 , 3426 , 4033 , 3616 , 3895 , 10020 , 3995 , 1566 , 3661 , 2599 , 1376 , 3618 , 3158 , 1721 , 3165 , 3250 , 4019 , 5094 , 4019 , 3283 , 3969 , 5458 , 3890 , 3894 , 4058 , 4024 , 3858 , 3899 , 2514 , 6651 , 6159 , 3364 , 3391 , 11470 , 1892 , 1990 , 566 , 6679 , 3982 , 3613 , 3810 , 3276 , 4071 , 929 , 3060 , 3741 , 13596 , 10351 , 10035 , 6691 , 3527 , 3544 , 3897
RegressionTest0::test019 , 14407 , 11270 , 11073 , 11666 , 479 , 5533 , 637 , 577 , 4107 , 628 , 547 , 508 , 927 , 509 , 950 , 676 , 747 , 4068 , 0 , 771 , 538 , 533 , 450 , 637 , 4404 , 2750 , 544 , 794 , 420 , 809 , 387 , 405 , 576 , 1255 , 644 , 756 , 4579 , 811 , 299 , 4837 , 175 , 387 , 8038 , 691 , 5016 , 266 , 206 , 564 , 311 , 756 , 608 , 198 , 5368 , 1015 , 399 , 6748 , 501 , 655 , 403 , 310 , 3865 , 632 , 4140 , 570 , 216 , 516 , 3884 , 906 , 655 , 5464 , 197 , 3337 , 3914 , 3591 , 301 , 3731 , 442 , 237 , 3882 , 441 , 169 , 3370 , 3952 , 809 , 3624 , 8594 , 478 , 402 , 3328 , 647 , 3521 , 5872 , 346 , 2708 , 3614 , 697 , 746 , 131 , 600 , 288 , 6269 , 343 , 3924 , 516 , 1658 , 3927 , 638 , 1032 , 2750 , 996 , 920 , 241 , 4738 , 201 , 887 , 714 , 5729 , 308 , 269 , 373 , 199 , 1755 , 292 , 1665 , 4501 , 4485 , 813 , 773 , 7558 , 2361 , 2235 , 3784 , 4528 , 1503 , 568 , 376 , 1060 , 1254 , 4037 , 1114 , 508 , 9570 , 6592 , 6282 , 4531 , 643 , 630 , 226
RegressionTest0::test020 , 15068 , 11936 , 11742 , 12334 , 592 , 6038 , 218 , 336 , 3553 , 232 , 442 , 513 , 228 , 330 , 704 , 211 , 150 , 3491 , 771 , 0 , 448 , 440 , 624 , 340 , 4537 , 2220 , 299 , 116 , 583 , 276 , 536 , 564 , 393 , 1135 , 468 , 515 , 4118 , 232 , 557 , 4267 , 810 , 539 , 7590 , 511 , 5541 , 941 , 675 , 465 , 973 , 237 , 211 , 681 , 5235 , 673 , 528 , 7278 , 550 , 957 , 430 , 556 , 3305 , 323 , 4321 , 291 , 610 , 486 , 3324 , 304 , 148 , 5528 , 729 , 2792 , 3370 , 2964 , 548 , 3079 , 445 , 720 , 4132 , 461 , 784 , 2839 , 3379 , 432 , 3057 , 9206 , 539 , 498 , 2796 , 496 , 3062 , 5864 , 534 , 2041 , 4001 , 254 , 448 , 804 , 546 , 549 , 6886 , 581 , 3382 , 485 , 1193 , 3296 , 317 , 647 , 2234 , 633 , 570 , 739 , 4592 , 673 , 548 , 645 , 5396 , 563 , 595 , 893 , 673 , 1258 , 566 , 1167 , 4824 , 4818 , 519 , 475 , 8128 , 1844 , 1732 , 3191 , 4897 , 1120 , 447 , 522 , 418 , 1135 , 3443 , 660 , 344 , 10250 , 7114 , 6900 , 4870 , 504 , 518 , 616
RegressionTest0::test021 , 14860 , 11721 , 11526 , 12117 , 634 , 5880 , 545 , 551 , 3671 , 498 , 653 , 610 , 500 , 511 , 659 , 483 , 546 , 3611 , 538 , 448 , 0 , 295 , 276 , 577 , 4584 , 2302 , 409 , 517 , 598 , 575 , 210 , 266 , 593 , 944 , 209 , 303 , 4192 , 521 , 322 , 4395 , 579 , 212 , 7760 , 312 , 5359 , 711 , 451 , 214 , 734 , 325 , 367 , 452 , 5210 , 588 , 222 , 7176 , 176 , 879 , 188 , 328 , 3411 , 506 , 4276 , 493 , 359 , 209 , 3432 , 667 , 372 , 5408 , 494 , 2889 , 3475 , 3148 , 304 , 3288 , 210 , 438 , 3999 , 165 , 554 , 2928 , 3496 , 296 , 3164 , 9020 , 243 , 199 , 2886 , 234 , 3118 , 5858 , 321 , 2269 , 3871 , 510 , 472 , 547 , 265 , 320 , 6671 , 555 , 3483 , 248 , 1223 , 3482 , 474 , 550 , 2309 , 575 , 408 , 501 , 4590 , 438 , 431 , 408 , 5551 , 324 , 345 , 615 , 448 , 1281 , 327 , 1189 , 4664 , 4788 , 295 , 322 , 7994 , 1926 , 1790 , 3310 , 4701 , 1185 , 296 , 320 , 743 , 945 , 3560 , 625 , 494 , 10021 , 6981 , 6687 , 4692 , 229 , 253 , 410
RegressionTest0::test022 , 14838 , 11695 , 11502 , 12093 , 576 , 5839 , 403 , 456 , 3670 , 449 , 570 , 525 , 516 , 439 , 597 , 431 , 484 , 3635 , 533 , 440 , 295 , 0 , 402 , 448 , 4481 , 2289 , 363 , 458 , 547 , 440 , 362 , 302 , 432 , 1065 , 296 , 353 , 4257 , 328 , 343 , 4393 , 556 , 360 , 7740 , 370 , 5321 , 688 , 426 , 160 , 721 , 376 , 331 , 418 , 5189 , 567 , 353 , 7155 , 375 , 862 , 214 , 304 , 3432 , 311 , 4251 , 340 , 375 , 215 , 3455 , 470 , 371 , 5455 , 478 , 2885 , 3484 , 3166 , 267 , 3305 , 171 , 482 , 3929 , 295 , 534 , 2943 , 3520 , 363 , 3192 , 8986 , 370 , 297 , 2903 , 208 , 3097 , 5822 , 301 , 2272 , 3823 , 314 , 264 , 564 , 284 , 318 , 6659 , 519 , 3497 , 167 , 1203 , 3479 , 317 , 607 , 2318 , 552 , 481 , 491 , 4588 , 410 , 463 , 487 , 5512 , 305 , 314 , 652 , 422 , 1352 , 285 , 1232 , 4636 , 4709 , 376 , 350 , 7957 , 1926 , 1813 , 3352 , 4731 , 1267 , 60 , 265 , 662 , 1066 , 3606 , 661 , 329 , 9995 , 6969 , 6664 , 4681 , 205 , 186 , 351
RegressionTest0::test023 , 14737 , 11598 , 11400 , 11994 , 638 , 5792 , 642 , 613 , 3806 , 581 , 693 , 626 , 713 , 534 , 713 , 602 , 673 , 3744 , 450 , 624 , 276 , 402 , 0 , 667 , 4539 , 2448 , 475 , 636 , 582 , 696 , 152 , 278 , 626 , 1013 , 387 , 466 , 4310 , 676 , 209 , 4531 , 457 , 152 , 7836 , 436 , 5276 , 590 , 356 , 366 , 608 , 542 , 444 , 331 , 5287 , 732 , 169 , 7073 , 197 , 804 , 253 , 378 , 3549 , 580 , 4284 , 573 , 326 , 300 , 3568 , 800 , 510 , 5412 , 383 , 3030 , 3604 , 3283 , 274 , 3427 , 306 , 240 , 3980 , 215 , 438 , 3064 , 3632 , 544 , 3305 , 8909 , 271 , 221 , 3018 , 428 , 3305 , 5891 , 273 , 2412 , 3821 , 631 , 613 , 425 , 218 , 198 , 6593 , 494 , 3617 , 350 , 1353 , 3617 , 567 , 735 , 2446 , 729 , 621 , 363 , 4731 , 317 , 601 , 567 , 5656 , 377 , 264 , 471 , 351 , 1472 , 299 , 1362 , 4681 , 4727 , 510 , 517 , 7879 , 2067 , 1939 , 3459 , 4708 , 1271 , 431 , 324 , 895 , 1012 , 3712 , 818 , 526 , 9898 , 6902 , 6597 , 4703 , 421 , 421 , 392
RegressionTest0::test024 , 14825 , 11692 , 11498 , 12088 , 396 , 5799 , 159 , 123 , 3746 , 262 , 309 , 333 , 477 , 229 , 736 , 155 , 248 , 3709 , 637 , 340 , 577 , 448 , 667 , 0 , 4420 , 2405 , 213 , 374 , 363 , 300 , 604 , 577 , 75 , 1253 , 521 , 569 , 4342 , 315 , 565 , 4460 , 642 , 606 , 7649 , 558 , 5305 , 703 , 614 , 479 , 829 , 395 , 330 , 612 , 5245 , 739 , 608 , 7054 , 647 , 852 , 495 , 371 , 3508 , 228 , 4309 , 120 , 571 , 495 , 3527 , 422 , 374 , 5566 , 669 , 2976 , 3565 , 3164 , 469 , 3292 , 456 , 670 , 4007 , 564 , 639 , 3035 , 3597 , 584 , 3270 , 8967 , 667 , 570 , 2994 , 498 , 3185 , 5860 , 596 , 2265 , 3894 , 193 , 526 , 713 , 557 , 588 , 6678 , 348 , 3576 , 477 , 1354 , 3485 , 258 , 736 , 2434 , 724 , 738 , 703 , 4565 , 507 , 607 , 763 , 5472 , 376 , 614 , 842 , 610 , 1470 , 483 , 1312 , 4716 , 4711 , 681 , 538 , 7879 , 2043 , 1928 , 3431 , 4786 , 1245 , 455 , 414 , 587 , 1257 , 3679 , 860 , 206 , 10010 , 6902 , 6682 , 4724 , 505 , 518 , 519
RegressionTest0::test025 , 15333 , 12190 , 12022 , 12586 , 4436 , 6370 , 4442 , 4461 , 5715 , 4524 , 4463 , 4480 , 4542 , 4518 , 4722 , 4515 , 4466 , 5665 , 4404 , 4537 , 4584 , 4481 , 4539 , 4420 , 0 , 5068 , 4545 , 4526 , 4390 , 4521 , 4455 , 4508 , 4462 , 4750 , 4585 , 4584 , 5573 , 4497 , 4424 , 6053 , 4333 , 4459 , 6808 , 4643 , 5926 , 4280 , 4430 , 4571 , 4370 , 4632 , 4595 , 4419 , 4531 , 4518 , 4465 , 7386 , 4586 , 4533 , 4459 , 4365 , 5613 , 4537 , 4354 , 4480 , 4422 , 4537 , 5609 , 4463 , 4604 , 4820 , 4402 , 5312 , 5703 , 5487 , 4389 , 5535 , 4507 , 4496 , 4290 , 4514 , 4357 , 5332 , 5634 , 4519 , 5225 , 9479 , 4586 , 4503 , 5466 , 4566 , 4757 , 5385 , 4468 , 5057 , 4534 , 4508 , 4443 , 4437 , 4639 , 4429 , 6967 , 4432 , 5721 , 4535 , 4629 , 5657 , 4524 , 4537 , 5132 , 4464 , 4648 , 4461 , 4445 , 4317 , 4510 , 4447 , 4797 , 4365 , 4436 , 4518 , 4424 , 4803 , 4393 , 4630 , 4731 , 4485 , 4649 , 4493 , 8355 , 4823 , 4765 , 5576 , 4721 , 4975 , 4474 , 4411 , 4555 , 4756 , 5635 , 4574 , 4513 , 10510 , 7221 , 6932 , 4680 , 4567 , 4568 , 4402
RegressionTest0::test026 , 17117 , 13957 , 13774 , 14363 , 2653 , 7982 , 2326 , 2461 , 1693 , 2361 , 2448 , 2534 , 2047 , 2463 , 2101 , 2296 , 2241 , 1621 , 2750 , 2220 , 2302 , 2289 , 2448 , 2405 , 5068 , 0 , 2432 , 2164 , 2703 , 2218 , 2475 , 2466 , 2458 , 2781 , 2222 , 2115 , 4444 , 2118 , 2584 , 2284 , 2835 , 2478 , 6369 , 2169 , 7361 , 2963 , 2687 , 2285 , 2945 , 2223 , 2339 , 2694 , 5096 , 1824 , 2464 , 9291 , 2359 , 2989 , 2443 , 2557 , 1510 , 2335 , 5300 , 2380 , 2570 , 2319 , 1526 , 2060 , 2313 , 4773 , 2720 , 1176 , 1663 , 1435 , 2546 , 1551 , 2401 , 2588 , 5455 , 2413 , 2808 , 1203 , 1599 , 2064 , 1350 , 11200 , 2374 , 2457 , 1268 , 2188 , 3942 , 5325 , 2486 , 1010 , 4646 , 2252 , 2074 , 2710 , 2282 , 2587 , 8751 , 2689 , 1636 , 2328 , 1250 , 1626 , 2300 , 1889 , 1050 , 1838 , 1971 , 2682 , 4241 , 2689 , 2005 , 2651 , 5193 , 2561 , 2572 , 2727 , 2696 , 2562 , 2565 , 1314 , 5784 , 5228 , 2065 , 2104 , 10160 , 861 , 849 , 1380 , 5739 , 2733 , 2266 , 2478 , 2007 , 2784 , 1579 , 1769 , 2421 , 12267 , 9073 , 8778 , 5732 , 2193 , 2208 , 2581
RegressionTest0::test027 , 14811 , 11679 , 11485 , 12077 , 422 , 5813 , 224 , 200 , 3771 , 170 , 331 , 331 , 471 , 171 , 714 , 181 , 262 , 3710 , 544 , 299 , 409 , 363 , 475 , 213 , 4545 , 2432 , 0 , 332 , 356 , 322 , 418 , 425 , 277 , 1110 , 399 , 493 , 4293 , 344 , 371 , 4488 , 553 , 418 , 7753 , 470 , 5297 , 686 , 451 , 414 , 736 , 366 , 243 , 448 , 5264 , 758 , 418 , 7045 , 461 , 732 , 323 , 333 , 3506 , 264 , 4289 , 136 , 436 , 394 , 3523 , 440 , 296 , 5541 , 513 , 3005 , 3576 , 3185 , 319 , 3310 , 337 , 527 , 4010 , 398 , 544 , 3048 , 3584 , 547 , 3259 , 8960 , 481 , 402 , 3010 , 459 , 3205 , 5876 , 443 , 2292 , 3919 , 225 , 503 , 601 , 466 , 396 , 6675 , 335 , 3587 , 390 , 1375 , 3514 , 286 , 729 , 2448 , 741 , 664 , 549 , 4675 , 418 , 589 , 601 , 5516 , 337 , 460 , 691 , 448 , 1458 , 329 , 1319 , 4626 , 4772 , 574 , 489 , 7876 , 2058 , 1943 , 3426 , 4733 , 1154 , 398 , 310 , 599 , 1109 , 3674 , 835 , 232 , 9995 , 6903 , 6683 , 4724 , 462 , 456 , 447
RegressionTest0::test028 , 15093 , 11961 , 11767 , 12359 , 556 , 6057 , 250 , 369 , 3510 , 284 , 362 , 426 , 182 , 363 , 701 , 233 , 185 , 3434 , 794 , 116 , 517 , 458 , 636 , 374 , 4526 , 2164 , 332 , 0 , 617 , 314 , 588 , 605 , 417 , 1167 , 477 , 506 , 4124 , 263 , 577 , 4223 , 836 , 590 , 7607 , 520 , 5562 , 966 , 707 , 493 , 999 , 298 , 221 , 704 , 5209 , 639 , 588 , 7305 , 603 , 955 , 449 , 589 , 3255 , 343 , 4328 , 323 , 649 , 518 , 3274 , 210 , 239 , 5527 , 763 , 2740 , 3318 , 2915 , 571 , 3054 , 475 , 753 , 4145 , 532 , 811 , 2786 , 3340 , 484 , 3013 , 9232 , 589 , 543 , 2755 , 515 , 3028 , 5836 , 552 , 2040 , 3985 , 275 , 400 , 827 , 576 , 573 , 6919 , 606 , 3329 , 506 , 1165 , 3253 , 325 , 611 , 2208 , 601 , 628 , 773 , 4576 , 697 , 528 , 712 , 5330 , 593 , 613 , 916 , 706 , 1266 , 589 , 1110 , 4864 , 4797 , 577 , 464 , 8153 , 1818 , 1705 , 3168 , 4932 , 1177 , 456 , 556 , 356 , 1168 , 3406 , 649 , 366 , 10275 , 7141 , 6916 , 4902 , 521 , 521 , 648
RegressionTest0::test029 , 14507 , 11377 , 11182 , 11775 , 68 , 5558 , 399 , 261 , 4044 , 411 , 328 , 206 , 754 , 266 , 952 , 503 , 547 , 4007 , 420 , 583 , 598 , 547 , 582 , 363 , 4390 , 2703 , 356 , 617 , 0 , 646 , 527 , 535 , 378 , 1288 , 678 , 781 , 4554 , 651 , 483 , 4768 , 426 , 526 , 7805 , 760 , 5047 , 460 , 426 , 595 , 581 , 643 , 508 , 424 , 5360 , 1012 , 531 , 6750 , 610 , 624 , 503 , 401 , 3803 , 512 , 4265 , 373 , 437 , 577 , 3822 , 718 , 539 , 5490 , 451 , 3278 , 3849 , 3465 , 422 , 3597 , 505 , 513 , 3898 , 543 , 414 , 3319 , 3891 , 812 , 3568 , 8677 , 598 , 519 , 3275 , 681 , 3475 , 5780 , 491 , 2568 , 3772 , 523 , 740 , 499 , 643 , 463 , 6387 , 199 , 3860 , 573 , 1639 , 3801 , 508 , 1031 , 2709 , 995 , 930 , 489 , 4741 , 403 , 889 , 774 , 5491 , 405 , 471 , 622 , 424 , 1739 , 417 , 1622 , 4591 , 4644 , 832 , 778 , 7589 , 2320 , 2203 , 3724 , 4629 , 1413 , 578 , 470 , 891 , 1288 , 3974 , 1108 , 383 , 9692 , 6620 , 6398 , 4599 , 681 , 670 , 397
RegressionTest0::test030 , 15105 , 11973 , 11779 , 12371 , 649 , 6058 , 313 , 412 , 3537 , 250 , 528 , 563 , 351 , 401 , 708 , 200 , 245 , 3492 , 809 , 276 , 575 , 440 , 696 , 300 , 4521 , 2218 , 322 , 314 , 646 , 0 , 631 , 507 , 369 , 1238 , 473 , 500 , 4228 , 211 , 604 , 4246 , 848 , 635 , 7534 , 512 , 5565 , 978 , 695 , 510 , 1011 , 311 , 307 , 700 , 5236 , 612 , 634 , 7316 , 658 , 1002 , 494 , 573 , 3222 , 289 , 4366 , 328 , 664 , 536 , 3241 , 266 , 342 , 5541 , 754 , 2782 , 3339 , 2935 , 591 , 3048 , 502 , 748 , 4147 , 572 , 820 , 2813 , 3389 , 498 , 3065 , 9244 , 659 , 580 , 2761 , 477 , 3013 , 5854 , 605 , 2017 , 4049 , 238 , 461 , 845 , 601 , 618 , 6920 , 626 , 3347 , 485 , 1193 , 3251 , 318 , 607 , 2203 , 578 , 637 , 761 , 4564 , 707 , 515 , 778 , 5406 , 580 , 643 , 927 , 698 , 1323 , 610 , 1117 , 4853 , 4840 , 587 , 471 , 8155 , 1810 , 1696 , 3208 , 4964 , 1216 , 431 , 526 , 295 , 1241 , 3454 , 707 , 401 , 10287 , 7137 , 6937 , 4913 , 486 , 492 , 666
RegressionTest0::test031 , 14679 , 11541 , 11345 , 11937 , 581 , 5733 , 583 , 555 , 3842 , 521 , 626 , 571 , 625 , 476 , 707 , 540 , 613 , 3782 , 387 , 536 , 210 , 362 , 152 , 604 , 4455 , 2475 , 418 , 588 , 527 , 631 , 0 , 218 , 569 , 956 , 355 , 466 , 4294 , 615 , 153 , 4565 , 398 , 8 , 7861 , 440 , 5218 , 533 , 280 , 314 , 555 , 450 , 405 , 283 , 5296 , 744 , 36 , 7015 , 165 , 759 , 208 , 311 , 3581 , 523 , 4242 , 517 , 248 , 199 , 3601 , 744 , 414 , 5407 , 296 , 3063 , 3644 , 3317 , 228 , 3456 , 266 , 307 , 3949 , 124 , 376 , 3093 , 3669 , 489 , 3335 , 8853 , 207 , 123 , 3052 , 385 , 3267 , 5844 , 228 , 2439 , 3766 , 579 , 551 , 375 , 334 , 153 , 6533 , 447 , 3654 , 297 , 1373 , 3650 , 515 , 745 , 2470 , 734 , 600 , 329 , 4710 , 263 , 602 , 475 , 5631 , 311 , 213 , 459 , 278 , 1454 , 251 , 1360 , 4633 , 4689 , 489 , 488 , 7824 , 2088 , 1959 , 3485 , 4655 , 1208 , 383 , 236 , 822 , 955 , 3740 , 798 , 477 , 9840 , 6846 , 6530 , 4655 , 388 , 389 , 312
RegressionTest0::test032 , 14702 , 11559 , 11366 , 11957 , 568 , 5746 , 567 , 545 , 3823 , 426 , 603 , 544 , 654 , 449 , 715 , 541 , 608 , 3781 , 405 , 564 , 266 , 302 , 278 , 577 , 4508 , 2466 , 425 , 605 , 535 , 507 , 218 , 0 , 542 , 1072 , 327 , 435 , 4357 , 595 , 220 , 4551 , 421 , 218 , 7855 , 404 , 5230 , 556 , 268 , 288 , 583 , 486 , 435 , 271 , 5265 , 749 , 228 , 7037 , 266 , 763 , 224 , 276 , 3544 , 463 , 4255 , 499 , 307 , 251 , 3563 , 667 , 481 , 5439 , 332 , 3050 , 3622 , 3305 , 221 , 3442 , 240 , 348 , 3912 , 197 , 396 , 3081 , 3667 , 524 , 3338 , 8875 , 289 , 141 , 3037 , 340 , 3230 , 5861 , 232 , 2415 , 3817 , 561 , 537 , 423 , 340 , 198 , 6548 , 421 , 3634 , 199 , 1376 , 3635 , 508 , 707 , 2454 , 734 , 600 , 333 , 4694 , 306 , 565 , 536 , 5613 , 276 , 223 , 488 , 270 , 1465 , 197 , 1354 , 4631 , 4708 , 505 , 455 , 7838 , 2066 , 1939 , 3490 , 4649 , 1307 , 354 , 267 , 691 , 1073 , 3748 , 790 , 483 , 9859 , 6846 , 6539 , 4657 , 337 , 315 , 296
RegressionTest0::test033 , 14766 , 11633 , 11437 , 12031 , 351 , 5757 , 217 , 181 , 3805 , 320 , 356 , 300 , 522 , 289 , 732 , 226 , 299 , 3766 , 576 , 393 , 593 , 432 , 626 , 75 , 4462 , 2458 , 277 , 417 , 378 , 369 , 569 , 542 , 0 , 1216 , 506 , 558 , 4356 , 375 , 519 , 4521 , 584 , 571 , 7695 , 549 , 5257 , 646 , 555 , 495 , 772 , 345 , 259 , 553 , 5271 , 789 , 572 , 6987 , 618 , 807 , 466 , 318 , 3564 , 177 , 4293 , 184 , 548 , 501 , 3583 , 469 , 312 , 5591 , 609 , 3032 , 3620 , 3221 , 426 , 3351 , 449 , 631 , 3976 , 553 , 584 , 3094 , 3652 , 625 , 3327 , 8915 , 640 , 545 , 3050 , 505 , 3241 , 5892 , 563 , 2317 , 3885 , 255 , 539 , 653 , 564 , 533 , 6643 , 288 , 3631 , 468 , 1409 , 3536 , 207 , 776 , 2488 , 772 , 747 , 651 , 4616 , 455 , 639 , 768 , 5519 , 323 , 565 , 785 , 553 , 1520 , 427 , 1378 , 4703 , 4728 , 692 , 550 , 7831 , 2095 , 1977 , 3484 , 4732 , 1218 , 440 , 360 , 626 , 1218 , 3735 , 904 , 139 , 9952 , 6850 , 6631 , 4696 , 509 , 506 , 486
RegressionTest0::test034 , 15294 , 12150 , 11986 , 12545 , 1300 , 6204 , 1226 , 1242 , 4129 , 1185 , 1280 , 1249 , 1201 , 1165 , 1217 , 1149 , 1202 , 4069 , 1255 , 1135 , 944 , 1065 , 1013 , 1253 , 4750 , 2781 , 1110 , 1167 , 1288 , 1238 , 956 , 1072 , 1216 , 0 , 980 , 1011 , 3743 , 1208 , 1064 , 4838 , 1304 , 959 , 7644 , 995 , 5824 , 1433 , 1183 , 1040 , 1437 , 1065 , 1048 , 1186 , 5245 , 1217 , 954 , 7554 , 961 , 1246 , 1029 , 1149 , 3867 , 1153 , 4585 , 1188 , 1152 , 1015 , 3885 , 1304 , 1043 , 5429 , 1201 , 3360 , 3923 , 3612 , 1107 , 3748 , 1067 , 1135 , 4107 , 968 , 1284 , 3405 , 3960 , 1052 , 3622 , 9460 , 897 , 985 , 3333 , 1050 , 2924 , 5735 , 1098 , 2731 , 4391 , 1197 , 1152 , 1227 , 1050 , 1060 , 7114 , 1248 , 3935 , 1050 , 1750 , 3928 , 1146 , 1221 , 2774 , 1220 , 1099 , 1168 , 4902 , 1171 , 1110 , 974 , 5539 , 1152 , 1124 , 1286 , 1186 , 1082 , 1109 , 1744 , 4536 , 4583 , 1022 , 1056 , 8418 , 2412 , 2304 , 3774 , 4536 , 371 , 1076 , 1090 , 1382 , 8 , 4025 , 1249 , 1148 , 10483 , 7396 , 7101 , 4609 , 1049 , 1043 , 1186
RegressionTest0::test035 , 14958 , 11817 , 11622 , 12213 , 663 , 5951 , 542 , 558 , 3583 , 503 , 647 , 607 , 508 , 528 , 610 , 372 , 444 , 3516 , 644 , 468 , 209 , 296 , 387 , 521 , 4585 , 2222 , 399 , 477 , 678 , 473 , 355 , 327 , 506 , 980 , 0 , 125 , 4164 , 475 , 427 , 4308 , 677 , 357 , 7689 , 117 , 5432 , 809 , 532 , 307 , 830 , 385 , 359 , 528 , 5180 , 518 , 355 , 7259 , 322 , 958 , 262 , 410 , 3326 , 459 , 4292 , 474 , 474 , 327 , 3345 , 561 , 427 , 5406 , 592 , 2806 , 3389 , 3067 , 417 , 3205 , 340 , 549 , 4017 , 292 , 655 , 2848 , 3410 , 287 , 3078 , 9109 , 336 , 303 , 2810 , 207 , 3029 , 5871 , 409 , 2189 , 3887 , 493 , 404 , 653 , 374 , 407 , 6765 , 634 , 3398 , 216 , 1143 , 3392 , 492 , 412 , 2232 , 506 , 351 , 596 , 4547 , 534 , 265 , 567 , 5501 , 406 , 452 , 711 , 543 , 1231 , 434 , 1063 , 4724 , 4800 , 255 , 149 , 8078 , 1847 , 1714 , 3236 , 4787 , 1195 , 295 , 360 , 596 , 980 , 3483 , 570 , 516 , 10117 , 7084 , 6781 , 4754 , 201 , 168 , 496
