: , RegressionTest0::test001 , RegressionTest0::test002 , RegressionTest0::test003 , RegressionTest0::test004 , RegressionTest0::test005 , RegressionTest0::test006 , RegressionTest0::test007 , RegressionTest0::test008 , RegressionTest0::test009 , RegressionTest0::test010 , RegressionTest0::test011 , RegressionTest0::test012 , RegressionTest0::test013 , RegressionTest0::test014 , RegressionTest0::test015 , RegressionTest0::test016 , RegressionTest0::test017 , RegressionTest0::test018 , RegressionTest0::test019 , RegressionTest0::test020 , RegressionTest0::test021 , RegressionTest0::test022 , RegressionTest0::test023 , RegressionTest0::test024 , RegressionTest0::test025 , RegressionTest0::test026 , RegressionTest0::test027 , RegressionTest0::test028 , RegressionTest0::test029 , RegressionTest0::test030 , RegressionTest0::test031 , RegressionTest0::test032 , RegressionTest0::test033 , RegressionTest0::test034 , RegressionTest0::test035 , RegressionTest0::test036 , RegressionTest0::test037 , RegressionTest0::test038 , RegressionTest0::test039 , RegressionTest0::test040 , RegressionTest0::test041 , RegressionTest0::test042 , RegressionTest0::test043 , RegressionTest0::test044 , RegressionTest0::test045 , RegressionTest0::test046 , RegressionTest0::test047 , RegressionTest0::test048 , RegressionTest0::test049 , RegressionTest0::test050 , RegressionTest0::test051 , RegressionTest0::test052 , RegressionTest0::test053 , RegressionTest0::test054 , RegressionTest0::test055 , RegressionTest0::test056 , RegressionTest0::test057 , RegressionTest0::test058 , RegressionTest0::test059 , RegressionTest0::test060 , RegressionTest0::test061 , RegressionTest0::test062 , RegressionTest0::test063 , RegressionTest0::test064 , RegressionTest0::test065 , RegressionTest0::test066 , RegressionTest0::test067 , RegressionTest0::test068 , RegressionTest0::test069 , RegressionTest0::test070 , RegressionTest0::test071 , RegressionTest0::test072 , RegressionTest0::test073 , RegressionTest0::test074 , RegressionTest0::test075 , RegressionTest0::test076 , RegressionTest0::test077 , RegressionTest0::test078 , RegressionTest0::test079 , RegressionTest0::test080 , RegressionTest0::test081 , RegressionTest0::test082 , RegressionTest0::test083 , RegressionTest0::test084 , RegressionTest0::test085 , RegressionTest0::test086 , RegressionTest0::test087 , RegressionTest0::test088 , RegressionTest0::test089 , RegressionTest0::test090 , RegressionTest0::test091 , RegressionTest0::test092 , RegressionTest0::test093 , RegressionTest0::test094 , RegressionTest0::test095 , RegressionTest0::test096 , RegressionTest0::test097 , RegressionTest0::test098 , RegressionTest0::test099 , RegressionTest0::test100 , RegressionTest0::test101 , RegressionTest0::test102 , RegressionTest0::test103 , RegressionTest0::test104 , RegressionTest0::test105 , RegressionTest0::test106 , RegressionTest0::test107 , RegressionTest0::test108 , RegressionTest0::test109 , RegressionTest0::test110 , RegressionTest0::test111 , RegressionTest0::test112 , RegressionTest0::test113 , RegressionTest0::test114 , RegressionTest0::test115 , RegressionTest0::test116 , RegressionTest0::test117 , RegressionTest0::test118 , RegressionTest0::test119 , RegressionTest0::test120 , RegressionTest0::test121 , RegressionTest0::test122 , RegressionTest0::test123 , RegressionTest0::test124 , RegressionTest0::test125 , RegressionTest0::test126 , RegressionTest0::test127 , RegressionTest0::test128 , RegressionTest0::test129 , RegressionTest0::test130 , RegressionTest0::test131 , RegressionTest0::test132 , RegressionTest0::test133 , RegressionTest0::test134 , RegressionTest0::test135 , RegressionTest0::test136
RegressionTest0::test001 , 0 , 75 , 1827 , 52 , 1107 , 5158 , 1740 , 2056 , 1812 , 8447 , 570 , 1355 , 338 , 3191 , 1304 , 4951 , 592 , 8169 , 920 , 6952 , 4467 , 129 , 497 , 174 , 3646 , 2156 , 2227 , 398 , 483 , 347 , 6209 , 6652 , 5759 , 317 , 3897 , 1725 , 1612 , 573 , 139 , 7655 , 516 , 1202 , 462 , 359 , 701 , 631 , 3204 , 1861 , 634 , 5673 , 1065 , 464 , 747 , 4446 , 683 , 509 , 17 , 8622 , 531 , 3527 , 5981 , 3872 , 636 , 528 , 433 , 586 , 565 , 7833 , 402 , 635 , 535 , 1807 , 662 , 3965 , 3728 , 586 , 175 , 5608 , 205 , 6842 , 4972 , 3468 , 574 , 8094 , 4243 , 5504 , 584 , 498 , 400 , 1162 , 7366 , 583 , 702 , 1819 , 5158 , 4752 , 461 , 297 , 511 , 1612 , 8719 , 400 , 865 , 442 , 632 , 678 , 222 , 436 , 855 , 3027 , 628 , 4695 , 417 , 4810 , 3119 , 5082 , 7736 , 3407 , 1159 , 1496 , 706 , 506 , 578 , 792 , 484 , 3809 , 525 , 18917 , 578 , 5907 , 1050 , 784 , 783 , 499 , 374 , 692
RegressionTest0::test002 , 75 , 0 , 1827 , 120 , 1071 , 5124 , 1706 , 2044 , 1809 , 8398 , 577 , 1340 , 381 , 3143 , 1313 , 4916 , 651 , 8130 , 904 , 6911 , 4426 , 138 , 559 , 242 , 3595 , 2143 , 2226 , 458 , 545 , 389 , 6163 , 6600 , 5722 , 360 , 3886 , 1701 , 1589 , 596 , 207 , 7627 , 518 , 1216 , 520 , 399 , 696 , 626 , 3173 , 1867 , 648 , 5624 , 1062 , 521 , 754 , 4419 , 687 , 558 , 85 , 8570 , 563 , 3492 , 5936 , 3843 , 649 , 534 , 444 , 650 , 604 , 7791 , 441 , 652 , 572 , 1803 , 673 , 3957 , 3721 , 631 , 232 , 5572 , 273 , 6812 , 4936 , 3438 , 619 , 8050 , 4204 , 5454 , 648 , 515 , 440 , 1165 , 7342 , 641 , 697 , 1808 , 5140 , 4725 , 509 , 317 , 534 , 1615 , 8676 , 456 , 857 , 477 , 649 , 687 , 271 , 499 , 843 , 3005 , 661 , 4654 , 476 , 4784 , 3088 , 5067 , 7693 , 3370 , 1160 , 1487 , 703 , 519 , 601 , 794 , 503 , 3775 , 590 , 18862 , 639 , 5879 , 1051 , 787 , 783 , 563 , 409 , 707
RegressionTest0::test003 , 1827 , 1827 , 0 , 1782 , 1293 , 4043 , 1084 , 1582 , 90 , 7169 , 1743 , 1460 , 1849 , 2469 , 1727 , 3611 , 2193 , 6893 , 1310 , 5269 , 3476 , 1768 , 2108 , 1810 , 2840 , 1527 , 1662 , 1973 , 2017 , 1849 , 5079 , 5206 , 4259 , 1779 , 2995 , 922 , 1536 , 1860 , 1901 , 6081 , 1741 , 1722 , 1983 , 1902 , 1698 , 1721 , 1642 , 1462 , 1863 , 4263 , 1700 , 2057 , 1731 , 3388 , 1644 , 2092 , 1831 , 7120 , 1926 , 2143 , 5047 , 2871 , 1860 , 1775 , 1781 , 2191 , 1834 , 6542 , 1969 , 1845 , 1822 , 75 , 1840 , 2787 , 2926 , 1893 , 1859 , 4512 , 1912 , 5552 , 3838 , 1819 , 1880 , 6782 , 3014 , 4416 , 2189 , 1780 , 1967 , 1693 , 5909 , 2175 , 1696 , 1222 , 4036 , 3749 , 1984 , 1743 , 1909 , 327 , 7290 , 1973 , 1591 , 1905 , 1847 , 1784 , 1781 , 2038 , 1715 , 1783 , 1848 , 3592 , 2049 , 3882 , 2342 , 3955 , 6446 , 2498 , 1660 , 1875 , 1700 , 1854 , 1860 , 1736 , 1669 , 2388 , 2135 , 17508 , 2171 , 4435 , 1721 , 1693 , 1392 , 2047 , 1671 , 1750
RegressionTest0::test004 , 52 , 120 , 1782 , 0 , 1114 , 5128 , 1734 , 2012 , 1784 , 8418 , 547 , 1373 , 315 , 3176 , 1280 , 4918 , 624 , 8139 , 928 , 6930 , 4438 , 170 , 541 , 205 , 3627 , 2110 , 2222 , 444 , 506 , 324 , 6180 , 6620 , 5731 , 292 , 3868 , 1682 , 1612 , 593 , 172 , 7626 , 489 , 1160 , 490 , 397 , 672 , 602 , 3181 , 1832 , 612 , 5641 , 1038 , 498 , 733 , 4419 , 659 , 542 , 58 , 8590 , 538 , 3507 , 5942 , 3828 , 614 , 501 , 431 , 621 , 589 , 7809 , 447 , 613 , 567 , 1771 , 640 , 3934 , 3699 , 573 , 126 , 5579 , 246 , 6814 , 4948 , 3438 , 557 , 8066 , 4227 , 5471 , 617 , 471 , 447 , 1141 , 7364 , 617 , 673 , 1827 , 5134 , 4723 , 488 , 268 , 533 , 1580 , 8690 , 445 , 836 , 472 , 610 , 656 , 180 , 481 , 826 , 3028 , 611 , 4678 , 448 , 4799 , 3120 , 5057 , 7700 , 3385 , 1134 , 1488 , 679 , 546 , 595 , 759 , 455 , 3782 , 557 , 18883 , 613 , 5896 , 1027 , 754 , 750 , 532 , 331 , 699
RegressionTest0::test005 , 1107 , 1071 , 1293 , 1114 , 0 , 4256 , 909 , 1486 , 1287 , 7412 , 1111 , 988 , 1276 , 2129 , 1457 , 4028 , 1665 , 7240 , 213 , 6072 , 3433 , 1028 , 1564 , 1113 , 2595 , 1552 , 1614 , 1392 , 1518 , 1286 , 5262 , 5633 , 4844 , 1196 , 3091 , 927 , 838 , 1281 , 1226 , 6697 , 1159 , 1433 , 1406 , 1267 , 1079 , 1084 , 2408 , 1288 , 1311 , 4691 , 1365 , 1493 , 1179 , 3595 , 899 , 1524 , 1117 , 7590 , 1338 , 2610 , 5040 , 2877 , 1312 , 1132 , 1025 , 1665 , 1275 , 6809 , 1393 , 1297 , 1249 , 1284 , 1297 , 3173 , 2757 , 1334 , 1194 , 4677 , 1284 , 5927 , 4124 , 2658 , 1343 , 7069 , 3456 , 4473 , 1663 , 1104 , 1392 , 1266 , 6405 , 1644 , 1081 , 1213 , 4293 , 3911 , 1426 , 1077 , 1326 , 1183 , 7702 , 1390 , 741 , 1325 , 1296 , 1266 , 1172 , 1470 , 1176 , 2154 , 1268 , 3716 , 1467 , 3935 , 2221 , 4218 , 6838 , 2675 , 1069 , 1558 , 1084 , 1257 , 1283 , 1217 , 861 , 2952 , 1574 , 17911 , 1641 , 4944 , 1243 , 1191 , 898 , 1548 , 1021 , 1202
RegressionTest0::test006 , 5158 , 5124 , 4043 , 5128 , 4256 , 0 , 4034 , 3357 , 4035 , 4109 , 4924 , 4423 , 5127 , 2423 , 4495 , 2038 , 5657 , 3698 , 4389 , 3178 , 2502 , 5078 , 5562 , 5087 , 2403 , 3232 , 3194 , 5364 , 5483 , 5128 , 1752 , 4268 , 3096 , 5014 , 2647 , 3986 , 3981 , 5166 , 5263 , 2904 , 4950 , 4595 , 5357 , 5173 , 4847 , 4888 , 3745 , 3961 , 5199 , 4398 , 4690 , 5482 , 4975 , 1802 , 4619 , 5489 , 5172 , 5660 , 5269 , 3291 , 2424 , 2376 , 5198 , 4985 , 4990 , 5661 , 5138 , 3351 , 5381 , 5174 , 5164 , 4039 , 5167 , 2437 , 3184 , 5228 , 5219 , 2492 , 5258 , 2006 , 2133 , 3710 , 5238 , 3588 , 2655 , 3177 , 5662 , 5003 , 5380 , 4715 , 3879 , 5638 , 4839 , 3960 , 1210 , 1768 , 5356 , 4966 , 5253 , 4202 , 4599 , 5366 , 4456 , 5276 , 5175 , 5089 , 5082 , 5468 , 4876 , 3460 , 5155 , 2339 , 5455 , 2120 , 3850 , 1116 , 3219 , 4001 , 4312 , 4945 , 4843 , 5176 , 5167 , 4981 , 4792 , 3322 , 5579 , 14875 , 5632 , 4050 , 4810 , 4957 , 4842 , 5513 , 4915 , 5031
RegressionTest0::test007 , 1740 , 1706 , 1084 , 1734 , 909 , 4034 , 0 , 1695 , 1079 , 6991 , 1697 , 1386 , 1900 , 2002 , 1911 , 3653 , 2301 , 6892 , 960 , 5677 , 3028 , 1653 , 2201 , 1729 , 2256 , 1795 , 1834 , 2024 , 2154 , 1911 , 4886 , 4993 , 4162 , 1821 , 2933 , 295 , 1235 , 1856 , 1869 , 6267 , 1733 , 1908 , 2026 , 1884 , 1658 , 1672 , 1778 , 1370 , 1896 , 4024 , 1866 , 2123 , 1745 , 3372 , 1522 , 2158 , 1750 , 6955 , 1937 , 1979 , 4648 , 2560 , 1895 , 1725 , 1612 , 2307 , 1857 , 6432 , 2018 , 1874 , 1855 , 1074 , 1868 , 2938 , 2792 , 1951 , 1834 , 4315 , 1926 , 5583 , 3856 , 1980 , 1944 , 6694 , 3146 , 4082 , 2303 , 1719 , 2016 , 1722 , 5843 , 2282 , 1658 , 1148 , 4097 , 3698 , 2030 , 1670 , 1922 , 1016 , 7097 , 2025 , 1275 , 1931 , 1876 , 1838 , 1797 , 2107 , 1716 , 1505 , 1876 , 3467 , 2096 , 3658 , 1773 , 4013 , 6493 , 2330 , 1571 , 1986 , 1660 , 1847 , 1859 , 1742 , 1443 , 2342 , 2215 , 17286 , 2276 , 4302 , 1774 , 1754 , 1636 , 2185 , 1626 , 1738
RegressionTest0::test008 , 2056 , 2044 , 1582 , 2012 , 1486 , 3357 , 1695 , 0 , 1575 , 6734 , 1873 , 1624 , 2069 , 1775 , 1773 , 3197 , 2382 , 6350 , 1576 , 5217 , 2861 , 2017 , 2301 , 2045 , 2108 , 414 , 484 , 2135 , 2237 , 2065 , 4491 , 5415 , 3904 , 1999 , 2172 , 1619 , 1534 , 2010 , 2122 , 5885 , 1943 , 1780 , 2146 , 2064 , 1826 , 1850 , 2238 , 1582 , 2035 , 4603 , 1750 , 2216 , 1887 , 2542 , 1794 , 2240 , 2063 , 7234 , 2089 , 2446 , 4390 , 2185 , 2035 , 1895 , 1900 , 2380 , 1981 , 6053 , 2146 , 2014 , 1985 , 1562 , 2020 , 2213 , 2627 , 2032 , 2068 , 3889 , 2137 , 5060 , 3155 , 2438 , 2049 , 6315 , 2535 , 3825 , 2378 , 1903 , 2146 , 1756 , 5702 , 2371 , 1826 , 1595 , 3265 , 2920 , 2139 , 1981 , 2069 , 1576 , 7061 , 2138 , 1709 , 2057 , 2015 , 1948 , 2021 , 2218 , 1851 , 2151 , 1993 , 2989 , 2235 , 3201 , 2604 , 3186 , 5912 , 2659 , 1727 , 2052 , 1827 , 2012 , 2012 , 1865 , 1855 , 2586 , 2302 , 17183 , 2368 , 4658 , 1805 , 1880 , 1617 , 2267 , 1933 , 1924
RegressionTest0::test009 , 1812 , 1809 , 90 , 1784 , 1287 , 4035 , 1079 , 1575 , 0 , 7165 , 1724 , 1447 , 1830 , 2454 , 1711 , 3603 , 2175 , 6893 , 1295 , 5309 , 3466 , 1753 , 2091 , 1796 , 2834 , 1518 , 1657 , 1953 , 1998 , 1828 , 5073 , 5202 , 4237 , 1758 , 3003 , 934 , 1530 , 1842 , 1885 , 6094 , 1719 , 1706 , 1967 , 1880 , 1679 , 1703 , 1664 , 1456 , 1842 , 4262 , 1684 , 2039 , 1714 , 3339 , 1635 , 2073 , 1816 , 7127 , 1905 , 2126 , 5051 , 2886 , 1843 , 1755 , 1758 , 2173 , 1814 , 6528 , 1946 , 1826 , 1801 , 36 , 1823 , 2783 , 2921 , 1875 , 1854 , 4504 , 1892 , 5547 , 3830 , 1810 , 1864 , 6768 , 3052 , 4436 , 2171 , 1762 , 1944 , 1676 , 5911 , 2156 , 1678 , 1204 , 4046 , 3721 , 1965 , 1734 , 1887 , 254 , 7292 , 1953 , 1585 , 1887 , 1828 , 1765 , 1779 , 2019 , 1700 , 1770 , 1830 , 3577 , 2034 , 3875 , 2342 , 3914 , 6438 , 2492 , 1657 , 1866 , 1681 , 1836 , 1844 , 1720 , 1660 , 2390 , 2116 , 17520 , 2150 , 4449 , 1707 , 1675 , 1381 , 2030 , 1670 , 1729
RegressionTest0::test010 , 8447 , 8398 , 7169 , 8418 , 7412 , 4109 , 6991 , 6734 , 7165 , 0 , 8101 , 7424 , 8486 , 5397 , 7796 , 4613 , 8964 , 3291 , 7586 , 3175 , 4157 , 8363 , 8866 , 8382 , 5028 , 6600 , 6549 , 8646 , 8811 , 8480 , 4018 , 4537 , 4735 , 8374 , 5388 , 7107 , 6914 , 8409 , 8560 , 3448 , 8256 , 7841 , 8635 , 8520 , 7987 , 8046 , 6250 , 7197 , 8434 , 5737 , 7822 , 8786 , 8200 , 4527 , 8019 , 8783 , 8458 , 4858 , 8528 , 5710 , 3831 , 4916 , 8437 , 8173 , 8238 , 8977 , 8390 , 2437 , 8666 , 8408 , 8430 , 7166 , 8393 , 4830 , 6146 , 8506 , 8512 , 3247 , 8604 , 2843 , 3909 , 6031 , 8500 , 2388 , 4818 , 3890 , 8980 , 8211 , 8663 , 7918 , 3646 , 8937 , 7979 , 7050 , 4422 , 4457 , 8653 , 8255 , 8537 , 7321 , 4280 , 8649 , 7748 , 8566 , 8413 , 8329 , 8429 , 8762 , 8096 , 6137 , 8415 , 4972 , 8744 , 4363 , 6145 , 4389 , 3678 , 6336 , 7697 , 8110 , 7984 , 8444 , 8410 , 8199 , 8053 , 5679 , 8891 , 13423 , 8934 , 4932 , 7936 , 8180 , 8130 , 8843 , 8260 , 8249
RegressionTest0::test011 , 570 , 577 , 1743 , 547 , 1111 , 4924 , 1697 , 1873 , 1724 , 8101 , 0 , 1350 , 608 , 3012 , 1242 , 4716 , 919 , 7896 , 940 , 6694 , 4254 , 577 , 853 , 553 , 3465 , 2017 , 2096 , 772 , 881 , 619 , 5953 , 6277 , 5540 , 562 , 3719 , 1650 , 1311 , 745 , 611 , 7403 , 763 , 1178 , 743 , 600 , 144 , 166 , 3040 , 1836 , 627 , 5484 , 516 , 778 , 819 , 4212 , 729 , 784 , 574 , 8278 , 725 , 3360 , 5742 , 3687 , 629 , 116 , 511 , 920 , 709 , 7561 , 776 , 612 , 745 , 1722 , 614 , 3792 , 3559 , 471 , 573 , 5385 , 684 , 6590 , 4724 , 3321 , 455 , 7822 , 4055 , 5258 , 918 , 262 , 774 , 1001 , 7160 , 911 , 144 , 1746 , 4922 , 4528 , 747 , 548 , 728 , 1562 , 8463 , 776 , 910 , 768 , 612 , 547 , 571 , 804 , 747 , 2900 , 477 , 4462 , 734 , 4609 , 3003 , 4848 , 7450 , 3281 , 1090 , 1453 , 149 , 777 , 747 , 671 , 658 , 3624 , 832 , 18586 , 904 , 5707 , 678 , 609 , 838 , 908 , 610 , 812
RegressionTest0::test012 , 1355 , 1340 , 1460 , 1373 , 988 , 4423 , 1386 , 1624 , 1447 , 7424 , 1350 , 0 , 1480 , 2574 , 1466 , 4090 , 1783 , 7294 , 1025 , 6092 , 3759 , 1298 , 1701 , 1326 , 3001 , 1645 , 1711 , 1568 , 1598 , 1478 , 5414 , 5522 , 4791 , 1411 , 3161 , 1307 , 1006 , 1424 , 1442 , 6758 , 1295 , 1444 , 1547 , 1463 , 1308 , 1370 , 2426 , 1107 , 1450 , 4897 , 1091 , 1617 , 1400 , 3688 , 1166 , 1640 , 1365 , 7547 , 1487 , 2666 , 5257 , 3137 , 1452 , 1425 , 1366 , 1783 , 1419 , 6880 , 1543 , 1445 , 1443 , 1442 , 1439 , 3205 , 2960 , 1438 , 1441 , 4808 , 1436 , 5948 , 4209 , 2690 , 1453 , 7136 , 3482 , 4723 , 1780 , 1366 , 1543 , 1380 , 6402 , 1769 , 1305 , 1262 , 4392 , 3994 , 1547 , 1294 , 1467 , 1331 , 7716 , 1569 , 1174 , 1494 , 1448 , 1384 , 1343 , 1626 , 1378 , 2179 , 1427 , 3897 , 1643 , 3808 , 2737 , 4319 , 6862 , 2785 , 1177 , 1628 , 1307 , 1471 , 1424 , 1369 , 1223 , 2951 , 1704 , 17777 , 1764 , 4701 , 1205 , 1353 , 1268 , 1631 , 1256 , 1393
RegressionTest0::test013 , 338 , 381 , 1849 , 315 , 1276 , 5127 , 1900 , 2069 , 1830 , 8486 , 608 , 1480 , 0 , 3312 , 1084 , 4914 , 614 , 8171 , 1083 , 6974 , 4573 , 425 , 583 , 435 , 3767 , 2177 , 2253 , 551 , 471 , 15 , 6257 , 6699 , 5792 , 126 , 3937 , 1745 , 1671 , 655 , 227 , 7700 , 627 , 1160 , 550 , 318 , 732 , 658 , 3253 , 1922 , 650 , 5767 , 1100 , 557 , 804 , 4456 , 692 , 575 , 338 , 8672 , 576 , 3543 , 6063 , 3889 , 650 , 548 , 508 , 614 , 629 , 7847 , 554 , 654 , 608 , 1831 , 682 , 3960 , 3794 , 583 , 213 , 5622 , 178 , 6839 , 4998 , 3488 , 578 , 8106 , 4279 , 5584 , 613 , 539 , 553 , 1163 , 7446 , 611 , 730 , 1866 , 5167 , 4799 , 542 , 468 , 570 , 1612 , 8769 , 555 , 1005 , 557 , 654 , 706 , 283 , 565 , 894 , 3069 , 639 , 4707 , 453 , 4896 , 3252 , 5094 , 7749 , 3460 , 1178 , 1503 , 738 , 624 , 657 , 831 , 632 , 3837 , 575 , 18957 , 612 , 5983 , 1068 , 861 , 789 , 503 , 448 , 816
RegressionTest0::test014 , 3191 , 3143 , 2469 , 3176 , 2129 , 2423 , 2002 , 1775 , 2454 , 5397 , 3012 , 2574 , 3312 , 0 , 2901 , 2252 , 3742 , 5370 , 2306 , 4195 , 1434 , 3106 , 3645 , 3139 , 538 , 1732 , 1738 , 3443 , 3577 , 3319 , 3420 , 4445 , 3710 , 3202 , 2133 , 2146 , 2266 , 3265 , 3315 , 4817 , 3076 , 2909 , 3448 , 3308 , 2951 , 2989 , 2402 , 2338 , 3290 , 3869 , 2933 , 3560 , 3076 , 2363 , 2823 , 3578 , 3201 , 6179 , 3356 , 2071 , 3147 , 858 , 3289 , 3073 , 3029 , 3753 , 3234 , 4827 , 3456 , 3267 , 3243 , 2465 , 3265 , 1305 , 2536 , 3320 , 3271 , 2748 , 3360 , 3931 , 2821 , 2454 , 3332 , 5078 , 1560 , 2466 , 3751 , 3071 , 3455 , 2900 , 4486 , 3725 , 2947 , 2347 , 2534 , 2543 , 3460 , 3046 , 3344 , 2527 , 5775 , 3447 , 2588 , 3348 , 3271 , 3190 , 3218 , 3551 , 3013 , 2073 , 3242 , 1756 , 3532 , 2146 , 2354 , 2439 , 4999 , 2643 , 2646 , 3223 , 2952 , 3258 , 3268 , 3099 , 2829 , 2308 , 3663 , 16321 , 3717 , 3929 , 2999 , 3068 , 2912 , 3606 , 3040 , 3142
RegressionTest0::test015 , 1304 , 1313 , 1727 , 1280 , 1457 , 4495 , 1911 , 1773 , 1711 , 7796 , 1242 , 1466 , 1084 , 2901 , 0 , 4292 , 1670 , 7472 , 1381 , 6298 , 4061 , 1308 , 1612 , 1337 , 3317 , 1845 , 1926 , 1537 , 1497 , 1085 , 5548 , 6106 , 5185 , 1114 , 3357 , 1799 , 1604 , 1480 , 1280 , 6944 , 1274 , 145 , 1534 , 1322 , 1241 , 1220 , 2861 , 1658 , 1414 , 5262 , 1104 , 1568 , 1401 , 3906 , 1149 , 1587 , 1305 , 8027 , 1491 , 3102 , 5450 , 3444 , 1416 , 1228 , 1302 , 1670 , 1368 , 7137 , 1538 , 1402 , 1390 , 1710 , 1405 , 3387 , 3193 , 1385 , 1265 , 5075 , 1249 , 6102 , 4433 , 3089 , 1388 , 7391 , 3778 , 5004 , 1669 , 1240 , 1537 , 1303 , 6735 , 1662 , 1242 , 1737 , 4564 , 4206 , 1538 , 1277 , 1496 , 1608 , 8036 , 1540 , 1270 , 1513 , 1402 , 1354 , 1259 , 1572 , 1295 , 2683 , 1363 , 4162 , 1493 , 4309 , 3083 , 4474 , 7057 , 3161 , 1237 , 1586 , 1244 , 1468 , 1480 , 1247 , 1237 , 3364 , 1611 , 18065 , 1661 , 5383 , 1332 , 1331 , 1332 , 1530 , 1257 , 1454
RegressionTest0::test016 , 4951 , 4916 , 3611 , 4918 , 4028 , 2038 , 3653 , 3197 , 3603 , 4613 , 4716 , 4090 , 4914 , 2252 , 4292 , 0 , 5440 , 4622 , 4193 , 3422 , 1888 , 4863 , 5347 , 4870 , 2099 , 3089 , 3045 , 5148 , 5266 , 4906 , 2334 , 3706 , 3417 , 4803 , 2416 , 3609 , 3729 , 4956 , 5050 , 3842 , 4731 , 4394 , 5148 , 4975 , 4645 , 4675 , 3090 , 3684 , 4975 , 3849 , 4478 , 5265 , 4773 , 2747 , 4385 , 5274 , 4958 , 5312 , 5062 , 2882 , 2871 , 1952 , 4975 , 4772 , 4797 , 5444 , 4930 , 4354 , 5153 , 4949 , 4943 , 3604 , 4940 , 1745 , 3131 , 5011 , 4999 , 2879 , 5038 , 3324 , 3010 , 3041 , 5017 , 4495 , 2178 , 2689 , 5444 , 4795 , 5151 , 4497 , 3704 , 5421 , 4643 , 3696 , 2270 , 2904 , 5157 , 4740 , 5052 , 3758 , 4720 , 5150 , 4259 , 5052 , 4953 , 4866 , 4859 , 5249 , 4660 , 3114 , 4951 , 2168 , 5228 , 2624 , 3506 , 2245 , 4044 , 3559 , 4071 , 4725 , 4645 , 4965 , 4957 , 4748 , 4585 , 2994 , 5366 , 15293 , 5415 , 3434 , 4637 , 4725 , 4596 , 5298 , 4712 , 4816
RegressionTest0::test017 , 592 , 651 , 2193 , 624 , 1665 , 5657 , 2301 , 2382 , 2175 , 8964 , 919 , 1783 , 614 , 3742 , 1670 , 5440 , 0 , 8635 , 1459 , 7411 , 5010 , 691 , 148 , 687 , 4197 , 2567 , 2640 , 373 , 311 , 622 , 6741 , 7168 , 6218 , 735 , 4358 , 2213 , 2127 , 642 , 478 , 8141 , 859 , 1597 , 391 , 552 , 1060 , 996 , 3577 , 2297 , 648 , 6225 , 1422 , 228 , 907 , 4879 , 1163 , 234 , 580 , 9147 , 524 , 3951 , 6529 , 4381 , 651 , 851 , 807 , 48 , 669 , 8291 , 357 , 666 , 638 , 2169 , 700 , 4412 , 4210 , 549 , 527 , 6125 , 494 , 7305 , 5397 , 3882 , 554 , 8553 , 4681 , 6039 , 34 , 805 , 357 , 1373 , 7862 , 79 , 1061 , 2229 , 5612 , 5202 , 364 , 843 , 502 , 1950 , 9242 , 374 , 1423 , 459 , 663 , 747 , 676 , 260 , 1068 , 3459 , 655 , 5119 , 277 , 5279 , 3662 , 5530 , 8184 , 3751 , 1648 , 1700 , 1067 , 616 , 647 , 958 , 1039 , 4213 , 128 , 19456 , 76 , 6398 , 1236 , 948 , 929 , 309 , 868 , 854
RegressionTest0::test018 , 8169 , 8130 , 6893 , 8139 , 7240 , 3698 , 6892 , 6350 , 6893 , 3291 , 7896 , 7294 , 8171 , 5370 , 7472 , 4622 , 8635 , 0 , 7394 , 3085 , 4865 , 8090 , 8540 , 8094 , 5185 , 6265 , 6235 , 8326 , 8463 , 8168 , 3758 , 5453 , 4510 , 8068 , 5245 , 6963 , 6937 , 8104 , 8271 , 3046 , 7965 , 7505 , 8318 , 8202 , 7805 , 7872 , 6186 , 6956 , 8142 , 6165 , 7570 , 8457 , 7905 , 4434 , 7744 , 8465 , 8180 , 5972 , 8213 , 5755 , 3227 , 5021 , 8144 , 7967 , 7983 , 8646 , 8087 , 3089 , 8351 , 8121 , 8116 , 6875 , 8106 , 4919 , 5982 , 8198 , 8224 , 4113 , 8286 , 2949 , 4289 , 6075 , 8199 , 3148 , 4874 , 4382 , 8646 , 7988 , 8349 , 7635 , 4557 , 8616 , 7798 , 6861 , 3849 , 4429 , 8333 , 7985 , 8222 , 7073 , 4569 , 8333 , 7549 , 8253 , 8125 , 8046 , 8115 , 8442 , 7819 , 6118 , 8109 , 4739 , 8444 , 4550 , 6377 , 3886 , 3494 , 6516 , 7461 , 7821 , 7803 , 8132 , 8107 , 7914 , 7820 , 5683 , 8561 , 13524 , 8608 , 5444 , 7711 , 7900 , 7815 , 8496 , 7948 , 7951
RegressionTest0::test019 , 920 , 904 , 1310 , 928 , 213 , 4389 , 960 , 1576 , 1295 , 7586 , 940 , 1025 , 1083 , 2306 , 1381 , 4193 , 1459 , 7394 , 0 , 6218 , 3583 , 829 , 1365 , 915 , 2773 , 1596 , 1664 , 1210 , 1320 , 1095 , 5413 , 5809 , 4996 , 1012 , 3217 , 965 , 863 , 1096 , 1022 , 6847 , 1002 , 1354 , 1217 , 1065 , 935 , 941 , 2544 , 1313 , 1135 , 4847 , 1272 , 1296 , 1004 , 3728 , 741 , 1323 , 915 , 7774 , 1149 , 2771 , 5185 , 3043 , 1138 , 953 , 836 , 1461 , 1106 , 6982 , 1196 , 1124 , 1078 , 1291 , 1123 , 3305 , 2887 , 1153 , 1001 , 4815 , 1080 , 6063 , 4276 , 2788 , 1160 , 7244 , 3594 , 4638 , 1460 , 922 , 1195 , 1170 , 6566 , 1445 , 935 , 1280 , 4428 , 4044 , 1230 , 895 , 1137 , 1202 , 7886 , 1209 , 611 , 1133 , 1126 , 1101 , 987 , 1278 , 1041 , 2287 , 1083 , 3884 , 1266 , 4064 , 2344 , 4355 , 6993 , 2758 , 1008 , 1510 , 938 , 1078 , 1098 , 1077 , 702 , 3116 , 1370 , 18077 , 1438 , 5061 , 1151 , 1058 , 829 , 1349 , 841 , 1018
RegressionTest0::test020 , 6952 , 6911 , 5269 , 6930 , 6072 , 3178 , 5677 , 5217 , 5309 , 3175 , 6694 , 6092 , 6974 , 4195 , 6298 , 3422 , 7411 , 3085 , 6218 , 0 , 3540 , 6874 , 7315 , 6879 , 3949 , 5128 , 5075 , 7102 , 7242 , 6968 , 3466 , 4542 , 3878 , 6880 , 4303 , 5743 , 5848 , 6879 , 7053 , 2728 , 6766 , 6340 , 7093 , 6987 , 6593 , 6673 , 4435 , 5782 , 6916 , 4851 , 6379 , 7233 , 6698 , 3622 , 6553 , 7236 , 6964 , 5303 , 6987 , 4724 , 2626 , 3872 , 6917 , 6761 , 6773 , 7421 , 6854 , 3263 , 7125 , 6890 , 6894 , 5320 , 6881 , 3898 , 5027 , 6972 , 7015 , 3042 , 7066 , 3026 , 3231 , 4209 , 6978 , 3266 , 3421 , 3580 , 7421 , 6773 , 7123 , 6447 , 3597 , 7392 , 6588 , 5722 , 3076 , 3646 , 7106 , 6785 , 6999 , 5540 , 4455 , 7106 , 6362 , 7029 , 6895 , 6827 , 6913 , 7220 , 6613 , 5073 , 6890 , 3715 , 7223 , 3626 , 5125 , 3125 , 3190 , 5153 , 6286 , 6616 , 6591 , 6901 , 6878 , 6694 , 6630 , 4429 , 7335 , 13935 , 7378 , 4243 , 6510 , 6695 , 6577 , 7272 , 6772 , 6735
RegressionTest0::test021 , 4467 , 4426 , 3476 , 4438 , 3433 , 2502 , 3028 , 2861 , 3466 , 4157 , 4254 , 3759 , 4573 , 1434 , 4061 , 1888 , 5010 , 4865 , 3583 , 3540 , 0 , 4365 , 4912 , 4406 , 1076 , 2806 , 2771 , 4704 , 4842 , 4572 , 2927 , 3831 , 3316 , 4464 , 2342 , 3249 , 3427 , 4515 , 4587 , 4097 , 4326 , 4092 , 4704 , 4577 , 4181 , 4223 , 2890 , 3423 , 4531 , 3584 , 4129 , 4832 , 4318 , 2654 , 4076 , 4838 , 4471 , 5372 , 4607 , 2347 , 2606 , 1240 , 4531 , 4316 , 4275 , 5022 , 4481 , 4168 , 4720 , 4505 , 4487 , 3481 , 4502 , 1556 , 3118 , 4575 , 4541 , 2650 , 4631 , 3468 , 2729 , 2848 , 4580 , 4291 , 1453 , 2267 , 5024 , 4323 , 4719 , 4107 , 3432 , 4990 , 4178 , 3439 , 2463 , 2838 , 4719 , 4299 , 4603 , 3612 , 4949 , 4709 , 3802 , 4608 , 4509 , 4433 , 4478 , 4816 , 4236 , 2777 , 4499 , 1526 , 4799 , 2238 , 2704 , 2412 , 4338 , 3173 , 3876 , 4313 , 4176 , 4507 , 4516 , 4317 , 4064 , 2469 , 4934 , 15417 , 4982 , 3473 , 4203 , 4298 , 4180 , 4873 , 4300 , 4373
RegressionTest0::test022 , 129 , 138 , 1768 , 170 , 1028 , 5078 , 1653 , 2017 , 1753 , 8363 , 577 , 1298 , 425 , 3106 , 1308 , 4863 , 691 , 8090 , 829 , 6874 , 4365 , 0 , 594 , 185 , 3552 , 2089 , 2147 , 482 , 578 , 434 , 6112 , 6563 , 5679 , 392 , 3810 , 1640 , 1531 , 570 , 248 , 7566 , 479 , 1217 , 509 , 402 , 677 , 628 , 3138 , 1797 , 605 , 5572 , 1060 , 542 , 710 , 4361 , 634 , 584 , 116 , 8534 , 542 , 3442 , 5889 , 3782 , 605 , 542 , 402 , 685 , 594 , 7750 , 443 , 605 , 557 , 1741 , 629 , 3881 , 3644 , 632 , 288 , 5521 , 304 , 6753 , 4900 , 3396 , 628 , 8010 , 4170 , 5401 , 684 , 506 , 443 , 1125 , 7285 , 678 , 678 , 1759 , 5069 , 4670 , 494 , 244 , 513 , 1560 , 8629 , 486 , 782 , 428 , 604 , 631 , 292 , 505 , 803 , 2948 , 663 , 4610 , 513 , 4728 , 3032 , 5004 , 7656 , 3342 , 1102 , 1477 , 682 , 498 , 573 , 769 , 403 , 3739 , 622 , 18817 , 675 , 5824 , 1032 , 759 , 773 , 600 , 342 , 660
RegressionTest0::test023 , 497 , 559 , 2108 , 541 , 1564 , 5562 , 2201 , 2301 , 2091 , 8866 , 853 , 1701 , 583 , 3645 , 1612 , 5347 , 148 , 8540 , 1365 , 7315 , 4912 , 594 , 0 , 597 , 4099 , 2485 , 2561 , 276 , 315 , 590 , 6638 , 7068 , 6120 , 688 , 4257 , 2128 , 2036 , 550 , 416 , 8038 , 773 , 1537 , 306 , 491 , 988 , 924 , 3490 , 2196 , 575 , 6123 , 1352 , 167 , 813 , 4789 , 1094 , 125 , 498 , 9040 , 453 , 3854 , 6423 , 4286 , 575 , 792 , 721 , 142 , 585 , 8192 , 254 , 589 , 540 , 2084 , 624 , 4312 , 4113 , 439 , 464 , 6030 , 469 , 7199 , 5306 , 3791 , 501 , 8455 , 4592 , 5938 , 142 , 733 , 256 , 1282 , 7760 , 136 , 987 , 2135 , 5522 , 5118 , 292 , 742 , 414 , 1869 , 9140 , 272 , 1330 , 359 , 586 , 654 , 631 , 120 , 981 , 3366 , 586 , 5022 , 303 , 5169 , 3568 , 5442 , 8094 , 3652 , 1574 , 1655 , 993 , 520 , 551 , 877 , 950 , 4122 , 137 , 19341 , 144 , 6298 , 1120 , 850 , 865 , 322 , 803 , 754
RegressionTest0::test024 , 174 , 242 , 1810 , 205 , 1113 , 5087 , 1729 , 2045 , 1796 , 8382 , 553 , 1326 , 435 , 3139 , 1337 , 4870 , 687 , 8094 , 915 , 6879 , 4406 , 185 , 597 , 0 , 3598 , 2106 , 2180 , 517 , 585 , 430 , 6147 , 6590 , 5709 , 367 , 3838 , 1680 , 1601 , 575 , 232 , 7574 , 543 , 1246 , 476 , 392 , 681 , 688 , 3188 , 1830 , 633 , 5618 , 1043 , 532 , 754 , 4368 , 674 , 511 , 172 , 8561 , 530 , 3476 , 5909 , 3800 , 634 , 575 , 433 , 682 , 560 , 7764 , 528 , 634 , 623 , 1788 , 668 , 3906 , 3686 , 585 , 292 , 5542 , 312 , 6760 , 4918 , 3426 , 631 , 8021 , 4206 , 5388 , 682 , 501 , 526 , 1143 , 7308 , 674 , 682 , 1805 , 5095 , 4687 , 488 , 212 , 513 , 1598 , 8636 , 520 , 864 , 521 , 633 , 693 , 224 , 539 , 864 , 2986 , 629 , 4634 , 481 , 4747 , 3085 , 5012 , 7665 , 3381 , 1151 , 1470 , 686 , 589 , 578 , 823 , 487 , 3790 , 599 , 18824 , 664 , 5849 , 990 , 826 , 826 , 603 , 393 , 710
RegressionTest0::test025 , 3646 , 3595 , 2840 , 3627 , 2595 , 2403 , 2256 , 2108 , 2834 , 5028 , 3465 , 3001 , 3767 , 538 , 3317 , 2099 , 4197 , 5185 , 2773 , 3949 , 1076 , 3552 , 4099 , 3598 , 0 , 2061 , 2047 , 3897 , 4027 , 3767 , 3200 , 4224 , 3565 , 3663 , 2069 , 2514 , 2694 , 3689 , 3774 , 4526 , 3521 , 3341 , 3889 , 3764 , 3378 , 3435 , 2582 , 2694 , 3724 , 3714 , 3363 , 4013 , 3492 , 2402 , 3274 , 4032 , 3656 , 5932 , 3782 , 2168 , 2874 , 385 , 3725 , 3525 , 3459 , 4210 , 3654 , 4485 , 3911 , 3702 , 3686 , 2836 , 3696 , 1193 , 2705 , 3773 , 3729 , 2577 , 3819 , 3649 , 2590 , 2584 , 3779 , 4748 , 1456 , 2167 , 4210 , 3511 , 3910 , 3325 , 4213 , 4177 , 3377 , 2736 , 2440 , 2495 , 3882 , 3501 , 3777 , 2908 , 5509 , 3901 , 3003 , 3799 , 3703 , 3628 , 3672 , 4004 , 3445 , 2343 , 3692 , 1491 , 3994 , 1983 , 2479 , 2355 , 4726 , 2809 , 3092 , 3621 , 3378 , 3686 , 3690 , 3531 , 3249 , 2351 , 4119 , 15984 , 4172 , 3829 , 3415 , 3493 , 3372 , 4059 , 3487 , 3551
RegressionTest0::test026 , 2156 , 2143 , 1527 , 2110 , 1552 , 3232 , 1795 , 414 , 1518 , 6600 , 2017 , 1645 , 2177 , 1732 , 1845 , 3089 , 2567 , 6265 , 1596 , 5128 , 2806 , 2089 , 2485 , 2106 , 2061 , 0 , 263 , 2317 , 2382 , 2176 , 4343 , 5300 , 3754 , 2090 , 2133 , 1710 , 1563 , 2194 , 2233 , 5780 , 2033 , 1870 , 2322 , 2240 , 1972 , 1996 , 2276 , 1575 , 2199 , 4540 , 1889 , 2400 , 2062 , 2388 , 1850 , 2421 , 2158 , 7180 , 2268 , 2379 , 4309 , 2117 , 2198 , 2074 , 2081 , 2564 , 2160 , 5938 , 2332 , 2180 , 2164 , 1496 , 2186 , 2087 , 2596 , 2210 , 2186 , 3832 , 2251 , 4924 , 3128 , 2460 , 2229 , 6201 , 2440 , 3761 , 2565 , 2077 , 2331 , 1903 , 5600 , 2556 , 1971 , 1604 , 3137 , 2817 , 2319 , 2038 , 2253 , 1549 , 6969 , 2318 , 1771 , 2242 , 2183 , 2124 , 2097 , 2405 , 1983 , 2107 , 2171 , 2942 , 2417 , 3157 , 2699 , 3035 , 5830 , 2698 , 1761 , 2187 , 1971 , 2193 , 2194 , 2055 , 1918 , 2607 , 2487 , 17018 , 2548 , 4563 , 1966 , 2051 , 1869 , 2417 , 1989 , 2118
RegressionTest0::test027 , 2227 , 2226 , 1662 , 2222 , 1614 , 3194 , 1834 , 484 , 1657 , 6549 , 2096 , 1711 , 2253 , 1738 , 1926 , 3045 , 2640 , 6235 , 1664 , 5075 , 2771 , 2147 , 2561 , 2180 , 2047 , 263 , 0 , 2385 , 2453 , 2252 , 4316 , 5236 , 3772 , 2168 , 2085 , 1805 , 1606 , 2266 , 2311 , 5728 , 2127 , 1964 , 2396 , 2315 , 2050 , 2075 , 2261 , 1653 , 2273 , 4503 , 1957 , 2472 , 2130 , 2400 , 1954 , 2498 , 2218 , 7129 , 2340 , 2329 , 4270 , 2119 , 2272 , 2142 , 2151 , 2640 , 2227 , 5891 , 2404 , 2256 , 2232 , 1652 , 2257 , 2073 , 2599 , 2276 , 2289 , 3779 , 2308 , 4896 , 3080 , 2454 , 2300 , 6153 , 2419 , 3729 , 2637 , 2148 , 2404 , 1968 , 5554 , 2633 , 2049 , 1587 , 3007 , 2775 , 2388 , 2143 , 2326 , 1694 , 6953 , 2387 , 1881 , 2315 , 2258 , 2196 , 2200 , 2479 , 2045 , 2062 , 2243 , 2962 , 2491 , 3144 , 2704 , 3023 , 5776 , 2690 , 1874 , 2245 , 2049 , 2266 , 2265 , 2119 , 2020 , 2600 , 2560 , 16948 , 2627 , 4517 , 2023 , 2116 , 1932 , 2488 , 2110 , 2190
RegressionTest0::test028 , 398 , 458 , 1973 , 444 , 1392 , 5364 , 2024 , 2135 , 1953 , 8646 , 772 , 1568 , 551 , 3443 , 1537 , 5148 , 373 , 8326 , 1210 , 7102 , 4704 , 482 , 276 , 517 , 3897 , 2317 , 2385 , 0 , 462 , 555 , 6422 , 6852 , 5926 , 639 , 4008 , 1958 , 1885 , 284 , 429 , 7794 , 590 , 1463 , 84 , 409 , 855 , 838 , 3314 , 1941 , 391 , 5903 , 1263 , 176 , 552 , 4594 , 961 , 246 , 408 , 8820 , 269 , 3603 , 6214 , 4088 , 393 , 736 , 579 , 372 , 351 , 7945 , 84 , 405 , 281 , 1947 , 441 , 4106 , 3903 , 440 , 467 , 5817 , 470 , 6982 , 5111 , 3613 , 435 , 8209 , 4404 , 5715 , 370 , 618 , 76 , 1028 , 7522 , 364 , 854 , 1909 , 5321 , 4917 , 176 , 610 , 238 , 1742 , 8908 , 20 , 1140 , 178 , 402 , 486 , 578 , 182 , 734 , 3112 , 434 , 4776 , 411 , 4972 , 3349 , 5242 , 7879 , 3411 , 1462 , 1584 , 858 , 313 , 289 , 671 , 767 , 3938 , 279 , 19111 , 355 , 6090 , 986 , 592 , 784 , 469 , 666 , 498
RegressionTest0::test029 , 483 , 545 , 2017 , 506 , 1518 , 5483 , 2154 , 2237 , 1998 , 8811 , 881 , 1598 , 471 , 3577 , 1497 , 5266 , 311 , 8463 , 1320 , 7242 , 4842 , 578 , 315 , 585 , 4027 , 2382 , 2453 , 462 , 0 , 478 , 6588 , 7018 , 6047 , 590 , 4186 , 2036 , 1995 , 683 , 361 , 7960 , 731 , 1397 , 475 , 516 , 1012 , 948 , 3419 , 2139 , 658 , 6047 , 1328 , 344 , 896 , 4709 , 980 , 361 , 473 , 8990 , 568 , 3808 , 6353 , 4189 , 662 , 814 , 780 , 308 , 685 , 8139 , 446 , 665 , 656 , 1993 , 701 , 4254 , 4032 , 568 , 402 , 5933 , 343 , 7146 , 5240 , 3709 , 571 , 8400 , 4505 , 5867 , 306 , 778 , 446 , 1313 , 7688 , 311 , 1013 , 2100 , 5438 , 5027 , 444 , 725 , 552 , 1778 , 9066 , 466 , 1269 , 524 , 663 , 744 , 524 , 372 , 1024 , 3321 , 655 , 4982 , 343 , 5110 , 3528 , 5360 , 8016 , 3658 , 1465 , 1460 , 1017 , 650 , 685 , 922 , 894 , 4047 , 306 , 19272 , 312 , 6212 , 1186 , 929 , 793 , 61 , 716 , 873
RegressionTest0::test030 , 347 , 389 , 1849 , 324 , 1286 , 5128 , 1911 , 2065 , 1828 , 8480 , 619 , 1478 , 15 , 3319 , 1085 , 4906 , 622 , 8168 , 1095 , 6968 , 4572 , 434 , 590 , 430 , 3767 , 2176 , 2252 , 555 , 478 , 0 , 6251 , 6693 , 5786 , 132 , 3929 , 1754 , 1679 , 652 , 235 , 7694 , 626 , 1158 , 556 , 328 , 741 , 667 , 3247 , 1920 , 650 , 5762 , 1106 , 564 , 805 , 4453 , 701 , 580 , 347 , 8667 , 584 , 3538 , 6070 , 3897 , 652 , 557 , 518 , 620 , 628 , 7839 , 559 , 652 , 610 , 1829 , 684 , 3951 , 3788 , 587 , 223 , 5628 , 167 , 6836 , 4991 , 3485 , 584 , 8098 , 4273 , 5579 , 619 , 548 , 558 , 1160 , 7443 , 617 , 741 , 1861 , 5162 , 4794 , 549 , 463 , 578 , 1609 , 8763 , 559 , 1002 , 559 , 654 , 705 , 273 , 570 , 892 , 3064 , 641 , 4706 , 462 , 4894 , 3265 , 5091 , 7743 , 3460 , 1170 , 1500 , 747 , 627 , 658 , 830 , 629 , 3834 , 581 , 18952 , 618 , 5976 , 1067 , 861 , 790 , 509 , 457 , 815
RegressionTest0::test031 , 6209 , 6163 , 5079 , 6180 , 5262 , 1752 , 4886 , 4491 , 5073 , 4018 , 5953 , 5414 , 6257 , 3420 , 5548 , 2334 , 6741 , 3758 , 5413 , 3466 , 2927 , 6112 , 6638 , 6147 , 3200 , 4343 , 4316 , 6422 , 6588 , 6251 , 0 , 4309 , 3501 , 6139 , 2739 , 5011 , 4966 , 6182 , 6330 , 3347 , 5978 , 5648 , 6404 , 6297 , 5859 , 5907 , 4600 , 4805 , 6216 , 4634 , 5703 , 6553 , 5963 , 2810 , 5721 , 6561 , 6223 , 5539 , 6284 , 3940 , 2400 , 3170 , 6216 , 6022 , 6014 , 6750 , 6181 , 3674 , 6442 , 6192 , 6194 , 5074 , 6175 , 2811 , 4065 , 6278 , 6285 , 3027 , 6381 , 2830 , 2993 , 4539 , 6280 , 3811 , 3371 , 3291 , 6751 , 6026 , 6441 , 5682 , 3839 , 6716 , 5851 , 4957 , 2161 , 2731 , 6424 , 5994 , 6294 , 5225 , 4535 , 6426 , 5442 , 6331 , 6195 , 6108 , 6207 , 6539 , 5876 , 4222 , 6178 , 2946 , 6528 , 2985 , 4662 , 2174 , 3186 , 4680 , 5321 , 5916 , 5854 , 6196 , 6185 , 6002 , 5798 , 4195 , 6662 , 14471 , 6711 , 4399 , 5825 , 5959 , 5960 , 6616 , 6040 , 6026
RegressionTest0::test032 , 6652 , 6600 , 5206 , 6620 , 5633 , 4268 , 4993 , 5415 , 5202 , 4537 , 6277 , 5522 , 6699 , 4445 , 6106 , 3706 , 7168 , 5453 , 5809 , 4542 , 3831 , 6563 , 7068 , 6590 , 4224 , 5300 , 5236 , 6852 , 7018 , 6693 , 4309 , 0 , 2342 , 6584 , 4666 , 5135 , 5199 , 6616 , 6760 , 4840 , 6490 , 6141 , 6841 , 6726 , 6151 , 6208 , 3830 , 5320 , 6646 , 3555 , 6070 , 6981 , 6432 , 4344 , 6237 , 6989 , 6664 , 3138 , 6729 , 3741 , 4385 , 4236 , 6647 , 6344 , 6452 , 7178 , 6619 , 4729 , 6866 , 6622 , 6644 , 5202 , 6607 , 4333 , 4627 , 6707 , 6713 , 3879 , 6806 , 4576 , 4188 , 3753 , 6694 , 4807 , 4107 , 3961 , 7179 , 6413 , 6866 , 6170 , 4038 , 7138 , 6145 , 5233 , 4397 , 4482 , 6855 , 6462 , 6740 , 5403 , 4382 , 6854 , 5997 , 6769 , 6626 , 6548 , 6641 , 6967 , 6330 , 4084 , 6635 , 3934 , 6947 , 3977 , 4273 , 4403 , 4938 , 4454 , 5918 , 6363 , 6148 , 6641 , 6618 , 6423 , 6284 , 3572 , 7089 , 13349 , 7133 , 2389 , 6105 , 6405 , 6363 , 7050 , 6467 , 6454
RegressionTest0::test033 , 5759 , 5722 , 4259 , 5731 , 4844 , 3096 , 4162 , 3904 , 4237 , 4735 , 5540 , 4791 , 5792 , 3710 , 5185 , 3417 , 6218 , 4510 , 4996 , 3878 , 3316 , 5679 , 6120 , 5709 , 3565 , 3754 , 3772 , 5926 , 6047 , 5786 , 3501 , 2342 , 0 , 5707 , 3662 , 4238 , 4633 , 5729 , 5852 , 4354 , 5584 , 5215 , 5923 , 5819 , 5459 , 5491 , 2893 , 4503 , 5748 , 3461 , 5264 , 6047 , 5556 , 2603 , 5395 , 6063 , 5767 , 4219 , 5823 , 3061 , 3739 , 3464 , 5748 , 5584 , 5612 , 6226 , 5726 , 4192 , 5930 , 5725 , 5737 , 4238 , 5712 , 3442 , 3967 , 5806 , 5810 , 3219 , 5875 , 3860 , 3034 , 2697 , 5795 , 4308 , 3106 , 3339 , 6224 , 5626 , 5928 , 5307 , 3970 , 6194 , 5456 , 4409 , 2807 , 2945 , 5930 , 5597 , 5827 , 4428 , 4692 , 5930 , 5219 , 5842 , 5729 , 5658 , 5727 , 6025 , 5469 , 3491 , 5737 , 3442 , 6024 , 3597 , 3740 , 2727 , 4094 , 3795 , 5108 , 5430 , 5456 , 5734 , 5730 , 5528 , 5468 , 2651 , 6146 , 13700 , 6192 , 2608 , 5380 , 5515 , 5385 , 6075 , 5591 , 5577
RegressionTest0::test034 , 317 , 360 , 1779 , 292 , 1196 , 5014 , 1821 , 1999 , 1758 , 8374 , 562 , 1411 , 126 , 3202 , 1114 , 4803 , 735 , 8068 , 1012 , 6880 , 4464 , 392 , 688 , 367 , 3663 , 2090 , 2168 , 639 , 590 , 132 , 6139 , 6584 , 5707 , 0 , 3867 , 1661 , 1570 , 608 , 346 , 7602 , 594 , 1169 , 594 , 335 , 676 , 643 , 3198 , 1863 , 621 , 5680 , 1046 , 609 , 765 , 4358 , 607 , 647 , 317 , 8563 , 564 , 3449 , 5953 , 3770 , 622 , 560 , 435 , 731 , 625 , 7748 , 639 , 617 , 633 , 1759 , 639 , 3854 , 3724 , 594 , 334 , 5514 , 297 , 6731 , 4912 , 3405 , 644 , 8005 , 4192 , 5476 , 731 , 491 , 638 , 1087 , 7354 , 726 , 676 , 1800 , 5068 , 4716 , 584 , 378 , 568 , 1538 , 8667 , 641 , 925 , 619 , 616 , 649 , 202 , 658 , 848 , 2980 , 623 , 4613 , 568 , 4807 , 3151 , 4997 , 7656 , 3399 , 1131 , 1463 , 682 , 652 , 615 , 813 , 559 , 3773 , 643 , 18843 , 724 , 5890 , 1007 , 802 , 793 , 620 , 351 , 750
RegressionTest0::test035 , 3897 , 3886 , 2995 , 3868 , 3091 , 2647 , 2933 , 2172 , 3003 , 5388 , 3719 , 3161 , 3937 , 2133 , 3357 , 2416 , 4358 , 5245 , 3217 , 4303 , 2342 , 3810 , 4257 , 3838 , 2069 , 2133 , 2085 , 4008 , 4186 , 3929 , 2739 , 4666 , 3662 , 3867 , 0 , 2957 , 3045 , 3775 , 3975 , 4252 , 3544 , 3398 , 4001 , 3980 , 3655 , 3693 , 2862 , 2402 , 3818 , 4097 , 3445 , 4171 , 3573 , 2584 , 3405 , 4185 , 3900 , 6288 , 3929 , 2428 , 3337 , 2011 , 3819 , 3765 , 3762 , 4366 , 3786 , 4615 , 4028 , 3794 , 3777 , 3004 , 3788 , 1461 , 2428 , 3901 , 3947 , 2795 , 4003 , 3620 , 2525 , 2888 , 3895 , 4874 , 2165 , 2645 , 4366 , 3757 , 4027 , 3346 , 4688 , 4339 , 3656 , 2875 , 2872 , 2609 , 4061 , 3689 , 3918 , 3142 , 5829 , 4012 , 3202 , 3951 , 3795 , 3689 , 3864 , 4158 , 3632 , 2477 , 3779 , 2509 , 4208 , 2699 , 3135 , 2837 , 4857 , 2954 , 2977 , 3708 , 3658 , 3822 , 3778 , 3619 , 3525 , 2808 , 4279 , 15906 , 4333 , 4131 , 3551 , 3559 , 3623 , 4213 , 3701 , 3648
RegressionTest0::test036 , 1725 , 1701 , 922 , 1682 , 927 , 3986 , 295 , 1619 , 934 , 7107 , 1650 , 1307 , 1745 , 2146 , 1799 , 3609 , 2213 , 6963 , 965 , 5743 , 3249 , 1640 , 2128 , 1680 , 2514 , 1710 , 1805 , 1958 , 2036 , 1754 , 5011 , 5135 , 4238 , 1661 , 2957 , 0 , 1258 , 1818 , 1805 , 6309 , 1678 , 1793 , 1960 , 1727 , 1605 , 1620 , 1748 , 1381 , 1867 , 4149 , 1755 , 2057 , 1728 , 3408 , 1296 , 2081 , 1726 , 7086 , 1898 , 2022 , 4770 , 2502 , 1867 , 1678 , 1641 , 2211 , 1823 , 6529 , 1948 , 1844 , 1829 , 923 , 1838 , 2948 , 2834 , 1884 , 1763 , 4302 , 1779 , 5637 , 3890 , 1967 , 1883 , 6777 , 3214 , 4227 , 2210 , 1676 , 1946 , 1694 , 5858 , 2197 , 1607 , 1145 , 4126 , 3731 , 1977 , 1622 , 1879 , 870 , 7201 , 1961 , 1269 , 1880 , 1848 , 1794 , 1617 , 2036 , 1702 , 1551 , 1844 , 3570 , 2017 , 3750 , 1992 , 4044 , 6551 , 2380 , 1385 , 1896 , 1606 , 1824 , 1822 , 1718 , 1454 , 2370 , 2136 , 17389 , 2189 , 4390 , 1714 , 1720 , 1508 , 2064 , 1422 , 1709
RegressionTest0::test037 , 1612 , 1589 , 1536 , 1612 , 838 , 3981 , 1235 , 1534 , 1530 , 6914 , 1311 , 1006 , 1671 , 2266 , 1604 , 3729 , 2127 , 6937 , 863 , 5848 , 3427 , 1531 , 2036 , 1601 , 2694 , 1563 , 1606 , 1885 , 1995 , 1679 , 4966 , 5199 , 4633 , 1570 , 3045 , 1258 , 0 , 1712 , 1728 , 6532 , 1598 , 1637 , 1859 , 1744 , 1255 , 1276 , 2387 , 1400 , 1726 , 4600 , 1476 , 1942 , 1652 , 3440 , 1378 , 1992 , 1619 , 7084 , 1792 , 2461 , 4933 , 2905 , 1726 , 1362 , 1518 , 2126 , 1705 , 6534 , 1867 , 1709 , 1741 , 1531 , 1708 , 2899 , 2609 , 1687 , 1678 , 4504 , 1766 , 5597 , 3952 , 2593 , 1654 , 6790 , 3316 , 4290 , 2126 , 1394 , 1865 , 1481 , 6257 , 2108 , 1255 , 1157 , 4125 , 3778 , 1860 , 1523 , 1773 , 1450 , 7456 , 1889 , 1255 , 1802 , 1713 , 1627 , 1650 , 1949 , 1529 , 1980 , 1644 , 3647 , 1927 , 3754 , 2406 , 4059 , 6587 , 2681 , 1227 , 1810 , 1255 , 1747 , 1715 , 1607 , 1404 , 2888 , 2035 , 17490 , 2105 , 4744 , 1338 , 1593 , 1369 , 2023 , 1511 , 1624
RegressionTest0::test038 , 573 , 596 , 1860 , 593 , 1281 , 5166 , 1856 , 2010 , 1842 , 8409 , 745 , 1424 , 655 , 3265 , 1480 , 4956 , 642 , 8104 , 1096 , 6879 , 4515 , 570 , 550 , 575 , 3689 , 2194 , 2266 , 284 , 683 , 652 , 6182 , 6616 , 5729 , 608 , 3775 , 1818 , 1712 , 0 , 588 , 7543 , 583 , 1415 , 263 , 468 , 777 , 843 , 3172 , 1752 , 385 , 5695 , 1193 , 442 , 272 , 4372 , 946 , 467 , 569 , 8584 , 198 , 3407 , 5988 , 3894 , 386 , 766 , 470 , 641 , 227 , 7698 , 322 , 386 , 304 , 1834 , 408 , 3895 , 3733 , 511 , 612 , 5597 , 645 , 6772 , 4891 , 3468 , 512 , 7959 , 4244 , 5479 , 642 , 634 , 320 , 969 , 7257 , 630 , 776 , 1756 , 5136 , 4693 , 306 , 580 , 209 , 1633 , 8680 , 284 , 1045 , 289 , 387 , 422 , 616 , 452 , 696 , 2921 , 417 , 4547 , 642 , 4753 , 3197 , 5058 , 7646 , 3190 , 1415 , 1534 , 782 , 295 , 9 , 637 , 756 , 3784 , 554 , 18863 , 622 , 5886 , 882 , 560 , 763 , 695 , 632 , 272
