: , RegressionTest0::test01 , RegressionTest0::test02 , RegressionTest0::test03 , RegressionTest0::test04 , RegressionTest0::test05 , RegressionTest0::test06 , RegressionTest0::test07 , RegressionTest0::test08 , RegressionTest0::test09 , RegressionTest0::test10 , RegressionTest0::test11 , RegressionTest0::test12 , RegressionTest0::test13 , RegressionTest0::test14 , RegressionTest0::test15 , RegressionTest0::test16 , RegressionTest0::test17 , RegressionTest0::test18 , RegressionTest0::test19 , RegressionTest0::test20 , RegressionTest0::test21 , RegressionTest0::test22 , RegressionTest0::test23 , RegressionTest0::test24 , RegressionTest0::test25 , RegressionTest0::test26 , RegressionTest0::test27 , RegressionTest0::test28 , RegressionTest0::test29 , RegressionTest0::test30 , RegressionTest0::test31 , RegressionTest0::test32 , RegressionTest0::test33 , RegressionTest0::test34 , RegressionTest0::test35 , RegressionTest0::test36 , RegressionTest0::test37 , RegressionTest0::test38 , RegressionTest0::test39 , RegressionTest0::test40 , RegressionTest0::test41 , RegressionTest0::test42 , RegressionTest0::test43 , RegressionTest0::test44 , RegressionTest0::test45 , RegressionTest0::test46 , RegressionTest0::test47 , RegressionTest0::test48 , RegressionTest0::test49 , RegressionTest0::test50 , RegressionTest0::test51 , RegressionTest0::test52 , RegressionTest0::test53 , RegressionTest0::test54 , RegressionTest0::test55 , RegressionTest0::test56 , RegressionTest0::test57 , RegressionTest0::test58 , RegressionTest0::test59 , RegressionTest0::test60 , RegressionTest0::test61 , RegressionTest0::test62 , RegressionTest0::test63 , RegressionTest0::test64 , RegressionTest0::test65 , RegressionTest0::test66 , RegressionTest0::test67 , RegressionTest0::test68 , RegressionTest0::test69 , RegressionTest0::test70
RegressionTest0::test01 , 0 , 40 , 1020 , 658 , 1266 , 639 , 9278 , 6079 , 4540 , 8289 , 6182 , 3227 , 3724 , 3584 , 4235 , 3379 , 4325 , 1646 , 7229 , 1074 , 4209 , 6329 , 2482 , 4286 , 7263 , 5643 , 6328 , 1988 , 1035 , 7040 , 4270 , 1035 , 4871 , 5751 , 4458 , 5188 , 3413 , 7037 , 1447 , 5139 , 5118 , 6789 , 7007 , 5901 , 1800 , 855 , 4932 , 2409 , 6047 , 5005 , 1075 , 6189 , 7064 , 4664 , 4960 , 3850 , 6876 , 5989 , 3792 , 1553 , 1826 , 2849 , 1127 , 1018 , 2090 , 6383 , 4286 , 1926 , 4554 , 1064
RegressionTest0::test02 , 40 , 0 , 1000 , 671 , 1266 , 639 , 9256 , 6072 , 4538 , 8310 , 6178 , 3218 , 3719 , 3582 , 4221 , 3364 , 4303 , 1680 , 7213 , 1090 , 4204 , 6311 , 2475 , 4284 , 7246 , 5642 , 6313 , 1983 , 1046 , 7025 , 4258 , 1044 , 4858 , 5745 , 4446 , 5179 , 3399 , 7023 , 1449 , 5124 , 5101 , 6770 , 6989 , 5886 , 1796 , 888 , 4917 , 2405 , 6029 , 4993 , 1088 , 6171 , 7048 , 4656 , 4946 , 3840 , 6866 , 5972 , 3778 , 1559 , 1823 , 2845 , 1153 , 1040 , 2082 , 6366 , 4284 , 1925 , 4544 , 1087
RegressionTest0::test03 , 1020 , 1000 , 0 , 1438 , 272 , 1305 , 8344 , 5330 , 3875 , 7349 , 5454 , 2753 , 3256 , 3096 , 3723 , 2913 , 3798 , 2639 , 6597 , 1630 , 3690 , 5712 , 2114 , 3773 , 6579 , 4756 , 5645 , 1877 , 1648 , 6424 , 3762 , 1648 , 4306 , 5139 , 3945 , 4515 , 2910 , 6365 , 1580 , 4581 , 4572 , 6154 , 6353 , 5298 , 1691 , 1684 , 4381 , 2157 , 5315 , 4435 , 1676 , 5572 , 6438 , 4138 , 4403 , 3351 , 6225 , 5385 , 3315 , 1719 , 1734 , 2477 , 1979 , 1772 , 1922 , 5614 , 3769 , 1774 , 4015 , 1797
RegressionTest0::test04 , 658 , 671 , 1438 , 0 , 1527 , 338 , 9484 , 6240 , 4660 , 8536 , 6314 , 3405 , 3873 , 3674 , 4353 , 3474 , 4469 , 1425 , 7411 , 1066 , 4351 , 6465 , 2556 , 4429 , 7441 , 5862 , 6476 , 2014 , 806 , 7217 , 4448 , 806 , 5007 , 5863 , 4642 , 5300 , 3497 , 7229 , 1507 , 5303 , 5262 , 6957 , 7194 , 6101 , 1933 , 648 , 5058 , 2425 , 6181 , 5164 , 913 , 6367 , 7243 , 4842 , 5095 , 3990 , 7035 , 6146 , 3972 , 1547 , 1941 , 2940 , 946 , 877 , 2129 , 6576 , 4433 , 2040 , 4708 , 907
RegressionTest0::test05 , 1266 , 1266 , 272 , 1527 , 0 , 1419 , 8114 , 5200 , 3760 , 7115 , 5300 , 2727 , 3196 , 3006 , 3649 , 2882 , 3700 , 2888 , 6490 , 1794 , 3617 , 5569 , 2134 , 3671 , 6487 , 4533 , 5564 , 1969 , 1789 , 6320 , 3702 , 1789 , 4237 , 4988 , 3932 , 4426 , 2845 , 6276 , 1735 , 4482 , 4490 , 6031 , 6225 , 5231 , 1785 , 1894 , 4308 , 2189 , 5221 , 4373 , 1816 , 5462 , 6336 , 4069 , 4316 , 3292 , 6097 , 5278 , 3270 , 1838 , 1792 , 2474 , 2223 , 2008 , 1985 , 5485 , 3667 , 1813 , 3936 , 2024
RegressionTest0::test06 , 639 , 639 , 1305 , 338 , 1419 , 0 , 9254 , 6094 , 4544 , 8321 , 6176 , 3303 , 3764 , 3584 , 4247 , 3403 , 4338 , 1673 , 7274 , 1131 , 4229 , 6322 , 2482 , 4312 , 7283 , 5677 , 6336 , 1987 , 902 , 7078 , 4322 , 902 , 4897 , 5738 , 4539 , 5168 , 3414 , 7100 , 1471 , 5173 , 5138 , 6798 , 7042 , 5965 , 1878 , 791 , 4953 , 2375 , 6049 , 5062 , 1007 , 6219 , 7104 , 4720 , 4982 , 3870 , 6893 , 6003 , 3865 , 1512 , 1887 , 2852 , 1170 , 1046 , 2090 , 6429 , 4313 , 1967 , 4583 , 1091
RegressionTest0::test07 , 9278 , 9256 , 8344 , 9484 , 8114 , 9254 , 0 , 6823 , 7080 , 5598 , 6287 , 7218 , 6793 , 6882 , 6568 , 7100 , 6616 , 10816 , 6123 , 9318 , 7061 , 5602 , 7833 , 6682 , 6029 , 5306 , 5524 , 8132 , 9225 , 6089 , 6686 , 9225 , 6319 , 5790 , 6816 , 6599 , 7058 , 6093 , 8706 , 6159 , 6118 , 5335 , 5798 , 6231 , 8289 , 9674 , 6309 , 7902 , 6683 , 6459 , 9113 , 5817 , 6134 , 6412 , 6562 , 6711 , 6044 , 5736 , 6915 , 8724 , 8279 , 7516 , 10064 , 9686 , 8071 , 6073 , 6686 , 8208 , 6455 , 9639
RegressionTest0::test08 , 6079 , 6072 , 5330 , 6240 , 5200 , 6094 , 6823 , 0 , 2170 , 5294 , 2305 , 4005 , 3939 , 3567 , 3176 , 3612 , 3184 , 7396 , 3782 , 5951 , 3497 , 4020 , 4109 , 3161 , 4461 , 4122 , 3628 , 4939 , 6164 , 3654 , 3163 , 6164 , 3161 , 4047 , 3868 , 3706 , 3444 , 4418 , 5392 , 3875 , 3957 , 4282 , 4339 , 4190 , 4884 , 6394 , 3221 , 4921 , 3122 , 3539 , 6111 , 3145 , 3604 , 4150 , 4004 , 3945 , 2730 , 4119 , 4317 , 5507 , 4911 , 4514 , 6638 , 6289 , 5024 , 2216 , 3162 , 4821 , 4067 , 6268
RegressionTest0::test09 , 4540 , 4538 , 3875 , 4660 , 3760 , 4544 , 7080 , 2170 , 0 , 5600 , 1865 , 2880 , 2690 , 2269 , 2233 , 2245 , 1927 , 5767 , 3998 , 4347 , 2128 , 3958 , 2515 , 1881 , 4707 , 3969 , 3333 , 3343 , 4615 , 3804 , 1942 , 4617 , 2389 , 3554 , 2998 , 2490 , 2310 , 4577 , 3791 , 3060 , 3263 , 4417 , 4451 , 3846 , 3231 , 4810 , 2413 , 3448 , 3013 , 3081 , 4570 , 3331 , 3819 , 3145 , 3162 , 2815 , 3152 , 3708 , 2981 , 3954 , 3250 , 3042 , 5011 , 4672 , 3542 , 3291 , 1874 , 3034 , 3052 , 4651
RegressionTest0::test10 , 8289 , 8310 , 7349 , 8536 , 7115 , 8321 , 5598 , 5294 , 5600 , 0 , 5368 , 6479 , 5972 , 6056 , 5840 , 6271 , 5829 , 9922 , 5355 , 8422 , 6123 , 5326 , 6955 , 5892 , 5603 , 4390 , 5602 , 7314 , 8556 , 5307 , 5900 , 8556 , 5558 , 5306 , 6011 , 6072 , 6236 , 5587 , 7889 , 5337 , 5494 , 5451 , 5418 , 5379 , 7508 , 8829 , 5543 , 7025 , 4912 , 5672 , 8460 , 5449 , 5324 , 5554 , 5573 , 5919 , 5108 , 5465 , 6128 , 7836 , 7492 , 6719 , 9169 , 8790 , 7213 , 5064 , 5898 , 7451 , 5643 , 8752
RegressionTest0::test11 , 6182 , 6178 , 5454 , 6314 , 5300 , 6176 , 6287 , 2305 , 1865 , 5368 , 0 , 4204 , 4000 , 3528 , 3309 , 3690 , 3037 , 7495 , 3709 , 6046 , 2924 , 3793 , 4161 , 3035 , 4678 , 3692 , 2203 , 4990 , 6238 , 3698 , 3227 , 6238 , 3074 , 3645 , 3447 , 2002 , 3627 , 4607 , 5475 , 3484 , 3587 , 4184 , 4076 , 4275 , 4932 , 6501 , 3117 , 4958 , 3639 , 3892 , 6178 , 3123 , 3600 , 3812 , 3880 , 4088 , 2861 , 3691 , 4084 , 5566 , 4956 , 4609 , 6738 , 6391 , 5095 , 3524 , 3032 , 4742 , 3693 , 6369
RegressionTest0::test12 , 3227 , 3218 , 2753 , 3405 , 2727 , 3303 , 7218 , 4005 , 2880 , 6479 , 4204 , 0 , 1739 , 1677 , 2251 , 1699 , 1714 , 4405 , 4776 , 2891 , 2655 , 3730 , 1760 , 1719 , 4811 , 4268 , 4152 , 2128 , 3332 , 4591 , 1711 , 3330 , 2709 , 3586 , 2337 , 3520 , 1512 , 4591 , 2367 , 3282 , 3004 , 4307 , 4399 , 3292 , 1730 , 3505 , 2765 , 2191 , 4003 , 2563 , 3260 , 4033 , 4609 , 2967 , 2676 , 2145 , 4473 , 3756 , 2466 , 2635 , 1740 , 2115 , 3646 , 3318 , 2183 , 4751 , 1715 , 1684 , 2840 , 3295
RegressionTest0::test13 , 3724 , 3719 , 3256 , 3873 , 3196 , 3764 , 6793 , 3939 , 2690 , 5972 , 4000 , 1739 , 0 , 1671 , 1643 , 1598 , 1875 , 4872 , 4101 , 3372 , 2623 , 3101 , 2280 , 1847 , 4220 , 4059 , 3417 , 2309 , 3855 , 3905 , 1766 , 3855 , 2067 , 2755 , 2772 , 3479 , 1735 , 3964 , 2722 , 2531 , 2110 , 3600 , 3850 , 3224 , 2323 , 4014 , 2258 , 2145 , 3544 , 2303 , 3793 , 3316 , 3929 , 1992 , 1980 , 1464 , 4070 , 2874 , 1977 , 2875 , 2345 , 2185 , 4110 , 3732 , 2151 , 4644 , 1847 , 2313 , 1867 , 3693
RegressionTest0::test14 , 3584 , 3582 , 3096 , 3674 , 3006 , 3584 , 6882 , 3567 , 2269 , 6056 , 3528 , 1677 , 1671 , 0 , 1077 , 396 , 1296 , 4773 , 4102 , 3304 , 1979 , 3433 , 1722 , 1344 , 4370 , 4209 , 3370 , 2174 , 3658 , 3948 , 1494 , 3658 , 1668 , 3054 , 2666 , 2760 , 741 , 4196 , 2666 , 2895 , 2672 , 3946 , 4071 , 3367 , 2205 , 3826 , 1709 , 1961 , 3720 , 1639 , 3611 , 3647 , 3951 , 2621 , 2264 , 1881 , 3663 , 3360 , 2139 , 2828 , 2236 , 2129 , 4014 , 3634 , 2145 , 4536 , 1356 , 2164 , 2508 , 3591
RegressionTest0::test15 , 4235 , 4221 , 3723 , 4353 , 3649 , 4247 , 6568 , 3176 , 2233 , 5840 , 3309 , 2251 , 1643 , 1077 , 0 , 1151 , 1462 , 5401 , 3394 , 3901 , 2218 , 3243 , 2347 , 1444 , 3864 , 4222 , 2869 , 2664 , 4360 , 3237 , 1290 , 4360 , 871 , 3137 , 2546 , 2875 , 1429 , 3670 , 3230 , 2631 , 2577 , 3499 , 3735 , 3067 , 2841 , 4529 , 922 , 2613 , 3411 , 2241 , 4312 , 3537 , 3195 , 2246 , 2337 , 2049 , 2983 , 2939 , 2498 , 3285 , 2872 , 2306 , 4640 , 4257 , 2648 , 4491 , 1448 , 2808 , 2130 , 4213
RegressionTest0::test16 , 3379 , 3364 , 2913 , 3474 , 2882 , 3403 , 7100 , 3612 , 2245 , 6271 , 3690 , 1699 , 1598 , 396 , 1151 , 0 , 1472 , 4472 , 4230 , 3003 , 1958 , 3650 , 1528 , 1433 , 4591 , 4306 , 3364 , 1890 , 3514 , 4035 , 1378 , 3514 , 1768 , 3251 , 2754 , 2886 , 790 , 4331 , 2365 , 2924 , 2562 , 3973 , 4266 , 3335 , 1937 , 3648 , 1808 , 1645 , 3698 , 1764 , 3472 , 3762 , 4054 , 2515 , 2345 , 1810 , 3874 , 3354 , 1928 , 2543 , 1959 , 1980 , 3713 , 3335 , 1861 , 4749 , 1433 , 1922 , 2361 , 3289
RegressionTest0::test17 , 4325 , 4303 , 3798 , 4469 , 3700 , 4338 , 6616 , 3184 , 1927 , 5829 , 3037 , 1714 , 1875 , 1296 , 1462 , 1472 , 0 , 5548 , 3477 , 4039 , 2093 , 2890 , 2395 , 137 , 4059 , 4112 , 2848 , 3017 , 4443 , 3360 , 344 , 4443 , 1757 , 2966 , 2590 , 2646 , 1733 , 4091 , 3458 , 2899 , 2667 , 3671 , 3659 , 3338 , 2875 , 4607 , 1754 , 2872 , 3469 , 2158 , 4393 , 3452 , 3332 , 2660 , 2323 , 2212 , 3317 , 3211 , 2460 , 3623 , 2905 , 2676 , 4789 , 4445 , 3080 , 4173 , 141 , 2740 , 2507 , 4411
RegressionTest0::test18 , 1646 , 1680 , 2639 , 1425 , 2888 , 1673 , 10816 , 7396 , 5767 , 9922 , 7495 , 4405 , 4872 , 4773 , 5401 , 4472 , 5548 , 0 , 8558 , 1560 , 5439 , 7675 , 3522 , 5504 , 8639 , 7168 , 7604 , 2878 , 1604 , 8346 , 5460 , 1604 , 6085 , 7076 , 5736 , 6415 , 4546 , 8380 , 2224 , 6457 , 6376 , 8117 , 8385 , 7222 , 2730 , 1171 , 6137 , 3323 , 7337 , 6231 , 1721 , 7543 , 8373 , 5926 , 6206 , 5000 , 8202 , 7284 , 5012 , 2267 , 2744 , 3912 , 764 , 1149 , 2996 , 7781 , 5502 , 2850 , 5789 , 1214
RegressionTest0::test19 , 7229 , 7213 , 6597 , 7411 , 6490 , 7274 , 6123 , 3782 , 3998 , 5355 , 3709 , 4776 , 4101 , 4102 , 3394 , 4230 , 3477 , 8558 , 0 , 7039 , 4274 , 3201 , 5364 , 3519 , 3337 , 5230 , 2869 , 5776 , 7373 , 349 , 3534 , 7375 , 2994 , 3707 , 4496 , 4304 , 4330 , 3298 , 6343 , 3853 , 3726 , 3205 , 3481 , 3236 , 5929 , 7594 , 2998 , 5477 , 4144 , 3371 , 7322 , 3592 , 267 , 4023 , 3760 , 3955 , 2860 , 3249 , 4344 , 6402 , 5944 , 5095 , 7797 , 7414 , 5682 , 4943 , 3514 , 5794 , 4052 , 7360
RegressionTest0::test20 , 1074 , 1090 , 1630 , 1066 , 1794 , 1131 , 9318 , 5951 , 4347 , 8422 , 6046 , 2891 , 3372 , 3304 , 3901 , 3003 , 4039 , 1560 , 7039 , 0 , 4024 , 6138 , 2120 , 3993 , 7116 , 5716 , 6100 , 1474 , 1141 , 6825 , 3947 , 1143 , 4585 , 5551 , 4262 , 4992 , 3089 , 6859 , 965 , 4950 , 4844 , 6583 , 6849 , 5705 , 1292 , 1027 , 4636 , 1898 , 5829 , 4707 , 1157 , 6038 , 6855 , 4419 , 4692 , 3503 , 6702 , 5746 , 3523 , 1050 , 1320 , 2467 , 827 , 666 , 1583 , 6404 , 3994 , 1456 , 4282 , 670
RegressionTest0::test21 , 4209 , 4204 , 3690 , 4351 , 3617 , 4229 , 7061 , 3497 , 2128 , 6123 , 2924 , 2655 , 2623 , 1979 , 2218 , 1958 , 2093 , 5439 , 4274 , 4024 , 0 , 3949 , 2204 , 2084 , 4643 , 3978 , 3152 , 3046 , 4266 , 4108 , 2151 , 4268 , 2327 , 3511 , 1943 , 2128 , 1924 , 4473 , 3454 , 3064 , 3157 , 4394 , 4450 , 3657 , 2908 , 4522 , 2370 , 3089 , 3902 , 2830 , 4221 , 3944 , 4081 , 2984 , 3052 , 2646 , 4035 , 3725 , 2541 , 3621 , 2934 , 2803 , 4685 , 4345 , 3200 , 4763 , 2086 , 2691 , 2879 , 4323
RegressionTest0::test22 , 6329 , 6311 , 5712 , 6465 , 5569 , 6322 , 5602 , 4020 , 3958 , 5326 , 3793 , 3730 , 3101 , 3433 , 3243 , 3650 , 2890 , 7675 , 3201 , 6138 , 3949 , 0 , 4627 , 2947 , 3534 , 4513 , 3042 , 4993 , 6374 , 3205 , 2987 , 6374 , 3052 , 1162 , 4019 , 4032 , 3704 , 3526 , 5524 , 1785 , 1459 , 1327 , 1176 , 2562 , 5016 , 6655 , 3053 , 4657 , 3723 , 3030 , 6289 , 1453 , 3140 , 2291 , 3066 , 3400 , 3377 , 919 , 3092 , 5532 , 5014 , 4349 , 6915 , 6542 , 4898 , 4627 , 2955 , 4958 , 2159 , 6500
RegressionTest0::test23 , 2482 , 2475 , 2114 , 2556 , 2134 , 2482 , 7833 , 4109 , 2515 , 6955 , 4161 , 1760 , 2280 , 1722 , 2347 , 1528 , 2395 , 3522 , 5364 , 2120 , 2204 , 4627 , 0 , 2381 , 5533 , 4514 , 4415 , 1528 , 2564 , 5174 , 2364 , 2566 , 2964 , 4129 , 2523 , 3155 , 1436 , 5324 , 1629 , 3463 , 3644 , 5129 , 5260 , 4335 , 1121 , 2654 , 3029 , 1856 , 4344 , 3138 , 2538 , 4417 , 5186 , 3273 , 3389 , 2281 , 4868 , 4387 , 2438 , 1935 , 1155 , 1819 , 2765 , 2455 , 1735 , 5054 , 2381 , 1103 , 3151 , 2437
RegressionTest0::test24 , 4286 , 4284 , 3773 , 4429 , 3671 , 4312 , 6682 , 3161 , 1881 , 5892 , 3035 , 1719 , 1847 , 1344 , 1444 , 1433 , 137 , 5504 , 3519 , 3993 , 2084 , 2947 , 2381 , 0 , 4164 , 4153 , 2882 , 2969 , 4418 , 3365 , 340 , 4420 , 1775 , 2996 , 2560 , 2627 , 1717 , 4097 , 3414 , 2888 , 2662 , 3681 , 3719 , 3343 , 2831 , 4588 , 1780 , 2826 , 3461 , 2180 , 4380 , 3473 , 3343 , 2645 , 2307 , 2206 , 3359 , 3178 , 2430 , 3575 , 2860 , 2678 , 4745 , 4398 , 3035 , 4230 , 42 , 2697 , 2508 , 4366
RegressionTest0::test25 , 7263 , 7246 , 6579 , 7441 , 6487 , 7283 , 6029 , 4461 , 4707 , 5603 , 4678 , 4811 , 4220 , 4370 , 3864 , 4591 , 4059 , 8639 , 3337 , 7116 , 4643 , 3534 , 5533 , 4164 , 0 , 5058 , 3997 , 5882 , 7335 , 3310 , 4204 , 7337 , 3577 , 3415 , 4319 , 4777 , 4545 , 384 , 6469 , 2916 , 3344 , 3599 , 3737 , 1789 , 6061 , 7627 , 3614 , 5590 , 3961 , 3478 , 7255 , 3905 , 3323 , 2758 , 3220 , 4221 , 3694 , 3374 , 3837 , 6478 , 6064 , 5057 , 7883 , 7498 , 5778 , 5226 , 4171 , 5996 , 2858 , 7455
RegressionTest0::test26 , 5643 , 5642 , 4756 , 5862 , 4533 , 5677 , 5306 , 4122 , 3969 , 4390 , 3692 , 4268 , 4059 , 4209 , 4222 , 4306 , 4112 , 7168 , 5230 , 5716 , 3978 , 4513 , 4514 , 4153 , 5058 , 0 , 4315 , 5000 , 5654 , 5150 , 4189 , 5656 , 4276 , 4205 , 4120 , 4045 , 4308 , 4891 , 5358 , 4063 , 4180 , 4955 , 5001 , 4564 , 4955 , 6020 , 4276 , 4800 , 4425 , 4285 , 5560 , 4558 , 5157 , 4028 , 4090 , 4113 , 4857 , 4477 , 4128 , 5347 , 4938 , 4522 , 6426 , 6062 , 4851 , 4270 , 4161 , 4933 , 4020 , 6055
RegressionTest0::test27 , 6328 , 6313 , 5645 , 6476 , 5564 , 6336 , 5524 , 3628 , 3333 , 5602 , 2203 , 4152 , 3417 , 3370 , 2869 , 3364 , 2848 , 7604 , 2869 , 6100 , 3152 , 3042 , 4415 , 2882 , 3997 , 4315 , 0 , 4874 , 6420 , 2914 , 2805 , 6422 , 2686 , 3146 , 3288 , 2451 , 3562 , 3857 , 5445 , 3369 , 3047 , 3347 , 3457 , 3663 , 5004 , 6655 , 2664 , 4706 , 3985 , 3288 , 6366 , 3474 , 2817 , 3327 , 3636 , 3568 , 3413 , 2713 , 3771 , 5466 , 5039 , 4411 , 6844 , 6460 , 4878 , 4768 , 2879 , 4845 , 3183 , 6414
RegressionTest0::test28 , 1988 , 1983 , 1877 , 2014 , 1969 , 1987 , 8132 , 4939 , 3343 , 7314 , 4990 , 2128 , 2309 , 2174 , 2664 , 1890 , 3017 , 2878 , 5776 , 1474 , 3046 , 4993 , 1528 , 2969 , 5882 , 5000 , 4874 , 0 , 2020 , 5544 , 2923 , 2022 , 3346 , 4441 , 3397 , 3971 , 1780 , 5627 , 1004 , 3788 , 3752 , 5378 , 5665 , 4522 , 860 , 2148 , 3353 , 1060 , 4649 , 3552 , 1994 , 4918 , 5598 , 3248 , 3496 , 2411 , 5459 , 4568 , 2636 , 916 , 847 , 1692 , 2122 , 1739 , 685 , 5577 , 2971 , 894 , 3147 , 1707
RegressionTest0::test29 , 1035 , 1046 , 1648 , 806 , 1789 , 902 , 9225 , 6164 , 4615 , 8556 , 6238 , 3332 , 3855 , 3658 , 4360 , 3514 , 4443 , 1604 , 7373 , 1141 , 4266 , 6374 , 2564 , 4418 , 7335 , 5654 , 6420 , 2020 , 0 , 7139 , 4463 , 4 , 5009 , 5790 , 4545 , 5237 , 3461 , 7127 , 1546 , 5225 , 5219 , 6891 , 7093 , 5999 , 1948 , 642 , 5028 , 2431 , 6123 , 5146 , 122 , 6260 , 7196 , 4754 , 5037 , 3975 , 6959 , 6078 , 3898 , 1577 , 1957 , 2868 , 1124 , 1072 , 2135 , 6453 , 4418 , 2067 , 4651 , 1082
RegressionTest0::test30 , 7040 , 7025 , 6424 , 7217 , 6320 , 7078 , 6089 , 3654 , 3804 , 5307 , 3698 , 4591 , 3905 , 3948 , 3237 , 4035 , 3360 , 8346 , 349 , 6825 , 4108 , 3205 , 5174 , 3365 , 3310 , 5150 , 2914 , 5544 , 7139 , 0 , 3364 , 7137 , 2897 , 3684 , 4339 , 4209 , 4167 , 3199 , 6132 , 3687 , 3672 , 3228 , 3583 , 3149 , 5740 , 7389 , 2831 , 5275 , 3984 , 3196 , 7082 , 3636 , 193 , 3808 , 3542 , 3812 , 2949 , 3212 , 4162 , 6190 , 5748 , 4900 , 7585 , 7202 , 5470 , 4970 , 3364 , 5575 , 3848 , 7146
RegressionTest0::test31 , 4270 , 4258 , 3762 , 4448 , 3702 , 4322 , 6686 , 3163 , 1942 , 5900 , 3227 , 1711 , 1766 , 1494 , 1290 , 1378 , 344 , 5460 , 3534 , 3947 , 2151 , 2987 , 2364 , 340 , 4204 , 4189 , 2805 , 2923 , 4463 , 3364 , 0 , 4461 , 1690 , 3024 , 2565 , 2840 , 1695 , 4008 , 3364 , 2866 , 2515 , 3565 , 3713 , 3242 , 2784 , 4596 , 1711 , 2785 , 3408 , 1956 , 4419 , 3552 , 3419 , 2536 , 2249 , 2101 , 3386 , 3113 , 2412 , 3535 , 2814 , 2644 , 4701 , 4356 , 2973 , 4287 , 339 , 2653 , 2354 , 4323
RegressionTest0::test32 , 1035 , 1044 , 1648 , 806 , 1789 , 902 , 9225 , 6164 , 4617 , 8556 , 6238 , 3330 , 3855 , 3658 , 4360 , 3514 , 4443 , 1604 , 7375 , 1143 , 4268 , 6374 , 2566 , 4420 , 7337 , 5656 , 6422 , 2022 , 4 , 7137 , 4461 , 0 , 5007 , 5788 , 4543 , 5235 , 3459 , 7125 , 1546 , 5225 , 5219 , 6889 , 7093 , 5999 , 1948 , 642 , 5028 , 2431 , 6125 , 5146 , 122 , 6258 , 7196 , 4754 , 5037 , 3975 , 6959 , 6078 , 3900 , 1577 , 1957 , 2866 , 1124 , 1072 , 2135 , 6453 , 4418 , 2067 , 4653 , 1082
RegressionTest0::test33 , 4871 , 4858 , 4306 , 5007 , 4237 , 4897 , 6319 , 3161 , 2389 , 5558 , 3074 , 2709 , 2067 , 1668 , 871 , 1768 , 1757 , 6085 , 2994 , 4585 , 2327 , 3052 , 2964 , 1775 , 3577 , 4276 , 2686 , 3346 , 5009 , 2897 , 1690 , 5007 , 0 , 2921 , 2808 , 2944 , 1901 , 3400 , 3920 , 2560 , 2429 , 3168 , 3306 , 2970 , 3508 , 5193 , 212 , 3192 , 3402 , 2137 , 4961 , 3348 , 2818 , 2597 , 2485 , 2045 , 2382 , 2980 , 2608 , 3972 , 3535 , 2945 , 5326 , 4947 , 3303 , 4468 , 1781 , 3438 , 2485 , 4900
RegressionTest0::test34 , 5751 , 5745 , 5139 , 5863 , 4988 , 5738 , 5790 , 4047 , 3554 , 5306 , 3645 , 3586 , 2755 , 3054 , 3137 , 3251 , 2966 , 7076 , 3707 , 5551 , 3511 , 1162 , 4129 , 2996 , 3415 , 4205 , 3146 , 4441 , 5790 , 3684 , 3024 , 5788 , 2921 , 0 , 3698 , 3767 , 3319 , 3200 , 4947 , 1214 , 868 , 1881 , 1868 , 2182 , 4546 , 6068 , 2910 , 4163 , 3689 , 3008 , 5710 , 1582 , 3634 , 1701 , 2692 , 3098 , 3689 , 909 , 2512 , 4962 , 4558 , 3805 , 6321 , 5941 , 4316 , 4597 , 3005 , 4537 , 1566 , 5902
RegressionTest0::test35 , 4458 , 4446 , 3945 , 4642 , 3932 , 4539 , 6816 , 3868 , 2998 , 6011 , 3447 , 2337 , 2772 , 2666 , 2546 , 2754 , 2590 , 5736 , 4496 , 4262 , 1943 , 4019 , 2523 , 2560 , 4319 , 4120 , 3288 , 3397 , 4545 , 4339 , 2565 , 4543 , 2808 , 3698 , 0 , 2408 , 2529 , 4122 , 3682 , 3164 , 3441 , 4185 , 4317 , 3431 , 3118 , 4786 , 2813 , 3396 , 3778 , 2249 , 4472 , 3779 , 4385 , 3081 , 2990 , 2752 , 3929 , 3795 , 2953 , 3821 , 3108 , 3014 , 4980 , 4626 , 3399 , 4591 , 2555 , 2981 , 3106 , 4626
RegressionTest0::test36 , 5188 , 5179 , 4515 , 5300 , 4426 , 5168 , 6599 , 3706 , 2490 , 6072 , 2002 , 3520 , 3479 , 2760 , 2875 , 2886 , 2646 , 6415 , 4304 , 4992 , 2128 , 4032 , 3155 , 2627 , 4777 , 4045 , 2451 , 3971 , 5237 , 4209 , 2840 , 5235 , 2944 , 3767 , 2408 , 0 , 2757 , 4564 , 4409 , 3291 , 3489 , 4373 , 4353 , 3859 , 3869 , 5473 , 2969 , 4027 , 3976 , 3198 , 5183 , 3675 , 4176 , 3354 , 3549 , 3442 , 3844 , 3903 , 3280 , 4527 , 3892 , 3634 , 5660 , 5319 , 4084 , 4649 , 2622 , 3668 , 3244 , 5295
RegressionTest0::test37 , 3413 , 3399 , 2910 , 3497 , 2845 , 3414 , 7058 , 3444 , 2310 , 6236 , 3627 , 1512 , 1735 , 741 , 1429 , 790 , 1733 , 4546 , 4330 , 3089 , 1924 , 3704 , 1436 , 1717 , 4545 , 4308 , 3562 , 1780 , 3461 , 4167 , 1695 , 3459 , 1901 , 3319 , 2529 , 2757 , 0 , 4330 , 2405 , 2831 , 2766 , 4099 , 4188 , 3382 , 2000 , 3618 , 1962 , 1984 , 3745 , 2076 , 3416 , 3815 , 4158 , 2571 , 2384 , 1770 , 3877 , 3472 , 2122 , 2481 , 2025 , 1733 , 3786 , 3403 , 1756 , 4723 , 1716 , 1939 , 2429 , 3368
RegressionTest0::test38 , 7037 , 7023 , 6365 , 7229 , 6276 , 7100 , 6093 , 4418 , 4577 , 5587 , 4607 , 4591 , 3964 , 4196 , 3670 , 4331 , 4091 , 8380 , 3298 , 6859 , 4473 , 3526 , 5324 , 4097 , 384 , 4891 , 3857 , 5627 , 7127 , 3199 , 4008 , 7125 , 3400 , 3200 , 4122 , 4564 , 4330 , 0 , 6208 , 2685 , 3094 , 3488 , 3819 , 1587 , 5805 , 7399 , 3392 , 5336 , 3939 , 3324 , 7052 , 3825 , 3232 , 2499 , 3176 , 3976 , 3732 , 3269 , 3585 , 6214 , 5808 , 4842 , 7624 , 7240 , 5522 , 5167 , 4095 , 5742 , 2598 , 7196
RegressionTest0::test39 , 1447 , 1449 , 1580 , 1507 , 1735 , 1471 , 8706 , 5392 , 3791 , 7889 , 5475 , 2367 , 2722 , 2666 , 3230 , 2365 , 3458 , 2224 , 6343 , 965 , 3454 , 5524 , 1629 , 3414 , 6469 , 5358 , 5445 , 1004 , 1546 , 6132 , 3364 , 1546 , 3920 , 4947 , 3682 , 4409 , 2405 , 6208 , 0 , 4322 , 4268 , 5964 , 6235 , 5063 , 935 , 1566 , 3977 , 1421 , 5240 , 4098 , 1546 , 5421 , 6161 , 3803 , 4086 , 2870 , 6043 , 5134 , 2877 , 794 , 947 , 1853 , 1465 , 1113 , 1091 , 5915 , 3412 , 996 , 3671 , 1099
RegressionTest0::test40 , 5139 , 5124 , 4581 , 5303 , 4482 , 5173 , 6159 , 3875 , 3060 , 5337 , 3484 , 3282 , 2531 , 2895 , 2631 , 2924 , 2899 , 6457 , 3853 , 4950 , 3064 , 1785 , 3463 , 2888 , 2916 , 4063 , 3369 , 3788 , 5225 , 3687 , 2866 , 5225 , 2560 , 1214 , 3164 , 3291 , 2831 , 2685 , 4322 , 0 , 874 , 2381 , 2450 , 1618 , 3954 , 5481 , 2503 , 3608 , 3561 , 2942 , 5156 , 1903 , 3695 , 850 , 2487 , 2734 , 3679 , 1485 , 1866 , 4356 , 3969 , 3056 , 5705 , 5327 , 3695 , 4587 , 2886 , 3943 , 825 , 5287
RegressionTest0::test41 , 5118 , 5101 , 4572 , 5262 , 4490 , 5138 , 6118 , 3957 , 3263 , 5494 , 3587 , 3004 , 2110 , 2672 , 2577 , 2562 , 2667 , 6376 , 3726 , 4844 , 3157 , 1459 , 3644 , 2662 , 3344 , 4180 , 3047 , 3752 , 5219 , 3672 , 2515 , 5219 , 2429 , 868 , 3441 , 3489 , 2766 , 3094 , 4268 , 874 , 0 , 2029 , 2211 , 1991 , 3863 , 5452 , 2372 , 3442 , 3512 , 2407 , 5138 , 1671 , 3627 , 1023 , 2316 , 2528 , 3803 , 1010 , 1866 , 4266 , 3875 , 3213 , 5617 , 5243 , 3640 , 4631 , 2665 , 3864 , 894 , 5201
RegressionTest0::test42 , 6789 , 6770 , 6154 , 6957 , 6031 , 6798 , 5335 , 4282 , 4417 , 5451 , 4184 , 4307 , 3600 , 3946 , 3499 , 3973 , 3671 , 8117 , 3205 , 6583 , 4394 , 1327 , 5129 , 3681 , 3599 , 4955 , 3347 , 5378 , 6891 , 3228 , 3565 , 6889 , 3168 , 1881 , 4185 , 4373 , 4099 , 3488 , 5964 , 2381 , 2029 , 0 , 1322 , 3107 , 5502 , 7140 , 3130 , 5092 , 3975 , 2965 , 6810 , 1740 , 3171 , 2753 , 3388 , 3586 , 3827 , 1449 , 3501 , 5904 , 5513 , 4747 , 7357 , 6975 , 5265 , 4925 , 3678 , 5453 , 2632 , 6941
RegressionTest0::test43 , 7007 , 6989 , 6353 , 7194 , 6225 , 7042 , 5798 , 4339 , 4451 , 5418 , 4076 , 4399 , 3850 , 4071 , 3735 , 4266 , 3659 , 8385 , 3481 , 6849 , 4450 , 1176 , 5260 , 3719 , 3737 , 5001 , 3457 , 5665 , 7093 , 3583 , 3713 , 7093 , 3306 , 1868 , 4317 , 4353 , 4188 , 3819 , 6235 , 2450 , 2211 , 1322 , 0 , 3089 , 5786 , 7385 , 3274 , 5387 , 4019 , 3235 , 7003 , 1902 , 3494 , 2998 , 3377 , 3984 , 3561 , 1426 , 3793 , 6181 , 5800 , 4930 , 7623 , 7244 , 5578 , 5081 , 3723 , 5740 , 2860 , 7194
RegressionTest0::test44 , 5901 , 5886 , 5298 , 6101 , 5231 , 5965 , 6231 , 4190 , 3846 , 5379 , 4275 , 3292 , 3224 , 3367 , 3067 , 3335 , 3338 , 7222 , 3236 , 5705 , 3657 , 2562 , 4335 , 3343 , 1789 , 4564 , 3663 , 4522 , 5999 , 3149 , 3242 , 5999 , 2970 , 2182 , 3431 , 3859 , 3382 , 1587 , 5063 , 1618 , 1991 , 3107 , 3089 , 0 , 4670 , 6272 , 3012 , 4285 , 4060 , 2949 , 5922 , 2747 , 3087 , 1372 , 3104 , 3202 , 3531 , 2266 , 2496 , 5086 , 4672 , 3767 , 6467 , 6081 , 4382 , 4744 , 3357 , 4623 , 1448 , 6040
RegressionTest0::test45 , 1800 , 1796 , 1691 , 1933 , 1785 , 1878 , 8289 , 4884 , 3231 , 7508 , 4932 , 1730 , 2323 , 2205 , 2841 , 1937 , 2875 , 2730 , 5929 , 1292 , 2908 , 5016 , 1121 , 2831 , 6061 , 4955 , 5004 , 860 , 1948 , 5740 , 2784 , 1948 , 3508 , 4546 , 3118 , 3869 , 2000 , 5805 , 935 , 3954 , 3863 , 5502 , 5786 , 4670 , 0 , 2024 , 3547 , 1251 , 4881 , 3573 , 1925 , 5050 , 5747 , 3436 , 3663 , 2622 , 5613 , 4730 , 2629 , 1196 , 116 , 1830 , 1971 , 1661 , 1081 , 5598 , 2829 , 314 , 3285 , 1640
RegressionTest0::test46 , 855 , 888 , 1684 , 648 , 1894 , 791 , 9674 , 6394 , 4810 , 8829 , 6501 , 3505 , 4014 , 3826 , 4529 , 3648 , 4607 , 1171 , 7594 , 1027 , 4522 , 6655 , 2654 , 4588 , 7627 , 6020 , 6655 , 2148 , 642 , 7389 , 4596 , 642 , 5193 , 6068 , 4786 , 5473 , 3618 , 7399 , 1566 , 5481 , 5452 , 7140 , 7385 , 6272 , 2024 , 0 , 5243 , 2567 , 6354 , 5328 , 750 , 6538 , 7414 , 5012 , 5275 , 4134 , 7194 , 6327 , 4127 , 1595 , 2044 , 3024 , 737 , 756 , 2257 , 6686 , 4586 , 2101 , 4876 , 828
RegressionTest0::test47 , 4932 , 4917 , 4381 , 5058 , 4308 , 4953 , 6309 , 3221 , 2413 , 5543 , 3117 , 2765 , 2258 , 1709 , 922 , 1808 , 1754 , 6137 , 2998 , 4636 , 2370 , 3053 , 3029 , 1780 , 3614 , 4276 , 2664 , 3353 , 5028 , 2831 , 1711 , 5028 , 212 , 2910 , 2813 , 2969 , 1962 , 3392 , 3977 , 2503 , 2372 , 3130 , 3274 , 3012 , 3547 , 5243 , 0 , 3237 , 3445 , 2128 , 4978 , 3410 , 2840 , 2512 , 2500 , 2169 , 2424 , 2956 , 2564 , 4025 , 3570 , 2986 , 5380 , 5001 , 3384 , 4468 , 1783 , 3499 , 2440 , 4955
RegressionTest0::test48 , 2409 , 2405 , 2157 , 2425 , 2189 , 2375 , 7902 , 4921 , 3448 , 7025 , 4958 , 2191 , 2145 , 1961 , 2613 , 1645 , 2872 , 3323 , 5477 , 1898 , 3089 , 4657 , 1856 , 2826 , 5590 , 4800 , 4706 , 1060 , 2431 , 5275 , 2785 , 2431 , 3192 , 4163 , 3396 , 4027 , 1984 , 5336 , 1421 , 3608 , 3442 , 5092 , 5387 , 4285 , 1251 , 2567 , 3237 , 0 , 4616 , 3213 , 2402 , 4644 , 5296 , 3087 , 2889 , 2245 , 5212 , 4287 , 2553 , 1437 , 1205 , 1684 , 2564 , 2189 , 905 , 5453 , 2828 , 1254 , 2981 , 2169
RegressionTest0::test49 , 6047 , 6029 , 5315 , 6181 , 5221 , 6049 , 6683 , 3122 , 3013 , 4912 , 3639 , 4003 , 3544 , 3720 , 3411 , 3698 , 3469 , 7337 , 4144 , 5829 , 3902 , 3723 , 4344 , 3461 , 3961 , 4425 , 3985 , 4649 , 6123 , 3984 , 3408 , 6125 , 3402 , 3689 , 3778 , 3976 , 3745 , 3939 , 5240 , 3561 , 3512 , 3975 , 4019 , 4060 , 4881 , 6354 , 3445 , 4616 , 0 , 3359 , 6046 , 3670 , 3988 , 3794 , 3126 , 3540 , 3959 , 3727 , 3804 , 5264 , 4874 , 4189 , 6582 , 6195 , 4701 , 4381 , 3460 , 4836 , 3718 , 6160
RegressionTest0::test50 , 5005 , 4993 , 4435 , 5164 , 4373 , 5062 , 6459 , 3539 , 3081 , 5672 , 3892 , 2563 , 2303 , 1639 , 2241 , 1764 , 2158 , 6231 , 3371 , 4707 , 2830 , 3030 , 3138 , 2180 , 3478 , 4285 , 3288 , 3552 , 5146 , 3196 , 1956 , 5146 , 2137 , 3008 , 2249 , 3198 , 2076 , 3324 , 4098 , 2942 , 2407 , 2965 , 3235 , 2949 , 3573 , 5328 , 2128 , 3213 , 3359 , 0 , 5074 , 3362 , 3201 , 2853 , 2150 , 2291 , 3437 , 2998 , 2621 , 4178 , 3586 , 3217 , 5471 , 5093 , 3527 , 4334 , 2180 , 3529 , 2768 , 5045
RegressionTest0::test51 , 1075 , 1088 , 1676 , 913 , 1816 , 1007 , 9113 , 6111 , 4570 , 8460 , 6178 , 3260 , 3793 , 3611 , 4312 , 3472 , 4393 , 1721 , 7322 , 1157 , 4221 , 6289 , 2538 , 4380 , 7255 , 5560 , 6366 , 1994 , 122 , 7082 , 4419 , 122 , 4961 , 5710 , 4472 , 5183 , 3416 , 7052 , 1546 , 5156 , 5138 , 6810 , 7003 , 5922 , 1925 , 750 , 4978 , 2402 , 6046 , 5074 , 0 , 6176 , 7144 , 4679 , 4966 , 3931 , 6887 , 5993 , 3843 , 1589 , 1898 , 2823 , 1229 , 1155 , 2093 , 6381 , 4378 , 2042 , 4577 , 1154
RegressionTest0::test52 , 6189 , 6171 , 5572 , 6367 , 5462 , 6219 , 5817 , 3145 , 3331 , 5449 , 3123 , 4033 , 3316 , 3647 , 3537 , 3762 , 3452 , 7543 , 3592 , 6038 , 3944 , 1453 , 4417 , 3473 , 3905 , 4558 , 3474 , 4918 , 6260 , 3636 , 3552 , 6258 , 3348 , 1582 , 3779 , 3675 , 3815 , 3825 , 5421 , 1903 , 1671 , 1740 , 1902 , 2747 , 5050 , 6538 , 3410 , 4644 , 3670 , 3362 , 6176 , 0 , 3585 , 2296 , 3261 , 3612 , 2784 , 1539 , 3020 , 5440 , 5057 , 4246 , 6788 , 6409 , 4796 , 4135 , 3475 , 5028 , 2157 , 6373
RegressionTest0::test53 , 7064 , 7048 , 6438 , 7243 , 6336 , 7104 , 6134 , 3604 , 3819 , 5324 , 3600 , 4609 , 3929 , 3951 , 3195 , 4054 , 3332 , 8373 , 267 , 6855 , 4081 , 3140 , 5186 , 3343 , 3323 , 5157 , 2817 , 5598 , 7196 , 193 , 3419 , 7196 , 2818 , 3634 , 4385 , 4176 , 4158 , 3232 , 6161 , 3695 , 3627 , 3171 , 3494 , 3087 , 5747 , 7414 , 2840 , 5296 , 3988 , 3201 , 7144 , 3585 , 0 , 3842 , 3579 , 3837 , 2806 , 3130 , 4174 , 6217 , 5770 , 4920 , 7611 , 7229 , 5497 , 4949 , 3343 , 5601 , 3875 , 7176
RegressionTest0::test54 , 4664 , 4656 , 4138 , 4842 , 4069 , 4720 , 6412 , 4150 , 3145 , 5554 , 3812 , 2967 , 1992 , 2621 , 2246 , 2515 , 2660 , 5926 , 4023 , 4419 , 2984 , 2291 , 3273 , 2645 , 2758 , 4028 , 3327 , 3248 , 4754 , 3808 , 2536 , 4754 , 2597 , 1701 , 3081 , 3354 , 2571 , 2499 , 3803 , 850 , 1023 , 2753 , 2998 , 1372 , 3436 , 5012 , 2512 , 3087 , 3794 , 2853 , 4679 , 2296 , 3842 , 0 , 2449 , 2296 , 4035 , 1820 , 1358 , 3829 , 3422 , 2715 , 5174 , 4791 , 3144 , 4831 , 2648 , 3426 , 208 , 4751
RegressionTest0::test55 , 4960 , 4946 , 4403 , 5095 , 4316 , 4982 , 6562 , 4004 , 3162 , 5573 , 3880 , 2676 , 1980 , 2264 , 2337 , 2345 , 2323 , 6206 , 3760 , 4692 , 3052 , 3066 , 3389 , 2307 , 3220 , 4090 , 3636 , 3496 , 5037 , 3542 , 2249 , 5037 , 2485 , 2692 , 2990 , 3549 , 2384 , 3176 , 4086 , 2487 , 2316 , 3388 , 3377 , 3104 , 3663 , 5275 , 2500 , 2889 , 3126 , 2150 , 4966 , 3261 , 3579 , 2449 , 0 , 2154 , 3793 , 2852 , 2704 , 4115 , 3670 , 2877 , 5446 , 5071 , 3387 , 4708 , 2311 , 3607 , 2454 , 5037
RegressionTest0::test56 , 3850 , 3840 , 3351 , 3990 , 3292 , 3870 , 6711 , 3945 , 2815 , 5919 , 4088 , 2145 , 1464 , 1881 , 2049 , 1810 , 2212 , 5000 , 3955 , 3503 , 2646 , 3400 , 2281 , 2206 , 4221 , 4113 , 3568 , 2411 , 3975 , 3812 , 2101 , 3975 , 2045 , 3098 , 2752 , 3442 , 1770 , 3976 , 2870 , 2734 , 2528 , 3586 , 3984 , 3202 , 2622 , 4134 , 2169 , 2245 , 3540 , 2291 , 3931 , 3612 , 3837 , 2296 , 2154 , 0 , 3935 , 3085 , 1853 , 2951 , 2631 , 2172 , 4245 , 3874 , 2277 , 4642 , 2205 , 2560 , 2165 , 3828
RegressionTest0::test57 , 6876 , 6866 , 6225 , 7035 , 6097 , 6893 , 6044 , 2730 , 3152 , 5108 , 2861 , 4473 , 4070 , 3663 , 2983 , 3874 , 3317 , 8202 , 2860 , 6702 , 4035 , 3377 , 4868 , 3359 , 3694 , 4857 , 3413 , 5459 , 6959 , 2949 , 3386 , 6959 , 2382 , 3689 , 3929 , 3844 , 3877 , 3732 , 6043 , 3679 , 3803 , 3827 , 3561 , 3531 , 5613 , 7194 , 2424 , 5212 , 3959 , 3437 , 6887 , 2784 , 2806 , 4035 , 3793 , 3935 , 0 , 3700 , 4309 , 6074 , 5627 , 4800 , 7443 , 7064 , 5458 , 4279 , 3360 , 5528 , 4029 , 7018
RegressionTest0::test58 , 5989 , 5972 , 5385 , 6146 , 5278 , 6003 , 5736 , 4119 , 3708 , 5465 , 3691 , 3756 , 2874 , 3360 , 2939 , 3354 , 3211 , 7284 , 3249 , 5746 , 3725 , 919 , 4387 , 3178 , 3374 , 4477 , 2713 , 4568 , 6078 , 3212 , 3113 , 6078 , 2980 , 909 , 3795 , 3903 , 3472 , 3269 , 5134 , 1485 , 1010 , 1449 , 1426 , 2266 , 4730 , 6327 , 2956 , 4287 , 3727 , 2998 , 5993 , 1539 , 3130 , 1820 , 2852 , 3085 , 3700 , 0 , 2674 , 5085 , 4745 , 4007 , 6524 , 6143 , 4475 , 4761 , 3179 , 4706 , 1673 , 6086
RegressionTest0::test59 , 3792 , 3778 , 3315 , 3972 , 3270 , 3865 , 6915 , 4317 , 2981 , 6128 , 4084 , 2466 , 1977 , 2139 , 2498 , 1928 , 2460 , 5012 , 4344 , 3523 , 2541 , 3092 , 2438 , 2430 , 3837 , 4128 , 3771 , 2636 , 3898 , 4162 , 2412 , 3900 , 2608 , 2512 , 2953 , 3280 , 2122 , 3585 , 2877 , 1866 , 1866 , 3501 , 3793 , 2496 , 2629 , 4127 , 2564 , 2553 , 3804 , 2621 , 3843 , 3020 , 4174 , 1358 , 2704 , 1853 , 4309 , 2674 , 0 , 3035 , 2663 , 2346 , 4254 , 3872 , 2583 , 4877 , 2442 , 2637 , 1265 , 3831
RegressionTest0::test60 , 1553 , 1559 , 1719 , 1547 , 1838 , 1512 , 8724 , 5507 , 3954 , 7836 , 5566 , 2635 , 2875 , 2828 , 3285 , 2543 , 3623 , 2267 , 6402 , 1050 , 3621 , 5532 , 1935 , 3575 , 6478 , 5347 , 5466 , 916 , 1577 , 6190 , 3535 , 1577 , 3972 , 4962 , 3821 , 4527 , 2481 , 6214 , 794 , 4356 , 4266 , 5904 , 6181 , 5086 , 1196 , 1595 , 4025 , 1437 , 5264 , 4178 , 1589 , 5440 , 6217 , 3829 , 4115 , 2951 , 6074 , 5085 , 3035 , 0 , 1212 , 1881 , 1514 , 1125 , 1035 , 5980 , 3577 , 1249 , 3691 , 1110
RegressionTest0::test61 , 1826 , 1823 , 1734 , 1941 , 1792 , 1887 , 8279 , 4911 , 3250 , 7492 , 4956 , 1740 , 2345 , 2236 , 2872 , 1959 , 2905 , 2744 , 5944 , 1320 , 2934 , 5014 , 1155 , 2860 , 6064 , 4938 , 5039 , 847 , 1957 , 5748 , 2814 , 1957 , 3535 , 4558 , 3108 , 3892 , 2025 , 5808 , 947 , 3969 , 3875 , 5513 , 5800 , 4672 , 116 , 2044 , 3570 , 1205 , 4874 , 3586 , 1898 , 5057 , 5770 , 3422 , 3670 , 2631 , 5627 , 4745 , 2663 , 1212 , 0 , 1853 , 1983 , 1673 , 1127 , 5600 , 2857 , 330 , 3316 , 1654
RegressionTest0::test62 , 2849 , 2845 , 2477 , 2940 , 2474 , 2852 , 7516 , 4514 , 3042 , 6719 , 4609 , 2115 , 2185 , 2129 , 2306 , 1980 , 2676 , 3912 , 5095 , 2467 , 2803 , 4349 , 1819 , 2678 , 5057 , 4522 , 4411 , 1692 , 2868 , 4900 , 2644 , 2866 , 2945 , 3805 , 3014 , 3634 , 1733 , 4842 , 1853 , 3056 , 3213 , 4747 , 4930 , 3767 , 1830 , 3024 , 2986 , 1684 , 4189 , 3217 , 2823 , 4246 , 4920 , 2715 , 2877 , 2172 , 4800 , 4007 , 2346 , 1881 , 1853 , 0 , 3163 , 2785 , 1577 , 5159 , 2674 , 1761 , 2600 , 2760
RegressionTest0::test63 , 1127 , 1153 , 1979 , 946 , 2223 , 1170 , 10064 , 6638 , 5011 , 9169 , 6738 , 3646 , 4110 , 4014 , 4640 , 3713 , 4789 , 764 , 7797 , 827 , 4685 , 6915 , 2765 , 4745 , 7883 , 6426 , 6844 , 2122 , 1124 , 7585 , 4701 , 1124 , 5326 , 6321 , 4980 , 5660 , 3786 , 7624 , 1465 , 5705 , 5617 , 7357 , 7623 , 6467 , 1971 , 737 , 5380 , 2564 , 6582 , 5471 , 1229 , 6788 , 7611 , 5174 , 5446 , 4245 , 7443 , 6524 , 4254 , 1514 , 1983 , 3163 , 0 , 400 , 2236 , 7053 , 4741 , 2089 , 5036 , 468
RegressionTest0::test64 , 1018 , 1040 , 1772 , 877 , 2008 , 1046 , 9686 , 6289 , 4672 , 8790 , 6391 , 3318 , 3732 , 3634 , 4257 , 3335 , 4445 , 1149 , 7414 , 666 , 4345 , 6542 , 2455 , 4398 , 7498 , 6062 , 6460 , 1739 , 1072 , 7202 , 4356 , 1072 , 4947 , 5941 , 4626 , 5319 , 3403 , 7240 , 1113 , 5327 , 5243 , 6975 , 7244 , 6081 , 1661 , 756 , 5001 , 2189 , 6195 , 5093 , 1155 , 6409 , 7229 , 4791 , 5071 , 3874 , 7064 , 6143 , 3872 , 1125 , 1673 , 2785 , 400 , 0 , 1853 , 6728 , 4397 , 1779 , 4654 , 232
RegressionTest0::test65 , 2090 , 2082 , 1922 , 2129 , 1985 , 2090 , 8071 , 5024 , 3542 , 7213 , 5095 , 2183 , 2151 , 2145 , 2648 , 1861 , 3080 , 2996 , 5682 , 1583 , 3200 , 4898 , 1735 , 3035 , 5778 , 4851 , 4878 , 685 , 2135 , 5470 , 2973 , 2135 , 3303 , 4316 , 3399 , 4084 , 1756 , 5522 , 1091 , 3695 , 3640 , 5265 , 5578 , 4382 , 1081 , 2257 , 3384 , 905 , 4701 , 3527 , 2093 , 4796 , 5497 , 3144 , 3387 , 2277 , 5458 , 4475 , 2583 , 1035 , 1127 , 1577 , 2236 , 1853 , 0 , 5611 , 3031 , 1165 , 3027 , 1822
RegressionTest0::test66 , 6383 , 6366 , 5614 , 6576 , 5485 , 6429 , 6073 , 2216 , 3291 , 5064 , 3524 , 4751 , 4644 , 4536 , 4491 , 4749 , 4173 , 7781 , 4943 , 6404 , 4763 , 4627 , 5054 , 4230 , 5226 , 4270 , 4768 , 5577 , 6453 , 4970 , 4287 , 6453 , 4468 , 4597 , 4591 , 4649 , 4723 , 5167 , 5915 , 4587 , 4631 , 4925 , 5081 , 4744 , 5598 , 6686 , 4468 , 5453 , 4381 , 4334 , 6381 , 4135 , 4949 , 4831 , 4708 , 4642 , 4279 , 4761 , 4877 , 5980 , 5600 , 5159 , 7053 , 6728 , 5611 , 0 , 4235 , 5497 , 4755 , 6699
RegressionTest0::test67 , 4286 , 4284 , 3769 , 4433 , 3667 , 4313 , 6686 , 3162 , 1874 , 5898 , 3032 , 1715 , 1847 , 1356 , 1448 , 1433 , 141 , 5502 , 3514 , 3994 , 2086 , 2955 , 2381 , 42 , 4171 , 4161 , 2879 , 2971 , 4418 , 3364 , 339 , 4418 , 1781 , 3005 , 2555 , 2622 , 1716 , 4095 , 3412 , 2886 , 2665 , 3678 , 3723 , 3357 , 2829 , 4586 , 1783 , 2828 , 3460 , 2180 , 4378 , 3475 , 3343 , 2648 , 2311 , 2205 , 3360 , 3179 , 2442 , 3577 , 2857 , 2674 , 4741 , 4397 , 3031 , 4235 , 0 , 2692 , 2508 , 4365
RegressionTest0::test68 , 1926 , 1925 , 1774 , 2040 , 1813 , 1967 , 8208 , 4821 , 3034 , 7451 , 4742 , 1684 , 2313 , 2164 , 2808 , 1922 , 2740 , 2850 , 5794 , 1456 , 2691 , 4958 , 1103 , 2697 , 5996 , 4933 , 4845 , 894 , 2067 , 5575 , 2653 , 2067 , 3438 , 4537 , 2981 , 3668 , 1939 , 5742 , 996 , 3943 , 3864 , 5453 , 5740 , 4623 , 314 , 2101 , 3499 , 1254 , 4836 , 3529 , 2042 , 5028 , 5601 , 3426 , 3607 , 2560 , 5528 , 4706 , 2637 , 1249 , 330 , 1761 , 2089 , 1779 , 1165 , 5497 , 2692 , 0 , 3303 , 1760
RegressionTest0::test69 , 4554 , 4544 , 4015 , 4708 , 3936 , 4583 , 6455 , 4067 , 3052 , 5643 , 3693 , 2840 , 1867 , 2508 , 2130 , 2361 , 2507 , 5789 , 4052 , 4282 , 2879 , 2159 , 3151 , 2508 , 2858 , 4020 , 3183 , 3147 , 4651 , 3848 , 2354 , 4653 , 2485 , 1566 , 3106 , 3244 , 2429 , 2598 , 3671 , 825 , 894 , 2632 , 2860 , 1448 , 3285 , 4876 , 2440 , 2981 , 3718 , 2768 , 4577 , 2157 , 3875 , 208 , 2454 , 2165 , 4029 , 1673 , 1265 , 3691 , 3316 , 2600 , 5036 , 4654 , 3027 , 4755 , 2508 , 3303 , 0 , 4614
RegressionTest0::test70 , 1064 , 1087 , 1797 , 907 , 2024 , 1091 , 9639 , 6268 , 4651 , 8752 , 6369 , 3295 , 3693 , 3591 , 4213 , 3289 , 4411 , 1214 , 7360 , 670 , 4323 , 6500 , 2437 , 4366 , 7455 , 6055 , 6414 , 1707 , 1082 , 7146 , 4323 , 1082 , 4900 , 5902 , 4626 , 5295 , 3368 , 7196 , 1099 , 5287 , 5201 , 6941 , 7194 , 6040 , 1640 , 828 , 4955 , 2169 , 6160 , 5045 , 1154 , 6373 , 7176 , 4751 , 5037 , 3828 , 7018 , 6086 , 3831 , 1110 , 1654 , 2760 , 468 , 232 , 1822 , 6699 , 4365 , 1760 , 4614 , 0
