: , RegressionTest0::test001 , RegressionTest0::test002 , RegressionTest0::test003 , RegressionTest0::test004 , RegressionTest0::test005 , RegressionTest0::test006 , RegressionTest0::test007 , RegressionTest0::test008 , RegressionTest0::test009 , RegressionTest0::test010 , RegressionTest0::test011 , RegressionTest0::test012 , RegressionTest0::test013 , RegressionTest0::test014 , RegressionTest0::test015 , RegressionTest0::test016 , RegressionTest0::test017 , RegressionTest0::test018 , RegressionTest0::test019 , RegressionTest0::test020 , RegressionTest0::test021 , RegressionTest0::test022 , RegressionTest0::test023 , RegressionTest0::test024 , RegressionTest0::test025 , RegressionTest0::test026 , RegressionTest0::test027 , RegressionTest0::test028 , RegressionTest0::test029 , RegressionTest0::test030 , RegressionTest0::test031 , RegressionTest0::test032 , RegressionTest0::test033 , RegressionTest0::test034 , RegressionTest0::test035 , RegressionTest0::test036 , RegressionTest0::test037 , RegressionTest0::test038 , RegressionTest0::test039 , RegressionTest0::test040 , RegressionTest0::test041 , RegressionTest0::test042 , RegressionTest0::test043 , RegressionTest0::test044 , RegressionTest0::test045 , RegressionTest0::test046 , RegressionTest0::test047 , RegressionTest0::test048 , RegressionTest0::test049 , RegressionTest0::test050 , RegressionTest0::test051 , RegressionTest0::test052 , RegressionTest0::test053 , RegressionTest0::test054 , RegressionTest0::test055 , RegressionTest0::test056 , RegressionTest0::test057 , RegressionTest0::test058 , RegressionTest0::test059 , RegressionTest0::test060 , RegressionTest0::test061 , RegressionTest0::test062 , RegressionTest0::test063 , RegressionTest0::test064 , RegressionTest0::test065 , RegressionTest0::test066 , RegressionTest0::test067 , RegressionTest0::test068 , RegressionTest0::test069 , RegressionTest0::test070 , RegressionTest0::test071 , RegressionTest0::test072 , RegressionTest0::test073 , RegressionTest0::test074 , RegressionTest0::test075 , RegressionTest0::test076 , RegressionTest0::test077 , RegressionTest0::test078 , RegressionTest0::test079 , RegressionTest0::test080 , RegressionTest0::test081 , RegressionTest0::test082 , RegressionTest0::test083 , RegressionTest0::test084 , RegressionTest0::test085 , RegressionTest0::test086 , RegressionTest0::test087 , RegressionTest0::test088 , RegressionTest0::test089 , RegressionTest0::test090 , RegressionTest0::test091 , RegressionTest0::test092 , RegressionTest0::test093 , RegressionTest0::test094 , RegressionTest0::test095 , RegressionTest0::test096 , RegressionTest0::test097 , RegressionTest0::test098 , RegressionTest0::test099 , RegressionTest0::test100 , RegressionTest0::test101 , RegressionTest0::test102 , RegressionTest0::test103 , RegressionTest0::test104 , RegressionTest0::test105
RegressionTest0::test001 , 0 , 4540 , 4598 , 4422 , 4385 , 2158 , 4306 , 4309 , 1960 , 4710 , 2832 , 4399 , 4487 , 2477 , 4588 , 2500 , 4512 , 4109 , 4400 , 4470 , 2188 , 4319 , 4592 , 4547 , 4430 , 4606 , 4641 , 4539 , 2252 , 4340 , 4616 , 4708 , 2276 , 4578 , 2159 , 2482 , 2472 , 4779 , 4364 , 4740 , 5155 , 4361 , 2254 , 2595 , 4524 , 4413 , 2171 , 4588 , 4330 , 4249 , 2599 , 2176 , 4479 , 2468 , 4573 , 4328 , 4258 , 4418 , 4280 , 4329 , 4393 , 4569 , 2194 , 4578 , 4451 , 4586 , 4770 , 3455 , 4183 , 4417 , 4642 , 3317 , 2458 , 2225 , 4227 , 2125 , 4675 , 4466 , 2458 , 5089 , 4155 , 2418 , 4226 , 4458 , 2206 , 4178 , 2474 , 4279 , 4269 , 2523 , 4322 , 4493 , 4525 , 2898 , 3792 , 4336 , 4484 , 4342 , 4252 , 2478 , 4361 , 4425 , 4349 , 4307 , 4370
RegressionTest0::test002 , 4540 , 0 , 166 , 218 , 292 , 5379 , 408 , 402 , 2701 , 272 , 1811 , 304 , 290 , 2629 , 271 , 5687 , 204 , 582 , 278 , 306 , 5408 , 419 , 7052 , 217 , 295 , 7504 , 7564 , 271 , 3016 , 411 , 274 , 274 , 5464 , 215 , 5088 , 2549 , 2629 , 322 , 333 , 7643 , 8268 , 347 , 5193 , 5622 , 251 , 251 , 4951 , 264 , 359 , 482 , 2105 , 4964 , 214 , 2371 , 160 , 305 , 505 , 287 , 386 , 341 , 328 , 232 , 5318 , 125 , 268 , 262 , 7738 , 1488 , 533 , 291 , 249 , 1863 , 2699 , 3651 , 474 , 2826 , 8522 , 182 , 2420 , 8755 , 569 , 2793 , 442 , 139 , 5287 , 516 , 2620 , 438 , 416 , 2315 , 332 , 129 , 254 , 5883 , 7236 , 450 , 161 , 348 , 443 , 2552 , 274 , 319 , 313 , 396 , 288
RegressionTest0::test003 , 4598 , 166 , 0 , 266 , 345 , 5463 , 467 , 459 , 2756 , 200 , 1913 , 341 , 228 , 2735 , 220 , 5788 , 227 , 709 , 339 , 274 , 5501 , 456 , 7153 , 209 , 331 , 7608 , 7666 , 238 , 3125 , 454 , 191 , 191 , 5562 , 172 , 5170 , 2659 , 2740 , 227 , 397 , 7743 , 8368 , 382 , 5275 , 5718 , 194 , 315 , 5030 , 214 , 415 , 486 , 2219 , 5053 , 232 , 2470 , 164 , 416 , 577 , 322 , 486 , 425 , 376 , 155 , 5408 , 132 , 293 , 227 , 7839 , 1525 , 593 , 324 , 178 , 1952 , 2808 , 3757 , 487 , 2931 , 8603 , 216 , 2521 , 8855 , 624 , 2902 , 558 , 286 , 5376 , 625 , 2731 , 540 , 470 , 2418 , 408 , 184 , 257 , 5985 , 7339 , 455 , 199 , 358 , 538 , 2663 , 357 , 356 , 409 , 410 , 401
RegressionTest0::test004 , 4422 , 218 , 266 , 0 , 216 , 5283 , 310 , 304 , 2590 , 385 , 1718 , 363 , 275 , 2519 , 344 , 5614 , 334 , 479 , 204 , 299 , 5327 , 406 , 6941 , 333 , 208 , 7395 , 7454 , 312 , 2908 , 444 , 347 , 391 , 5390 , 270 , 4983 , 2441 , 2522 , 430 , 245 , 7546 , 8161 , 197 , 5105 , 5518 , 347 , 181 , 4855 , 355 , 387 , 344 , 2025 , 4877 , 354 , 2285 , 295 , 286 , 535 , 298 , 376 , 416 , 241 , 208 , 5235 , 238 , 302 , 359 , 7628 , 1389 , 448 , 295 , 365 , 1759 , 2592 , 3543 , 321 , 2748 , 8413 , 204 , 2338 , 8666 , 589 , 2686 , 424 , 225 , 5191 , 515 , 2514 , 436 , 325 , 2233 , 413 , 268 , 336 , 5796 , 7131 , 362 , 294 , 219 , 420 , 2444 , 280 , 333 , 324 , 336 , 305
RegressionTest0::test005 , 4385 , 292 , 345 , 216 , 0 , 5233 , 137 , 130 , 2553 , 449 , 1749 , 242 , 322 , 2523 , 371 , 5545 , 290 , 509 , 25 , 334 , 5258 , 352 , 6923 , 295 , 110 , 7376 , 7432 , 343 , 2900 , 359 , 374 , 440 , 5321 , 302 , 4944 , 2440 , 2521 , 501 , 88 , 7504 , 8099 , 126 , 5022 , 5468 , 326 , 58 , 4809 , 373 , 277 , 344 , 2056 , 4834 , 276 , 2278 , 313 , 377 , 464 , 303 , 420 , 318 , 145 , 298 , 5170 , 316 , 259 , 376 , 7605 , 1332 , 375 , 320 , 395 , 1783 , 2585 , 3524 , 369 , 2740 , 8345 , 322 , 2302 , 8633 , 539 , 2677 , 473 , 281 , 5147 , 497 , 2511 , 448 , 329 , 2201 , 320 , 310 , 333 , 5775 , 7099 , 393 , 322 , 288 , 460 , 2445 , 326 , 328 , 311 , 339 , 330
RegressionTest0::test006 , 2158 , 5379 , 5463 , 5283 , 5233 , 0 , 5156 , 5160 , 2858 , 5596 , 3668 , 5268 , 5383 , 3154 , 5483 , 925 , 5391 , 4843 , 5244 , 5367 , 331 , 5167 , 4452 , 5434 , 5304 , 3954 , 3961 , 5437 , 3022 , 5141 , 5516 , 5596 , 414 , 5472 , 414 , 3189 , 3160 , 5667 , 5211 , 4153 , 4538 , 5234 , 725 , 923 , 5419 , 5268 , 444 , 5487 , 5199 , 5124 , 3422 , 425 , 5362 , 3250 , 5442 , 5164 , 5107 , 5300 , 5116 , 5188 , 5269 , 5443 , 465 , 5437 , 5336 , 5481 , 4104 , 4328 , 5031 , 5296 , 5529 , 4146 , 3134 , 2990 , 5050 , 2990 , 3874 , 5322 , 3244 , 3949 , 4957 , 3116 , 5069 , 5289 , 529 , 4986 , 3157 , 5083 , 5070 , 3288 , 5174 , 5337 , 5413 , 2402 , 3501 , 5203 , 5347 , 5178 , 5064 , 3188 , 5190 , 5312 , 5170 , 5188 , 5210
RegressionTest0::test007 , 4306 , 408 , 467 , 310 , 137 , 5156 , 0 , 17 , 2480 , 573 , 1701 , 349 , 404 , 2430 , 479 , 5473 , 383 , 542 , 153 , 403 , 5209 , 431 , 6825 , 416 , 218 , 7271 , 7326 , 422 , 2810 , 438 , 490 , 572 , 5252 , 416 , 4868 , 2350 , 2430 , 627 , 124 , 7399 , 7985 , 138 , 4949 , 5375 , 420 , 180 , 4750 , 479 , 322 , 388 , 1979 , 4772 , 395 , 2206 , 404 , 337 , 533 , 316 , 362 , 332 , 222 , 422 , 5063 , 430 , 382 , 477 , 7496 , 1298 , 312 , 281 , 493 , 1727 , 2501 , 3412 , 387 , 2651 , 8235 , 358 , 2218 , 8534 , 531 , 2576 , 409 , 387 , 5048 , 544 , 2421 , 396 , 327 , 2158 , 359 , 381 , 426 , 5691 , 7000 , 447 , 400 , 361 , 429 , 2353 , 366 , 417 , 341 , 355 , 387
RegressionTest0::test008 , 4309 , 402 , 459 , 304 , 130 , 5160 , 17 , 0 , 2483 , 566 , 1702 , 346 , 389 , 2435 , 472 , 5477 , 380 , 539 , 146 , 400 , 5206 , 426 , 6827 , 410 , 212 , 7278 , 7333 , 417 , 2816 , 435 , 483 , 565 , 5259 , 409 , 4873 , 2355 , 2437 , 618 , 119 , 7401 , 7992 , 135 , 4953 , 5380 , 414 , 173 , 4753 , 470 , 319 , 381 , 1981 , 4773 , 388 , 2213 , 397 , 331 , 533 , 299 , 361 , 326 , 222 , 415 , 5069 , 426 , 375 , 471 , 7504 , 1294 , 306 , 283 , 486 , 1728 , 2507 , 3409 , 386 , 2656 , 8245 , 350 , 2228 , 8539 , 530 , 2576 , 412 , 381 , 5053 , 540 , 2428 , 395 , 321 , 2163 , 354 , 376 , 421 , 5697 , 7004 , 440 , 401 , 353 , 428 , 2358 , 367 , 416 , 340 , 340 , 388
RegressionTest0::test009 , 1960 , 2701 , 2756 , 2590 , 2553 , 2858 , 2480 , 2483 , 0 , 2845 , 1125 , 2558 , 2624 , 1103 , 2720 , 3180 , 2654 , 2430 , 2563 , 2608 , 2900 , 2490 , 5254 , 2689 , 2585 , 5296 , 5359 , 2672 , 1319 , 2550 , 2751 , 2847 , 2961 , 2713 , 2566 , 1018 , 1099 , 2911 , 2529 , 5400 , 6052 , 2522 , 2643 , 3120 , 2666 , 2575 , 2427 , 2721 , 2495 , 2413 , 1013 , 2450 , 2625 , 1075 , 2721 , 2510 , 2451 , 2574 , 2474 , 2500 , 2556 , 2716 , 2808 , 2735 , 2607 , 2721 , 5533 , 1850 , 2362 , 2568 , 2791 , 1828 , 1135 , 1801 , 2435 , 1403 , 5982 , 2639 , 1099 , 6248 , 2409 , 1173 , 2443 , 2640 , 2773 , 2412 , 1096 , 2487 , 2473 , 1078 , 2484 , 2669 , 2668 , 3464 , 4794 , 2511 , 2645 , 2526 , 2449 , 1019 , 2548 , 2572 , 2546 , 2454 , 2558
RegressionTest0::test010 , 4710 , 272 , 200 , 385 , 449 , 5596 , 573 , 566 , 2845 , 0 , 2031 , 397 , 303 , 2869 , 220 , 5914 , 271 , 823 , 427 , 334 , 5632 , 498 , 7295 , 225 , 377 , 7746 , 7806 , 260 , 3261 , 490 , 194 , 26 , 5693 , 189 , 5303 , 2793 , 2870 , 83 , 481 , 7883 , 8504 , 461 , 5380 , 5848 , 252 , 403 , 5163 , 219 , 528 , 572 , 2351 , 5184 , 282 , 2607 , 222 , 545 , 627 , 375 , 625 , 519 , 425 , 228 , 5540 , 229 , 327 , 236 , 7980 , 1620 , 659 , 382 , 112 , 2070 , 2939 , 3895 , 655 , 3068 , 8737 , 343 , 2657 , 8991 , 703 , 3036 , 697 , 399 , 5508 , 763 , 2862 , 681 , 638 , 2548 , 499 , 349 , 291 , 6121 , 7479 , 501 , 320 , 530 , 688 , 2796 , 507 , 399 , 556 , 501 , 532
RegressionTest0::test011 , 2832 , 1811 , 1913 , 1718 , 1749 , 3668 , 1701 , 1702 , 1125 , 2031 , 0 , 1741 , 1845 , 890 , 1935 , 3957 , 1846 , 1544 , 1732 , 1842 , 3693 , 1708 , 5641 , 1882 , 1818 , 5765 , 5836 , 1899 , 1280 , 1766 , 1960 , 2042 , 3759 , 1927 , 3377 , 812 , 894 , 2101 , 1724 , 5915 , 6545 , 1753 , 3490 , 3897 , 1888 , 1765 , 3238 , 1943 , 1710 , 1669 , 402 , 3262 , 1809 , 666 , 1895 , 1615 , 1671 , 1807 , 1595 , 1696 , 1787 , 1893 , 3608 , 1873 , 1808 , 1946 , 6010 , 1208 , 1626 , 1808 , 1979 , 1276 , 964 , 1916 , 1592 , 1131 , 6805 , 1770 , 677 , 7025 , 1696 , 1058 , 1578 , 1720 , 3571 , 1568 , 885 , 1568 , 1620 , 573 , 1674 , 1819 , 1897 , 4150 , 5539 , 1756 , 1805 , 1686 , 1560 , 817 , 1630 , 1808 , 1633 , 1689 , 1664
RegressionTest0::test012 , 4399 , 304 , 341 , 363 , 242 , 5268 , 349 , 346 , 2558 , 397 , 1741 , 0 , 226 , 2557 , 286 , 5582 , 183 , 612 , 245 , 165 , 5301 , 334 , 6988 , 206 , 299 , 7408 , 7486 , 234 , 2941 , 352 , 301 , 399 , 5362 , 311 , 4975 , 2479 , 2561 , 458 , 263 , 7558 , 8155 , 310 , 5028 , 5497 , 245 , 236 , 4837 , 277 , 233 , 311 , 2075 , 4856 , 210 , 2316 , 297 , 398 , 398 , 204 , 419 , 178 , 310 , 373 , 5208 , 302 , 232 , 282 , 7658 , 1295 , 352 , 189 , 358 , 1777 , 2618 , 3560 , 472 , 2778 , 8376 , 291 , 2334 , 8656 , 476 , 2707 , 481 , 298 , 5178 , 539 , 2552 , 471 , 437 , 2232 , 227 , 313 , 214 , 5795 , 7161 , 381 , 273 , 423 , 441 , 2484 , 325 , 212 , 343 , 239 , 339
RegressionTest0::test013 , 4487 , 290 , 228 , 275 , 322 , 5383 , 404 , 389 , 2624 , 303 , 1845 , 226 , 0 , 2675 , 139 , 5705 , 172 , 709 , 308 , 142 , 5422 , 347 , 7084 , 167 , 279 , 7531 , 7590 , 128 , 3065 , 403 , 150 , 309 , 5483 , 158 , 5087 , 2597 , 2679 , 348 , 358 , 7665 , 8280 , 294 , 5149 , 5623 , 125 , 282 , 4950 , 160 , 352 , 306 , 2148 , 4973 , 119 , 2399 , 230 , 396 , 493 , 200 , 493 , 348 , 305 , 256 , 5330 , 258 , 240 , 167 , 7764 , 1392 , 434 , 210 , 264 , 1874 , 2746 , 3676 , 497 , 2860 , 8516 , 278 , 2444 , 8777 , 505 , 2833 , 543 , 344 , 5296 , 634 , 2670 , 561 , 503 , 2346 , 294 , 329 , 194 , 5909 , 7266 , 311 , 225 , 409 , 520 , 2602 , 383 , 255 , 447 , 223 , 421
RegressionTest0::test014 , 2477 , 2629 , 2735 , 2519 , 2523 , 3154 , 2430 , 2435 , 1103 , 2869 , 890 , 2557 , 2675 , 0 , 2764 , 3408 , 2667 , 2227 , 2534 , 2652 , 3158 , 2517 , 5135 , 2711 , 2601 , 5496 , 5577 , 2724 , 572 , 2562 , 2795 , 2871 , 3216 , 2745 , 2867 , 133 , 55 , 2942 , 2498 , 5755 , 5956 , 2524 , 3022 , 3367 , 2687 , 2557 , 2756 , 2774 , 2490 , 2463 , 807 , 2778 , 2641 , 693 , 2718 , 2380 , 2436 , 2585 , 2360 , 2460 , 2565 , 2723 , 3069 , 2699 , 2616 , 2775 , 5732 , 1865 , 2373 , 2584 , 2806 , 1562 , 119 , 1042 , 2358 , 1095 , 6190 , 2589 , 636 , 6395 , 2411 , 201 , 2311 , 2503 , 3029 , 2302 , 47 , 2296 , 2352 , 632 , 2456 , 2610 , 2707 , 3667 , 4770 , 2563 , 2629 , 2478 , 2293 , 139 , 2441 , 2606 , 2407 , 2495 , 2432
RegressionTest0::test015 , 4588 , 271 , 220 , 344 , 371 , 5483 , 479 , 472 , 2720 , 220 , 1935 , 286 , 139 , 2764 , 0 , 5803 , 193 , 766 , 367 , 203 , 5520 , 389 , 7179 , 159 , 297 , 7631 , 7690 , 134 , 3150 , 428 , 52 , 215 , 5581 , 177 , 5186 , 2686 , 2768 , 256 , 414 , 7765 , 8377 , 370 , 5249 , 5719 , 109 , 343 , 5049 , 80 , 428 , 413 , 2244 , 5071 , 188 , 2498 , 195 , 463 , 514 , 283 , 542 , 411 , 334 , 235 , 5428 , 204 , 237 , 98 , 7862 , 1488 , 535 , 283 , 177 , 1965 , 2837 , 3780 , 576 , 2957 , 8616 , 274 , 2549 , 8876 , 578 , 2930 , 598 , 376 , 5394 , 669 , 2759 , 603 , 565 , 2446 , 386 , 320 , 157 , 6008 , 7364 , 332 , 265 , 458 , 591 , 2682 , 422 , 265 , 477 , 338 , 453
RegressionTest0::test016 , 2500 , 5687 , 5788 , 5614 , 5545 , 925 , 5473 , 5477 , 3180 , 5914 , 3957 , 5582 , 5705 , 3408 , 5803 , 0 , 5702 , 5273 , 5559 , 5688 , 767 , 5480 , 4424 , 5750 , 5595 , 4056 , 4100 , 5759 , 3386 , 5538 , 5834 , 5912 , 705 , 5792 , 800 , 3469 , 3388 , 5989 , 5524 , 4288 , 4243 , 5551 , 878 , 764 , 5734 , 5583 , 889 , 5808 , 5502 , 5452 , 3761 , 871 , 5676 , 3519 , 5760 , 5450 , 5415 , 5612 , 5375 , 5465 , 5553 , 5759 , 594 , 5753 , 5635 , 5801 , 4233 , 4713 , 5340 , 5608 , 5838 , 4441 , 3363 , 3101 , 5349 , 3304 , 3726 , 5636 , 3508 , 3730 , 5389 , 3360 , 5354 , 5577 , 661 , 5273 , 3391 , 5351 , 5394 , 3586 , 5469 , 5651 , 5739 , 2428 , 3355 , 5526 , 5662 , 5506 , 5379 , 3470 , 5496 , 5616 , 5455 , 5521 , 5497
RegressionTest0::test017 , 4512 , 204 , 227 , 334 , 290 , 5391 , 383 , 380 , 2654 , 271 , 1846 , 183 , 172 , 2667 , 193 , 5702 , 0 , 676 , 269 , 165 , 5419 , 324 , 7097 , 76 , 276 , 7525 , 7602 , 129 , 3057 , 387 , 183 , 282 , 5479 , 213 , 5089 , 2590 , 2668 , 319 , 293 , 7675 , 8274 , 321 , 5155 , 5624 , 134 , 257 , 4954 , 164 , 313 , 363 , 2194 , 4979 , 129 , 2432 , 221 , 384 , 394 , 175 , 459 , 297 , 297 , 267 , 5323 , 189 , 118 , 173 , 7775 , 1413 , 443 , 171 , 250 , 1895 , 2740 , 3677 , 528 , 2885 , 8498 , 269 , 2452 , 8781 , 506 , 2833 , 525 , 270 , 5298 , 578 , 2659 , 511 , 461 , 2348 , 302 , 263 , 175 , 5911 , 7276 , 378 , 182 , 427 , 504 , 2595 , 328 , 206 , 403 , 294 , 376
RegressionTest0::test018 , 4109 , 582 , 709 , 479 , 509 , 4843 , 542 , 539 , 2430 , 823 , 1544 , 612 , 709 , 2227 , 766 , 5273 , 676 , 0 , 508 , 692 , 4992 , 606 , 6556 , 698 , 580 , 6995 , 7054 , 719 , 2572 , 376 , 790 , 828 , 5062 , 708 , 4696 , 2150 , 2231 , 881 , 491 , 7218 , 7763 , 527 , 4792 , 5193 , 716 , 522 , 4559 , 761 , 567 , 676 , 1884 , 4582 , 672 , 2104 , 695 , 502 , 612 , 628 , 512 , 593 , 560 , 663 , 4927 , 656 , 670 , 763 , 7226 , 1273 , 669 , 640 , 769 , 1520 , 2299 , 3240 , 514 , 2489 , 8082 , 575 , 2141 , 8311 , 351 , 2390 , 518 , 512 , 4896 , 451 , 2222 , 510 , 552 , 2037 , 587 , 594 , 728 , 5474 , 6749 , 664 , 640 , 533 , 509 , 2154 , 552 , 649 , 535 , 663 , 551
RegressionTest0::test019 , 4400 , 278 , 339 , 204 , 25 , 5244 , 153 , 146 , 2563 , 427 , 1732 , 245 , 308 , 2534 , 367 , 5559 , 269 , 508 , 0 , 322 , 5276 , 340 , 6938 , 275 , 114 , 7388 , 7448 , 333 , 2910 , 356 , 355 , 436 , 5339 , 284 , 4958 , 2456 , 2538 , 482 , 65 , 7521 , 8114 , 116 , 5032 , 5480 , 315 , 59 , 4821 , 357 , 289 , 335 , 2061 , 4846 , 266 , 2289 , 309 , 361 , 452 , 291 , 419 , 298 , 147 , 278 , 5186 , 301 , 243 , 360 , 7620 , 1342 , 357 , 309 , 382 , 1794 , 2598 , 3543 , 375 , 2753 , 8362 , 307 , 2310 , 8648 , 550 , 2692 , 486 , 282 , 5157 , 495 , 2528 , 452 , 327 , 2207 , 307 , 309 , 318 , 5785 , 7117 , 386 , 316 , 289 , 459 , 2461 , 327 , 310 , 334 , 334 , 348
RegressionTest0::test020 , 4470 , 306 , 274 , 299 , 334 , 5367 , 403 , 400 , 2608 , 334 , 1842 , 165 , 142 , 2652 , 203 , 5688 , 165 , 692 , 322 , 0 , 5402 , 379 , 7063 , 174 , 250 , 7506 , 7565 , 112 , 3039 , 405 , 204 , 339 , 5467 , 203 , 5072 , 2572 , 2654 , 384 , 362 , 7637 , 8248 , 313 , 5123 , 5595 , 189 , 302 , 4933 , 173 , 328 , 313 , 2138 , 4956 , 205 , 2386 , 271 , 406 , 435 , 192 , 506 , 271 , 289 , 286 , 5313 , 275 , 196 , 177 , 7741 , 1355 , 437 , 170 , 287 , 1836 , 2724 , 3659 , 504 , 2842 , 8479 , 249 , 2429 , 8750 , 518 , 2805 , 545 , 352 , 5275 , 633 , 2645 , 563 , 486 , 2331 , 312 , 337 , 152 , 5890 , 7245 , 350 , 267 , 411 , 515 , 2575 , 395 , 172 , 453 , 247 , 433
RegressionTest0::test021 , 2188 , 5408 , 5501 , 5327 , 5258 , 331 , 5209 , 5206 , 2900 , 5632 , 3693 , 5301 , 5422 , 3158 , 5520 , 767 , 5419 , 4992 , 5276 , 5402 , 0 , 5195 , 4459 , 5463 , 5338 , 3862 , 3962 , 5473 , 3014 , 5259 , 5549 , 5628 , 232 , 5511 , 393 , 3205 , 3133 , 5704 , 5243 , 4110 , 4497 , 5271 , 765 , 943 , 5454 , 5297 , 481 , 5524 , 5221 , 5167 , 3468 , 462 , 5390 , 3292 , 5474 , 5201 , 5138 , 5343 , 5151 , 5194 , 5302 , 5479 , 385 , 5470 , 5365 , 5518 , 4095 , 4346 , 5071 , 5337 , 5558 , 4184 , 3116 , 3034 , 5085 , 3059 , 3927 , 5362 , 3250 , 3899 , 5113 , 3111 , 5109 , 5297 , 414 , 5012 , 3138 , 5088 , 5113 , 3316 , 5190 , 5364 , 5453 , 2413 , 3538 , 5241 , 5373 , 5215 , 5102 , 3209 , 5207 , 5348 , 5188 , 5235 , 5224
RegressionTest0::test022 , 4319 , 419 , 456 , 406 , 352 , 5167 , 431 , 426 , 2490 , 498 , 1708 , 334 , 347 , 2517 , 389 , 5480 , 324 , 606 , 340 , 379 , 5195 , 0 , 6910 , 335 , 347 , 7328 , 7407 , 389 , 2873 , 396 , 398 , 497 , 5260 , 444 , 4873 , 2439 , 2519 , 555 , 341 , 7474 , 8063 , 369 , 4918 , 5385 , 328 , 330 , 4734 , 402 , 398 , 331 , 2049 , 4755 , 329 , 2257 , 425 , 470 , 270 , 365 , 488 , 392 , 339 , 425 , 5107 , 425 , 309 , 410 , 7580 , 1299 , 387 , 356 , 467 , 1767 , 2582 , 3516 , 477 , 2714 , 8303 , 444 , 2301 , 8548 , 445 , 2673 , 542 , 426 , 5075 , 357 , 2511 , 568 , 475 , 2199 , 371 , 440 , 379 , 5727 , 7079 , 98 , 391 , 444 , 532 , 2442 , 434 , 321 , 466 , 365 , 461
RegressionTest0::test023 , 4592 , 7052 , 7153 , 6941 , 6923 , 4452 , 6825 , 6827 , 5254 , 7295 , 5641 , 6988 , 7084 , 5135 , 7179 , 4424 , 7097 , 6556 , 6938 , 7063 , 4459 , 6910 , 0 , 7137 , 6995 , 3428 , 3489 , 7133 , 5096 , 6917 , 7211 , 7293 , 4480 , 7166 , 4369 , 5183 , 5147 , 7365 , 6895 , 3627 , 4156 , 6920 , 4386 , 4436 , 7117 , 6954 , 4378 , 7182 , 6902 , 6853 , 5370 , 4377 , 7074 , 5257 , 7134 , 6805 , 6837 , 7001 , 6757 , 6903 , 6962 , 7140 , 4393 , 7116 , 7041 , 7175 , 3642 , 5992 , 6773 , 6998 , 7221 , 5679 , 5145 , 4649 , 6743 , 5091 , 5110 , 6997 , 5248 , 5407 , 6764 , 5132 , 6709 , 6940 , 4349 , 6679 , 5151 , 6731 , 6770 , 5310 , 6908 , 7019 , 7111 , 4554 , 5032 , 6934 , 7044 , 6865 , 6716 , 5185 , 6871 , 7011 , 6826 , 6906 , 6851
RegressionTest0::test024 , 4547 , 217 , 209 , 333 , 295 , 5434 , 416 , 410 , 2689 , 225 , 1882 , 206 , 167 , 2711 , 159 , 5750 , 76 , 698 , 275 , 174 , 5463 , 335 , 7137 , 0 , 284 , 7571 , 7643 , 79 , 3093 , 395 , 159 , 228 , 5525 , 173 , 5141 , 2631 , 2714 , 272 , 317 , 7717 , 8319 , 350 , 5195 , 5667 , 95 , 260 , 5000 , 113 , 323 , 395 , 2229 , 5023 , 136 , 2464 , 203 , 420 , 422 , 170 , 494 , 321 , 312 , 247 , 5372 , 145 , 136 , 121 , 7819 , 1430 , 471 , 192 , 200 , 1916 , 2782 , 3728 , 557 , 2920 , 8549 , 275 , 2493 , 8826 , 545 , 2873 , 565 , 288 , 5341 , 625 , 2705 , 544 , 493 , 2387 , 320 , 260 , 185 , 5947 , 7316 , 396 , 183 , 444 , 545 , 2637 , 339 , 222 , 423 , 321 , 400
RegressionTest0::test025 , 4430 , 295 , 331 , 208 , 110 , 5304 , 218 , 212 , 2585 , 377 , 1818 , 299 , 279 , 2601 , 297 , 5595 , 276 , 580 , 114 , 250 , 5338 , 347 , 6995 , 284 , 0 , 7449 , 7505 , 266 , 2978 , 383 , 298 , 382 , 5401 , 226 , 5007 , 2522 , 2602 , 424 , 136 , 7570 , 8174 , 109 , 5087 , 5536 , 291 , 128 , 4878 , 296 , 342 , 325 , 2104 , 4902 , 293 , 2320 , 327 , 401 , 457 , 241 , 354 , 328 , 57 , 220 , 5224 , 292 , 235 , 300 , 7680 , 1357 , 373 , 256 , 348 , 1817 , 2665 , 3595 , 411 , 2787 , 8419 , 262 , 2375 , 8697 , 517 , 2754 , 520 , 337 , 5207 , 545 , 2594 , 514 , 384 , 2273 , 331 , 341 , 265 , 5840 , 7174 , 350 , 357 , 277 , 504 , 2527 , 381 , 248 , 401 , 331 , 395
RegressionTest0::test026 , 4606 , 7504 , 7608 , 7395 , 7376 , 3954 , 7271 , 7278 , 5296 , 7746 , 5765 , 7408 , 7531 , 5496 , 7631 , 4056 , 7525 , 6995 , 7388 , 7506 , 3862 , 7328 , 3428 , 7571 , 7449 , 0 , 156 , 7583 , 5228 , 7342 , 7661 , 7745 , 3869 , 7613 , 3929 , 5528 , 5489 , 7818 , 7343 , 429 , 1032 , 7370 , 4055 , 4206 , 7564 , 7404 , 3933 , 7632 , 7339 , 7293 , 5466 , 3931 , 7502 , 5345 , 7585 , 7251 , 7257 , 7446 , 7209 , 7317 , 7409 , 7592 , 3889 , 7568 , 7480 , 7626 , 295 , 6395 , 7204 , 7444 , 7672 , 6011 , 5468 , 4807 , 7185 , 5032 , 4156 , 7446 , 5311 , 4401 , 7208 , 5432 , 7147 , 7382 , 3841 , 7111 , 5484 , 7161 , 7211 , 5383 , 7321 , 7466 , 7560 , 3909 , 4961 , 7375 , 7490 , 7308 , 7159 , 5529 , 7300 , 7461 , 7268 , 7348 , 7299
RegressionTest0::test027 , 4641 , 7564 , 7666 , 7454 , 7432 , 3961 , 7326 , 7333 , 5359 , 7806 , 5836 , 7486 , 7590 , 5577 , 7690 , 4100 , 7602 , 7054 , 7448 , 7565 , 3962 , 7407 , 3489 , 7643 , 7505 , 156 , 0 , 7642 , 5317 , 7422 , 7720 , 7804 , 3956 , 7671 , 3935 , 5615 , 5577 , 7877 , 7399 , 421 , 927 , 7426 , 4089 , 4245 , 7624 , 7464 , 3969 , 7691 , 7401 , 7351 , 5522 , 3966 , 7578 , 5401 , 7644 , 7311 , 7337 , 7506 , 7262 , 7399 , 7471 , 7649 , 3932 , 7627 , 7548 , 7687 , 186 , 6451 , 7265 , 7504 , 7729 , 6079 , 5558 , 4860 , 7239 , 5092 , 4064 , 7503 , 5369 , 4413 , 7266 , 5502 , 7204 , 7452 , 3886 , 7170 , 5580 , 7234 , 7271 , 5465 , 7404 , 7524 , 7619 , 3912 , 4920 , 7436 , 7547 , 7366 , 7215 , 5616 , 7376 , 7522 , 7330 , 7409 , 7353
RegressionTest0::test028 , 4539 , 271 , 238 , 312 , 343 , 5437 , 422 , 417 , 2672 , 260 , 1899 , 234 , 128 , 2724 , 134 , 5759 , 129 , 719 , 333 , 112 , 5473 , 389 , 7133 , 79 , 266 , 7583 , 7642 , 0 , 3111 , 416 , 140 , 261 , 5538 , 127 , 5139 , 2644 , 2726 , 298 , 377 , 7717 , 8327 , 303 , 5199 , 5671 , 133 , 310 , 5001 , 90 , 331 , 357 , 2206 , 5024 , 185 , 2450 , 210 , 419 , 453 , 189 , 519 , 354 , 311 , 232 , 5383 , 206 , 177 , 110 , 7817 , 1409 , 479 , 205 , 217 , 1898 , 2796 , 3736 , 543 , 2912 , 8559 , 263 , 2500 , 8830 , 556 , 2884 , 574 , 346 , 5351 , 652 , 2717 , 583 , 513 , 2397 , 353 , 313 , 162 , 5961 , 7319 , 362 , 235 , 433 , 555 , 2649 , 393 , 197 , 465 , 289 , 445
RegressionTest0::test029 , 2252 , 3016 , 3125 , 2908 , 2900 , 3022 , 2810 , 2816 , 1319 , 3261 , 1280 , 2941 , 3065 , 572 , 3150 , 3386 , 3057 , 2572 , 2910 , 3039 , 3014 , 2873 , 5096 , 3093 , 2978 , 5228 , 5317 , 3111 , 0 , 2920 , 3181 , 3259 , 3095 , 3135 , 2862 , 480 , 545 , 3331 , 2874 , 5590 , 5688 , 2904 , 2948 , 3193 , 3100 , 2928 , 2737 , 3154 , 2871 , 2846 , 1249 , 2760 , 3031 , 1093 , 3104 , 2768 , 2802 , 2980 , 2738 , 2871 , 2941 , 3109 , 3049 , 3085 , 3004 , 3153 , 5488 , 2078 , 2779 , 2975 , 3190 , 1786 , 528 , 1070 , 2739 , 949 , 5982 , 2964 , 1101 , 6221 , 2775 , 524 , 2685 , 2891 , 3046 , 2655 , 551 , 2694 , 2770 , 1096 , 2868 , 3002 , 3091 , 3546 , 4502 , 2926 , 3025 , 2853 , 2689 , 482 , 2822 , 2992 , 2792 , 2886 , 2818
RegressionTest0::test030 , 4340 , 411 , 454 , 444 , 359 , 5141 , 438 , 435 , 2550 , 490 , 1766 , 352 , 403 , 2562 , 428 , 5538 , 387 , 376 , 356 , 405 , 5259 , 396 , 6917 , 395 , 383 , 7342 , 7422 , 416 , 2920 , 0 , 436 , 500 , 5327 , 395 , 4946 , 2482 , 2562 , 542 , 368 , 7484 , 8095 , 416 , 4997 , 5457 , 397 , 350 , 4807 , 424 , 422 , 458 , 2091 , 4830 , 379 , 2304 , 425 , 495 , 426 , 421 , 500 , 423 , 379 , 464 , 5182 , 420 , 372 , 429 , 7595 , 1320 , 510 , 413 , 481 , 1796 , 2633 , 3568 , 558 , 2729 , 8329 , 436 , 2339 , 8601 , 236 , 2725 , 567 , 415 , 5153 , 571 , 2555 , 566 , 530 , 2236 , 416 , 441 , 397 , 5750 , 7093 , 433 , 429 , 510 , 536 , 2487 , 442 , 396 , 480 , 422 , 476
RegressionTest0::test031 , 4616 , 274 , 191 , 347 , 374 , 5516 , 490 , 483 , 2751 , 194 , 1960 , 301 , 150 , 2795 , 52 , 5834 , 183 , 790 , 355 , 204 , 5549 , 398 , 7211 , 159 , 298 , 7661 , 7720 , 140 , 3181 , 436 , 0 , 193 , 5611 , 151 , 5218 , 2714 , 2794 , 221 , 408 , 7797 , 8410 , 374 , 5284 , 5753 , 139 , 349 , 5079 , 96 , 439 , 432 , 2272 , 5103 , 186 , 2522 , 197 , 477 , 541 , 290 , 558 , 424 , 341 , 225 , 5459 , 218 , 248 , 113 , 7893 , 1511 , 555 , 294 , 171 , 1989 , 2862 , 3812 , 592 , 2988 , 8648 , 293 , 2574 , 8910 , 599 , 2954 , 620 , 387 , 5426 , 697 , 2788 , 621 , 577 , 2469 , 397 , 325 , 159 , 6040 , 7398 , 351 , 268 , 476 , 613 , 2720 , 439 , 278 , 491 , 357 , 472
RegressionTest0::test032 , 4708 , 274 , 191 , 391 , 440 , 5596 , 572 , 565 , 2847 , 26 , 2042 , 399 , 309 , 2871 , 215 , 5912 , 282 , 828 , 436 , 339 , 5628 , 497 , 7293 , 228 , 382 , 7745 , 7804 , 261 , 3259 , 500 , 193 , 0 , 5689 , 193 , 5300 , 2789 , 2871 , 88 , 488 , 7883 , 8501 , 467 , 5383 , 5845 , 253 , 410 , 5163 , 218 , 527 , 577 , 2350 , 5179 , 296 , 2610 , 218 , 550 , 640 , 388 , 625 , 518 , 431 , 222 , 5541 , 233 , 337 , 239 , 7977 , 1620 , 666 , 387 , 110 , 2066 , 2943 , 3894 , 657 , 3067 , 8733 , 347 , 2659 , 8988 , 700 , 3034 , 699 , 401 , 5511 , 762 , 2863 , 681 , 635 , 2555 , 507 , 346 , 296 , 6120 , 7478 , 500 , 317 , 528 , 685 , 2796 , 509 , 400 , 547 , 502 , 535
RegressionTest0::test033 , 2276 , 5464 , 5562 , 5390 , 5321 , 414 , 5252 , 5259 , 2961 , 5693 , 3759 , 5362 , 5483 , 3216 , 5581 , 705 , 5479 , 5062 , 5339 , 5467 , 232 , 5260 , 4480 , 5525 , 5401 , 3869 , 3956 , 5538 , 3095 , 5327 , 5611 , 5689 , 0 , 5571 , 454 , 3264 , 3181 , 5765 , 5300 , 4110 , 4477 , 5332 , 829 , 1028 , 5514 , 5358 , 545 , 5586 , 5280 , 5232 , 3534 , 524 , 5449 , 3356 , 5532 , 5232 , 5199 , 5393 , 5211 , 5243 , 5357 , 5542 , 362 , 5528 , 5427 , 5581 , 4096 , 4394 , 5128 , 5392 , 5622 , 4263 , 3149 , 3071 , 5147 , 3123 , 3921 , 5423 , 3305 , 3879 , 5174 , 3144 , 5167 , 5346 , 382 , 5071 , 3193 , 5126 , 5171 , 3373 , 5241 , 5420 , 5512 , 2373 , 3572 , 5304 , 5431 , 5275 , 5163 , 3267 , 5269 , 5412 , 5245 , 5300 , 5276
RegressionTest0::test034 , 4578 , 215 , 172 , 270 , 302 , 5472 , 416 , 409 , 2713 , 189 , 1927 , 311 , 158 , 2745 , 177 , 5792 , 213 , 708 , 284 , 203 , 5511 , 444 , 7166 , 173 , 226 , 7613 , 7671 , 127 , 3135 , 395 , 151 , 193 , 5571 , 0 , 5165 , 2667 , 2747 , 224 , 338 , 7742 , 8361 , 300 , 5248 , 5703 , 193 , 258 , 5038 , 170 , 372 , 421 , 2236 , 5061 , 219 , 2464 , 201 , 397 , 555 , 223 , 503 , 397 , 275 , 191 , 5417 , 182 , 264 , 184 , 7844 , 1485 , 510 , 234 , 210 , 1943 , 2819 , 3754 , 548 , 2928 , 8592 , 243 , 2512 , 8859 , 569 , 2909 , 552 , 315 , 5369 , 638 , 2741 , 568 , 544 , 2413 , 380 , 301 , 225 , 5991 , 7342 , 402 , 283 , 441 , 539 , 2674 , 409 , 286 , 443 , 352 , 425
RegressionTest0::test035 , 2159 , 5088 , 5170 , 4983 , 4944 , 414 , 4868 , 4873 , 2566 , 5303 , 3377 , 4975 , 5087 , 2867 , 5186 , 800 , 5089 , 4696 , 4958 , 5072 , 393 , 4873 , 4369 , 5141 , 5007 , 3929 , 3935 , 5139 , 2862 , 4946 , 5218 , 5300 , 454 , 5165 , 0 , 2914 , 2889 , 5369 , 4915 , 4103 , 4494 , 4936 , 486 , 842 , 5118 , 4978 , 150 , 5191 , 4903 , 4824 , 3139 , 132 , 5070 , 2967 , 5146 , 4847 , 4811 , 4993 , 4822 , 4884 , 4971 , 5150 , 277 , 5140 , 5039 , 5184 , 4076 , 4142 , 4727 , 4990 , 5237 , 3898 , 2870 , 2752 , 4755 , 2752 , 3913 , 5025 , 2924 , 3997 , 4805 , 2846 , 4781 , 4998 , 238 , 4687 , 2892 , 4807 , 4781 , 3008 , 4888 , 5039 , 5122 , 2419 , 3472 , 4906 , 5051 , 4886 , 4780 , 2916 , 4901 , 5020 , 4887 , 4894 , 4918
RegressionTest0::test036 , 2482 , 2549 , 2659 , 2441 , 2440 , 3189 , 2350 , 2355 , 1018 , 2793 , 812 , 2479 , 2597 , 133 , 2686 , 3469 , 2590 , 2150 , 2456 , 2572 , 3205 , 2439 , 5183 , 2631 , 2522 , 5528 , 5615 , 2644 , 480 , 2482 , 2714 , 2789 , 3264 , 2667 , 2914 , 0 , 105 , 2860 , 2416 , 5802 , 6009 , 2444 , 3027 , 3389 , 2635 , 2472 , 2797 , 2693 , 2411 , 2383 , 821 , 2792 , 2567 , 722 , 2635 , 2297 , 2356 , 2523 , 2278 , 2408 , 2486 , 2643 , 3129 , 2619 , 2538 , 2693 , 5773 , 1790 , 2333 , 2518 , 2722 , 1482 , 170 , 1113 , 2277 , 1089 , 6233 , 2502 , 680 , 6444 , 2360 , 256 , 2225 , 2422 , 3089 , 2224 , 108 , 2233 , 2312 , 641 , 2405 , 2539 , 2628 , 3699 , 4815 , 2481 , 2557 , 2397 , 2236 , 29 , 2359 , 2526 , 2326 , 2417 , 2349
RegressionTest0::test037 , 2472 , 2629 , 2740 , 2522 , 2521 , 3160 , 2430 , 2437 , 1099 , 2870 , 894 , 2561 , 2679 , 55 , 2768 , 3388 , 2668 , 2231 , 2538 , 2654 , 3133 , 2519 , 5147 , 2714 , 2602 , 5489 , 5577 , 2726 , 545 , 2562 , 2794 , 2871 , 3181 , 2747 , 2889 , 105 , 0 , 2942 , 2498 , 5774 , 5960 , 2526 , 3021 , 3361 , 2709 , 2549 , 2774 , 2776 , 2482 , 2465 , 823 , 2780 , 2642 , 705 , 2714 , 2381 , 2436 , 2594 , 2359 , 2456 , 2566 , 2725 , 3060 , 2702 , 2617 , 2776 , 5739 , 1864 , 2380 , 2596 , 2805 , 1558 , 77 , 1036 , 2357 , 1094 , 6190 , 2588 , 640 , 6400 , 2425 , 181 , 2309 , 2503 , 3034 , 2304 , 15 , 2277 , 2385 , 616 , 2445 , 2609 , 2709 , 3654 , 4770 , 2565 , 2619 , 2478 , 2309 , 116 , 2438 , 2608 , 2403 , 2499 , 2427
RegressionTest0::test038 , 4779 , 322 , 227 , 430 , 501 , 5667 , 627 , 618 , 2911 , 83 , 2101 , 458 , 348 , 2942 , 256 , 5989 , 319 , 881 , 482 , 384 , 5704 , 555 , 7365 , 272 , 424 , 7818 , 7877 , 298 , 3331 , 542 , 221 , 88 , 5765 , 224 , 5369 , 2860 , 2942 , 0 , 540 , 7956 , 8578 , 511 , 5455 , 5920 , 302 , 456 , 5230 , 250 , 583 , 630 , 2416 , 5253 , 338 , 2675 , 261 , 603 , 682 , 428 , 680 , 578 , 474 , 241 , 5612 , 262 , 376 , 269 , 8051 , 1685 , 718 , 435 , 177 , 2141 , 3014 , 3969 , 706 , 3137 , 8809 , 388 , 2727 , 9064 , 763 , 3108 , 754 , 451 , 5581 , 817 , 2935 , 740 , 688 , 2622 , 560 , 400 , 334 , 6192 , 7549 , 555 , 367 , 575 , 743 , 2867 , 562 , 445 , 610 , 553 , 589
RegressionTest0::test039 , 4364 , 333 , 397 , 245 , 88 , 5211 , 124 , 119 , 2529 , 481 , 1724 , 263 , 358 , 2498 , 414 , 5524 , 293 , 491 , 65 , 362 , 5243 , 341 , 6895 , 317 , 136 , 7343 , 7399 , 377 , 2874 , 368 , 408 , 488 , 5300 , 338 , 4915 , 2416 , 2498 , 540 , 0 , 7472 , 8060 , 89 , 4989 , 5430 , 353 , 105 , 4787 , 402 , 295 , 375 , 2039 , 4812 , 312 , 2266 , 368 , 381 , 460 , 327 , 410 , 279 , 144 , 338 , 5150 , 342 , 298 , 401 , 7571 , 1323 , 349 , 327 , 436 , 1765 , 2568 , 3501 , 361 , 2722 , 8310 , 335 , 2280 , 8599 , 554 , 2659 , 482 , 308 , 5119 , 511 , 2491 , 431 , 297 , 2192 , 334 , 357 , 360 , 5743 , 7071 , 396 , 360 , 293 , 433 , 2423 , 331 , 354 , 351 , 361 , 367
RegressionTest0::test040 , 4740 , 7643 , 7743 , 7546 , 7504 , 4153 , 7399 , 7401 , 5400 , 7883 , 5915 , 7558 , 7665 , 5755 , 7765 , 4288 , 7675 , 7218 , 7521 , 7637 , 4110 , 7474 , 3627 , 7717 , 7570 , 429 , 421 , 7717 , 5590 , 7484 , 7797 , 7883 , 4110 , 7742 , 4103 , 5802 , 5774 , 7956 , 7472 , 0 , 1167 , 7482 , 4236 , 4436 , 7693 , 7542 , 4151 , 7766 , 7463 , 7418 , 5607 , 4150 , 7654 , 5504 , 7712 , 7372 , 7411 , 7572 , 7336 , 7461 , 7530 , 7732 , 4108 , 7706 , 7628 , 7758 , 416 , 6513 , 7323 , 7569 , 7810 , 6167 , 5757 , 5136 , 7326 , 5187 , 4049 , 7583 , 5480 , 4295 , 7328 , 5705 , 7274 , 7531 , 4058 , 7240 , 5771 , 7308 , 7347 , 5568 , 7470 , 7601 , 7691 , 4015 , 4925 , 7505 , 7623 , 7444 , 7269 , 5800 , 7442 , 7597 , 7408 , 7470 , 7411
RegressionTest0::test041 , 5155 , 8268 , 8368 , 8161 , 8099 , 4538 , 7985 , 7992 , 6052 , 8504 , 6545 , 8155 , 8280 , 5956 , 8377 , 4243 , 8274 , 7763 , 8114 , 8248 , 4497 , 8063 , 4156 , 8319 , 8174 , 1032 , 927 , 8327 , 5688 , 8095 , 8410 , 8501 , 4477 , 8361 , 4494 , 6009 , 5960 , 8578 , 8060 , 1167 , 0 , 8084 , 4383 , 4124 , 8296 , 8138 , 4533 , 8376 , 8039 , 8013 , 6230 , 4537 , 8251 , 6067 , 8342 , 8018 , 7976 , 8168 , 7966 , 8049 , 8131 , 8351 , 4462 , 8332 , 8218 , 8367 , 897 , 7112 , 7902 , 8162 , 8427 , 6713 , 5927 , 5192 , 7932 , 5752 , 4507 , 8205 , 6032 , 4562 , 7870 , 5861 , 7897 , 8144 , 4442 , 7870 , 5964 , 7936 , 7960 , 6124 , 8050 , 8228 , 8300 , 4256 , 4983 , 8105 , 8252 , 8058 , 7919 , 6010 , 8080 , 8194 , 8030 , 8076 , 8063
RegressionTest0::test042 , 4361 , 347 , 382 , 197 , 126 , 5234 , 138 , 135 , 2522 , 461 , 1753 , 310 , 294 , 2524 , 370 , 5551 , 321 , 527 , 116 , 313 , 5271 , 369 , 6920 , 350 , 109 , 7370 , 7426 , 303 , 2904 , 416 , 374 , 467 , 5332 , 300 , 4936 , 2444 , 2526 , 511 , 89 , 7482 , 8084 , 0 , 5009 , 5448 , 341 , 147 , 4811 , 369 , 336 , 317 , 2017 , 4834 , 352 , 2262 , 402 , 368 , 491 , 255 , 408 , 346 , 105 , 305 , 5177 , 356 , 312 , 373 , 7598 , 1313 , 346 , 271 , 414 , 1757 , 2596 , 3513 , 351 , 2723 , 8336 , 299 , 2292 , 8618 , 542 , 2669 , 479 , 354 , 5127 , 549 , 2517 , 478 , 330 , 2213 , 354 , 380 , 326 , 5764 , 7096 , 349 , 390 , 272 , 459 , 2449 , 389 , 313 , 394 , 302 , 406
RegressionTest0::test043 , 2254 , 5193 , 5275 , 5105 , 5022 , 725 , 4949 , 4953 , 2643 , 5380 , 3490 , 5028 , 5149 , 3022 , 5249 , 878 , 5155 , 4792 , 5032 , 5123 , 765 , 4918 , 4386 , 5195 , 5087 , 4055 , 4089 , 5199 , 2948 , 4997 , 5284 , 5383 , 829 , 5248 , 486 , 3027 , 3021 , 5455 , 4989 , 4236 , 4383 , 5009 , 0 , 666 , 5176 , 5050 , 407 , 5250 , 4955 , 4881 , 3257 , 408 , 5125 , 3089 , 5249 , 5001 , 4849 , 5059 , 4935 , 4931 , 5046 , 5248 , 692 , 5235 , 5099 , 5244 , 4241 , 4145 , 4781 , 5055 , 5322 , 3984 , 3003 , 2733 , 4871 , 2799 , 3776 , 5140 , 3089 , 3883 , 4818 , 2993 , 4888 , 5109 , 676 , 4795 , 3021 , 4916 , 4907 , 3134 , 4921 , 5162 , 5179 , 2556 , 3435 , 4957 , 5157 , 5005 , 4895 , 3029 , 5012 , 5071 , 4999 , 4943 , 5034
RegressionTest0::test044 , 2595 , 5622 , 5718 , 5518 , 5468 , 923 , 5375 , 5380 , 3120 , 5848 , 3897 , 5497 , 5623 , 3367 , 5719 , 764 , 5624 , 5193 , 5480 , 5595 , 943 , 5385 , 4436 , 5667 , 5536 , 4206 , 4245 , 5671 , 3193 , 5457 , 5753 , 5845 , 1028 , 5703 , 842 , 3389 , 3361 , 5920 , 5430 , 4436 , 4124 , 5448 , 666 , 0 , 5640 , 5501 , 838 , 5721 , 5418 , 5362 , 3621 , 824 , 5602 , 3459 , 5699 , 5392 , 5303 , 5532 , 5314 , 5402 , 5498 , 5698 , 952 , 5676 , 5572 , 5717 , 4375 , 4606 , 5280 , 5527 , 5776 , 4252 , 3345 , 2858 , 5290 , 3171 , 3638 , 5556 , 3470 , 3696 , 5257 , 3334 , 5267 , 5511 , 978 , 5187 , 3366 , 5292 , 5341 , 3491 , 5405 , 5592 , 5649 , 2542 , 3164 , 5423 , 5604 , 5428 , 5291 , 3385 , 5418 , 5541 , 5387 , 5423 , 5437
RegressionTest0::test045 , 4524 , 251 , 194 , 347 , 326 , 5419 , 420 , 414 , 2666 , 252 , 1888 , 245 , 125 , 2687 , 109 , 5734 , 134 , 716 , 315 , 189 , 5454 , 328 , 7117 , 95 , 291 , 7564 , 7624 , 133 , 3100 , 397 , 139 , 253 , 5514 , 193 , 5118 , 2635 , 2709 , 302 , 353 , 7693 , 8296 , 341 , 5176 , 5640 , 0 , 300 , 4980 , 138 , 364 , 362 , 2202 , 5005 , 149 , 2444 , 193 , 406 , 473 , 220 , 494 , 342 , 315 , 260 , 5362 , 202 , 189 , 147 , 7798 , 1437 , 469 , 223 , 226 , 1923 , 2779 , 3707 , 541 , 2904 , 8540 , 301 , 2488 , 8804 , 514 , 2868 , 560 , 331 , 5322 , 617 , 2700 , 548 , 481 , 2390 , 325 , 294 , 191 , 5943 , 7294 , 365 , 231 , 422 , 509 , 2632 , 363 , 263 , 428 , 285 , 407
RegressionTest0::test046 , 4413 , 251 , 315 , 181 , 58 , 5268 , 180 , 173 , 2575 , 403 , 1765 , 236 , 282 , 2557 , 343 , 5583 , 257 , 522 , 59 , 302 , 5297 , 330 , 6954 , 260 , 128 , 7404 , 7464 , 310 , 2928 , 350 , 349 , 410 , 5358 , 258 , 4978 , 2472 , 2549 , 456 , 105 , 7542 , 8138 , 147 , 5050 , 5501 , 300 , 0 , 4839 , 330 , 291 , 343 , 2088 , 4864 , 225 , 2298 , 280 , 365 , 450 , 308 , 402 , 326 , 176 , 251 , 5210 , 276 , 218 , 333 , 7637 , 1353 , 369 , 298 , 376 , 1811 , 2615 , 3558 , 399 , 2764 , 8386 , 308 , 2329 , 8665 , 544 , 2709 , 488 , 248 , 5178 , 495 , 2544 , 456 , 347 , 2225 , 311 , 294 , 308 , 5802 , 7137 , 374 , 294 , 293 , 464 , 2481 , 299 , 285 , 349 , 341 , 327
RegressionTest0::test047 , 2171 , 4951 , 5030 , 4855 , 4809 , 444 , 4750 , 4753 , 2427 , 5163 , 3238 , 4837 , 4950 , 2756 , 5049 , 889 , 4954 , 4559 , 4821 , 4933 , 481 , 4734 , 4378 , 5000 , 4878 , 3933 , 3969 , 5001 , 2737 , 4807 , 5079 , 5163 , 545 , 5038 , 150 , 2797 , 2774 , 5230 , 4787 , 4151 , 4533 , 4811 , 407 , 838 , 4980 , 4839 , 0 , 5049 , 4772 , 4699 , 3020 , 32 , 4929 , 2841 , 5010 , 4747 , 4668 , 4876 , 4683 , 4762 , 4846 , 5009 , 390 , 5004 , 4899 , 5047 , 4124 , 4021 , 4620 , 4877 , 5098 , 3775 , 2759 , 2627 , 4618 , 2618 , 3961 , 4895 , 2866 , 4074 , 4667 , 2773 , 4651 , 4859 , 359 , 4553 , 2767 , 4669 , 4653 , 2889 , 4748 , 4904 , 4985 , 2446 , 3505 , 4769 , 4914 , 4753 , 4651 , 2799 , 4762 , 4879 , 4751 , 4762 , 4786
RegressionTest0::test048 , 4588 , 264 , 214 , 355 , 373 , 5487 , 479 , 470 , 2721 , 219 , 1943 , 277 , 160 , 2774 , 80 , 5808 , 164 , 761 , 357 , 173 , 5524 , 402 , 7182 , 113 , 296 , 7632 , 7691 , 90 , 3154 , 424 , 96 , 218 , 5586 , 170 , 5191 , 2693 , 2776 , 250 , 402 , 7766 , 8376 , 369 , 5250 , 5721 , 138 , 330 , 5049 , 0 , 385 , 413 , 2252 , 5073 , 195 , 2499 , 200 , 462 , 481 , 235 , 537 , 398 , 333 , 229 , 5430 , 172 , 204 , 42 , 7864 , 1462 , 533 , 261 , 177 , 1946 , 2840 , 3786 , 572 , 2960 , 8611 , 274 , 2551 , 8878 , 582 , 2933 , 602 , 360 , 5402 , 672 , 2767 , 602 , 545 , 2447 , 392 , 311 , 123 , 6010 , 7368 , 365 , 253 , 442 , 588 , 2698 , 400 , 238 , 482 , 347 , 454
RegressionTest0::test049 , 4330 , 359 , 415 , 387 , 277 , 5199 , 322 , 319 , 2495 , 528 , 1710 , 233 , 352 , 2490 , 428 , 5502 , 313 , 567 , 289 , 328 , 5221 , 398 , 6902 , 323 , 342 , 7339 , 7401 , 331 , 2871 , 422 , 439 , 527 , 5280 , 372 , 4903 , 2411 , 2482 , 583 , 295 , 7463 , 8039 , 336 , 4955 , 5418 , 364 , 291 , 4772 , 385 , 0 , 376 , 2022 , 4796 , 303 , 2255 , 335 , 380 , 369 , 161 , 357 , 255 , 332 , 452 , 5106 , 378 , 340 , 390 , 7572 , 1230 , 391 , 234 , 447 , 1714 , 2547 , 3469 , 477 , 2681 , 8266 , 343 , 2282 , 8573 , 480 , 2617 , 378 , 316 , 5082 , 442 , 2476 , 380 , 427 , 2179 , 297 , 348 , 348 , 5729 , 7057 , 441 , 343 , 413 , 387 , 2421 , 355 , 326 , 309 , 284 , 324
RegressionTest0::test050 , 4249 , 482 , 486 , 344 , 344 , 5124 , 388 , 381 , 2413 , 572 , 1669 , 311 , 306 , 2463 , 413 , 5452 , 363 , 676 , 335 , 313 , 5167 , 331 , 6853 , 395 , 325 , 7293 , 7351 , 357 , 2846 , 458 , 432 , 577 , 5232 , 421 , 4824 , 2383 , 2465 , 630 , 375 , 7418 , 8013 , 317 , 4881 , 5362 , 362 , 343 , 4699 , 413 , 376 , 0 , 1955 , 4720 , 313 , 2169 , 475 , 428 , 405 , 312 , 402 , 344 , 340 , 438 , 5073 , 479 , 285 , 414 , 7523 , 1229 , 143 , 297 , 515 , 1697 , 2533 , 3464 , 386 , 2644 , 8262 , 393 , 2244 , 8523 , 452 , 2623 , 522 , 450 , 5033 , 546 , 2456 , 526 , 448 , 2141 , 280 , 453 , 373 , 5676 , 7020 , 333 , 395 , 371 , 479 , 2385 , 420 , 279 , 456 , 200 , 440
RegressionTest0::test051 , 2599 , 2105 , 2219 , 2025 , 2056 , 3422 , 1979 , 1981 , 1013 , 2351 , 402 , 2075 , 2148 , 807 , 2244 , 3761 , 2194 , 1884 , 2061 , 2138 , 3468 , 2049 , 5370 , 2229 , 2104 , 5466 , 5522 , 2206 , 1249 , 2091 , 2272 , 2350 , 3534 , 2236 , 3139 , 821 , 823 , 2416 , 2039 , 5607 , 6230 , 2017 , 3257 , 3621 , 2202 , 2088 , 3020 , 2252 , 2022 , 1955 , 0 , 3038 , 2153 , 353 , 2207 , 1920 , 2002 , 2096 , 1875 , 2033 , 2074 , 2205 , 3380 , 2177 , 2147 , 2252 , 5695 , 1423 , 1899 , 2107 , 2292 , 1441 , 880 , 1637 , 1883 , 807 , 6504 , 2070 , 382 , 6712 , 1967 , 929 , 1844 , 2011 , 3340 , 1852 , 815 , 1885 , 1895 , 319 , 2010 , 2124 , 2205 , 3839 , 5224 , 2062 , 2128 , 1977 , 1861 , 826 , 1974 , 2113 , 1945 , 1982 , 1983
