: , RegressionTest0::test1 , RegressionTest0::test2 , RegressionTest0::test3 , RegressionTest0::test4 , RegressionTest0::test5 , RegressionTest0::test6 , RegressionTest0::test7
RegressionTest0::test1 , 0 , 5235 , 6095 , 2332 , 2223 , 8729 , 482
RegressionTest0::test2 , 5235 , 0 , 3284 , 3562 , 3632 , 5119 , 5709
RegressionTest0::test3 , 6095 , 3284 , 0 , 3976 , 4024 , 5523 , 6515
RegressionTest0::test4 , 2332 , 3562 , 3976 , 0 , 223 , 7126 , 2730
RegressionTest0::test5 , 2223 , 3632 , 4024 , 223 , 0 , 7250 , 2619
RegressionTest0::test6 , 8729 , 5119 , 5523 , 7126 , 7250 , 0 , 9121
RegressionTest0::test7 , 482 , 5709 , 6515 , 2730 , 2619 , 9121 , 0
