Class::Test,OpenMapRealVector:137, OpenMapRealVector:139, OpenMapRealVector:166, OpenMapRealVector:168, OpenMapRealVector:194, OpenMapRealVector:196, OpenMapRealVector:220, OpenMapRealVector:227, OpenMapRealVector:245, OpenMapRealVector:246, OpenMapRealVector:247, OpenMapRealVector:248, OpenMapRealVector:249, OpenMapRealVector:252, OpenMapRealVector:269, OpenMapRealVector:278, OpenMapRealVector:294, OpenMapRealVector:320, OpenMapRealVector:321, OpenMapRealVector:322, OpenMapRealVector:324, OpenMapRealVector:334, OpenMapRealVector:346, OpenMapRealVector:359, OpenMapRealVector:371, OpenMapRealVector:384, OpenMapRealVector:398, OpenMapRealVector:401, OpenMapRealVector:413, OpenMapRealVector:436, OpenMapRealVector:444, OpenMapRealVector:447, OpenMapRealVector:459, OpenMapRealVector:470, OpenMapRealVector:495, OpenMapRealVector:501, OpenMapRealVector:504, OpenMapRealVector:516, OpenMapRealVector:527, OpenMapRealVector:543, OpenMapRealVector:546, OpenMapRealVector:551, OpenMapRealVector:554, OpenMapRealVector:555, OpenMapRealVector:567, OpenMapRealVector:578, OpenMapRealVector:580, OpenMapRealVector:591, OpenMapRealVector:594, OpenMapRealVector:597, OpenMapRealVector:607, OpenMapRealVector:609, OpenMapRealVector:625, OpenMapRealVector:637, OpenMapRealVector:641, OpenMapRealVector:664, OpenMapRealVector:666, OpenMapRealVector:684, OpenMapRealVector:692, OpenMapRealVector:709, OpenMapRealVector:712, OpenMapRealVector:725, OpenMapRealVector:736, OpenMapRealVector:737, OpenMapRealVector:759, OpenMapRealVector:763, OpenMapRealVector:790, OpenMapRealVector:806, OpenMapRealVector:809, OpenMapRealVector:813, OpenMapRealVector:817, OpenMapRealVector:821, OpenMapRealVector:824, OpenMapRealVector:829, OpenMapRealVector:832, 
RegressionTest2::test1002, 0,0,1,0.5,0,0,0.5,0,0,0,0,0,0,0,0,0,0,0.5,0.5,0.5,1,0.5,0,0,0,0,0,0,0,1,1,0.5,0.5,0,0,0,0,0,0,0,0,0,0,0,0,0,0,0,0,0,0,0,0,0,0,0,0,0,0,0,0,0,0,0,0.5,1,0,0,0,0,0,0,0,0,0,
RegressionTest2::test1003, 0,0,1,0.5,0,0,0.5,0,0,0,0,0,0,0,0,0,0,0.5,0.5,0.5,1,0.5,0,0,0,0,0,0,0,1,1,0.5,0,0,0,0,0,0,0,1,0.5,1,0.5,0,0.5,0,0,0,0,0,0,0,1,0,0,0.5,0,0,0,0,0,0,0,0,0.5,1,0,0,0,0,0,0,0,0,0,
RegressionTest2::test1004, 0,0,0,0,0,0,0,0,0,0,0,0,0,0,0,0,0,0,0,0,0,0,0,0,0,0,0,0,0,0,0,0,0,0,0,0,0,0,0,0,0,0,0,0,0,0,0,0,0,0,0,0,0,0,0,0,0,0,0,0,0,0,0,0,0,0,0,0,0,0,0,0,0,0,0,
RegressionTest2::test1005, 0,0,0,0,0,0,0,0,0,0,0,0,0,0,0,0,0,0,0,0,0,0,0,0,0,0,0,0,0,0,0,0,0,0,0,0,0,0,0,0,0,0,0,0,0,0,0,0,0,0,0,0,0,0,0,0,0,0,0.5,0,0,0,0,0,0,0,0,0,0,0,0,0,0,0,0,
RegressionTest2::test1006, 0,0,1,0.5,0,0,0.5,0,0,0,0,0,0,0,0,0,0,0.5,0.5,0.5,1,0.5,0,0,0,0,0,0,0,0,0,0,0,0,0,0,0,0,0,0,0,0,0,0,0,0,0,1,0.5,0.5,0,0,0,0,0,0,0,0,0,0,0,0,0,0,0,0,0,0,0,0,0,0,0,0,0,
RegressionTest2::test1007, 0,0,1,0.5,0,0,0.5,0.5,0.5,0.5,0.5,0.5,1,0.5,0,0,0,0.5,0.5,0.5,1,1,0,0,0,0,0,0,1,1,1,0.5,0,0,1,1,0.5,0.5,0,1,0.5,1,0.5,0,0.5,0,0,0,0,0,1,0.5,1,0,0,0.5,0,0,0,0,0,0,0,0,0,0,0,0.5,0.5,0,0,0,0,0,0,
RegressionTest2::test1008, 0,0,0,0,0,0,0,0,0,0,0,0,0,0,0,0,0,0,0,0,0,0,0,0,0,0,0,0,0,0,0,0,0,0,0,0,0,0,0,0,0,0,0,0,0,0,0,0,0,0,0,0,0,0,0,0,0,0,0,0,0,0,0,0,0,0,0,0,0,0,0,0,0,0,0,
RegressionTest2::test1009, 0,0,1,0.5,0,0,0.5,0,0,0,0,0,0,0,0,0,0,0,0,0,0,0,0,0,0,0,0,0,0,0,0,0,0,0,0,0,0,0,0,0,0,0,0,0,0,0,0,0,0,0,0,0,0,0,0,0,0,0,0,0,0,0,0,0,0,0,0,0,0,0,0,0,0,0,0,
RegressionTest2::test1010, 0,0,0,0,0,0,0,0,0,0,0,0,0,0,0,0,0,0,0,0,0,0,0,0,0,0,0,0,0,0,0,0,0,0,0,0,0,0,0,0,0,0,0,0,0,0,0,0,0,0,0,0,0,0,0,0,0,0,0,0,0,0,0,0,0,0,0,0,0,0,0,0,0,0,0,
RegressionTest2::test1011, 0,0,1,0.5,0,0,0.5,0,0,0,0,0,0,0,0,0,0,0.5,0.5,0.5,1,0.5,0,0,0,0,0,0,1,1,1,0.5,0,0,1,1,0.5,0,0,0,0,0,0,0,0,1,0.5,0,0,0,0,0,1,0,0,0.5,0,0,0,0,0,0,0,0,0,0,0,0,0,0,0,0,0,0,0,
RegressionTest2::test1012, 0,0,0,0,0,0,0,0,0,0,0,0,0,0,0,0,0,0,0,0,0,0,0,0,0,0,0,0,0,0,0,0,0,0,0,0,0,0,0,0,0,0,0,0,0,0,0,0,0,0,0,0,0,0,0,0,0,0,0,0,0,0,0,0,0,0,0,0,0,0,0,0,0,0,0,
RegressionTest2::test1013, 0,0,1,0.5,0,0,0.5,0,0,0,0,0,0,0,0,0,0,0.5,0.5,0.5,1,0.5,1,0,0,0,0,0,1,1,1,0.5,0,0,0,0,0,0,0,1,0.5,1,0.5,0,0.5,0,0,1,0.5,0.5,0,0,1,0,0,0.5,0,1,0,0,0,0,0,0,0,0,0,0,0,0,0,0,0,0,0,
RegressionTest2::test1014, 0,0,0,0,0,0,0,0,0,0,0,0,0,0,0,0,0,0,0,0,0,0,0,0,0,0,0,0,0,0,0,0,0,0,0,0,0,0,0,0,0,0,0,0,0,0,0,0,0,0,0,0,0,0,0,0,0,0,0,0,0,0,0,0,0,0,0,0,0,0,0,0,0,0,0,
RegressionTest2::test1015, 0,0,1,0.5,0,0,0.5,0.5,0.5,0.5,0.5,0.5,1,0.5,0,0,0,0.5,0.5,0.5,1,0.5,0,0,0,0,0,0,1,1,1,0.5,0,0,0,0,0,0,0,1,0.5,1,0.5,0,0.5,0,0,0,0,0,0,0,1,0,0,0.5,0,0,0,1,0.5,0.5,0,0,0,0,0,0,0,0,0,0,0,0,0,
RegressionTest2::test1016, 0,0,0,0,0,0,0,0,0,0,0,0,0,0,0,0,0,0,0,0,0,0,0,0,0,0,0,0,0,0,0,0,0,0,0,0,0,0,0,0,0,0,0,0,0,0,0,0,0,0,0,0,0,0,0,0,0,0,0,0,0,0,0,0,0,0,0,0,0,0,0,0,0,0,0,
RegressionTest2::test1017, 0,0,1,0.5,0,0,0.5,0.5,0.5,0.5,0.5,0.5,1,0.5,0,0,0,0.5,0.5,0.5,1,0.5,1,0,0,0,0,0,0,1,1,0.5,0,0,0,0,0,0,0,1,0.5,1,0.5,0,0.5,0,0,1,0.5,0.5,1,0.5,1,0,0,0.5,0,0,0,0,0,0,0,0,0,0,0,0.5,0.5,0,0,0,0,0,0,
RegressionTest2::test1018, 0,0,0,0,0,0,0,0,0,0,0,0,0,0,0,0,0,0,0,0,0,0,0,0,0,0,0,0,0,0,0,0,0,0,0,0,0,0,0,0,0,0,0,0,0,0,0,0,0,0,0,0,0,0,0,0,0,0,0,0,0,0,0,0,0,0,0,0,0,0,0,0,0,0,0,
RegressionTest2::test1019, 0,0,1,0.5,0,0,0.5,0,0,0,0,0,0,0,0,0,0,0.5,0.5,0.5,1,0.5,0,1,0,0,0,0,1,1,1,0.5,0,0,0,0,0,0,0,0,0,0,0,0,0,0,0,0,0,0,0,0,1,0,0,0.5,0,0,1,1,0.5,0.5,0,0,0.5,1,0,0.5,0.5,0,0,0,0,0,0,
RegressionTest2::test1020, 0,0,1,0.5,0,0,0.5,0,0,0,0,0,0,0,0,0,0,0.5,0.5,0.5,1,0.5,0,1,0,0,0,0,1,1,1,0.5,0,0,0,0,0,0,0,0,0,0,0,0,0,0,0,0,0,0,0,0,1,0,0,0.5,0,0,0,0,0,0,0,0,0.5,1,0,0.5,0.5,0,0,0,0,0,0,
RegressionTest2::test1021, 0,0,1,0.5,0,0,0.5,0,0,0,0,0,0,0,0,0,0,0.5,0.5,0.5,1,0.5,1,0,0,0,0,0,0,0,0,0,0,0,0,0,0,0,0,0,0,0,0,0,0,0,0,1,0.5,0.5,0,0,1,0,0,0.5,0,0,0,0,0,0,0,0,0,0,0,0,0,0,0,0,0,0,0,
RegressionTest2::test1022, 0,0,0,0,0,0,0,0,0,0,0,0,0,0,0,0,0,0,0,0,0,0,0,0,0,0,0,0,0,0,0,0,0,0,0,0,0,0,0,0,0,0,0,0,0,0,0,0,0,0,0,0,0,0,0,0,0,0,0,0,0,0,0,0,0,0,0,0,0,0,0,0,0,0,0,
RegressionTest2::test1023, 0,0,0,0,0,0,0,0,0,0,0,0,0,0,0,0,0,0,0,0,0,0,0,0,0,0,0,0,0,0,0,0,0,0,0,0,0,0,0,0,0,0,0,0,0,0,0,0,0,0,0,0,0,0,0,0,0,0,0,0,0,0,0,0,0,0,0,0,0,0,0,0,0,0,0,
RegressionTest2::test1024, 0,0,1,0.5,0,0,0.5,0,0,0,0,0,0,0,0,0,0,0.5,0.5,0.5,1,0.5,0,0,0,0,0,0,0,1,1,0.5,0,0,0,0,0,0,0,1,0.5,1,0.5,0,0.5,0,0,0,0,0,0,0,1,0,0,0.5,0,0,0,0,0,0,0,0,0.5,1,0,0,0,0,0,0,0,0,0,
RegressionTest2::test1025, 0,0,1,0.5,0,0,0.5,0,0,0,0,0,0,0,0,0,0,0.5,0.5,0.5,1,0.5,0,0,1,0,0,0,1,0,0,0,0,0,0,0,0,0,0,0,0,0,0,0,0,0,0,0,0,0,0,0,0,0,0,0.5,0,0,0,0,0,0,0,0,0.5,1,0,0,0,0,0,0,0,0,0,
RegressionTest2::test1026, 0,0,0,0,0,0,0,0,0,0,0,0,0,0,0,0,0,0,0,0,0,0,0,0,0,0,0,0,0,0,0,0,0,0,0,0,0,0,0,0,0,0,0,0,0,0,0,0,0,0,0,0,0,0,0,0,0,0,0,0,0,0,0,0,0,0,0,0,0,0,0,0,0,0,0,
RegressionTest2::test1027, 0,0,1,0.5,0,0,0.5,0,0,0,0,0,0,0,0,0,0,0.5,0.5,0.5,1,0.5,1,0,0,0,0,0,0,1,1,0.5,0,0,0,0,0,0,0,1,0.5,1,0.5,0,0.5,0,0,1,0.5,0.5,0,0,1,0,0,0.5,0,0,0,0,0,0,0,0,0,0,0,0.5,0.5,0,0,0,0,0,0,
RegressionTest2::test1028, 0,0,0,0,0,0,0,0,0,0,0,0,0,0,0,0,0,0,0,0,0,0,0,0,0,0,0,0,0,0,0,0,0,0,0,0,0,0,0,0,0,0,0,0,0,0,0,0,0,0,0,0,0,0,0,0,0,0,0,0,0,0,0,0,0,0,0,0,0,0,0,0,0,0,0,
RegressionTest2::test1029, 0,0,1,0.5,0,0,0.5,0,0,0,0,0,0,0,0,0,0,0.5,0.5,0.5,1,0.5,1,1,0,0,0,0,1,1,1,0.5,0,0,0,0,0,0,0,0,0,0,0,0,0,1,0.5,1,0.5,0.5,0,0,1,0,0,0.5,0,0,0,0,0,0,0,0,0,0,0,0,0,0,0,0,0,0,0,
RegressionTest2::test1030, 0,0,1,0.5,0,0,0.5,0,0,0,0,0,0,0,0,0,0,0.5,0.5,0.5,1,0.5,0,0,0,0,0,0,0,1,1,0.5,0,0,0,0,0,0,0,0,0,0,0,0,0,0,0,0,0,0,0,0,1,0,0,0.5,0,0,0,0,0,0,0,0,0,0,0,0,0,0,0,0,0,0,0,
RegressionTest2::test1031, 0,0,1,0.5,0,0,0.5,0.5,0.5,0.5,0.5,0.5,1,0.5,0,0,0,0.5,0.5,0.5,1,0.5,0,0,0,0,0,0,0,1,1,0.5,0,0,0,0,0,0,0,1,0.5,1,0.5,0,0.5,0,0,0,0,0,0,0,1,0,0,0.5,0,0,0,0,0,0,0,0,0,0,0,0,0,0,0,0,0,0,0,
RegressionTest2::test1032, 0,0,1,0.5,0,0,0.5,0,0,0,0,0,0,0,0,0,0,0.5,0.5,0.5,1,0.5,0,0,0,0,0,0,1,0,0,0,0,0,0,0,0,0,0,0,0,0,0,0,0,0,0,0,0,0,0,0,1,0,0,0.5,0,0,0,0,0,0,0,0,0,0,0,0,0,0,0,0,0,0,0,
RegressionTest2::test1033, 0,0,0,0,0,0,0,0,0,0,0,0,0,0,0,0,0,0,0,0,0,0,0,0,0,0,0,0,0,0,0,0,0,0,0,0,0,0,0,0,0,0,0,0,0,0,0,0,0,0,0,0,0,0,0,0,0,0,0,0,0,0,0,0,0,0,0,0,0,0,0,0,0,0,0,
RegressionTest2::test1034, 0,0,1,0.5,0,0,0.5,0,0,0,0,0,0,0,1,0.5,0,0.5,0.5,0.5,1,0.5,0,1,0,0,0,0,1,1,1,0.5,0,0,0,0,0,0,0,0,0,0,0,0,0,0,0,0,0,0,0,0,1,0,0,0.5,0,0,0,0,0,0,0,0,0.5,1,0,0,0,0,0,0,0,0,0,
RegressionTest2::test1035, 0,0,1,0.5,0,0,0.5,0.5,0.5,0.5,0.5,0.5,1,0.5,0,0,0,0.5,0.5,0.5,1,0.5,0,0,0,0,0,0,0,1,1,0.5,0,0,0,0,0,0,0,1,0.5,1,0.5,0,0.5,0,0,0,0,0,0,0,1,0,0,0.5,0,0,0,0,0,0,0,0,0,0,0,0,0,0,0,0,0,0,0,
RegressionTest2::test1036, 0,0,1,0.5,0,0,0.5,0,0,0,0,0,0,0,0,0,0,0.5,0.5,0.5,1,0.5,0,0,0,0,0,0,1,1,1,0.5,0,0,0,0,0,0,0,0,0,0,0,0,0,0,0,0,0,0,0,0,1,0,0,0.5,0,1,0,0,0,0,0,0,0,0,0,0,0,0,0,0,0,0,0,
RegressionTest2::test1037, 1,0.5,1,0.5,0,0,0.5,0,0,0,0,0,0,0,0,0,0,0.5,0.5,0.5,1,0.5,1,1,0,0,0,0,1,1,1,0.5,0,0,0,0,0,0,0,0,0,0,0,0,0,1,0.5,1,0.5,0.5,0,0,1,0,0,0.5,0,0,0,0,0,0,0,0,0,0,0,0,0,0,0,0,0,0,0,
RegressionTest2::test1038, 0,0,0,0,0,0,0,0,0,0,0,0,0,0,0,0,0,0,0,0,0,0,0,0,0,0,0,0,0,0,0,0,0,0,0,0,0,0,0,0,0,0,0,0,0,0,0,0,0,0,0,0,0,0,0,0,0,0,0,0,0,0,0,0,0,0,0,0,0,0,0,0,0,0,0,
RegressionTest2::test1039, 0,0,0,0,0,0,0,0,0,0,0,0,0,0,0,0,0,0,0,0,0,0,0,0,0,0,0,0,0,0,0,0,0,0,0,0,0,0,0,0,0,0,0,0,0,0,0,0,0,0,0,0,0,0,0,0,0,0,0,0,0,0,0,0,0,0,0,0,0,0,0,0,0,0,0,
RegressionTest2::test1040, 0,0,0,0,0,0,0,0,0,0,0,0,0,0,0,0,0,0,0,0,0,0,0,0,0,0,0,0,0,0,0,0,0,0,0,0,0,0,0,0,0,0,0,0,0,0,0,0,0,0,0,0,0,0,0,0,0,0,0,0,0,0,0,0,0,0,0,0,0,0,0,0,0,0,0,
RegressionTest2::test1041, 0,0,0,0,0,0,0.5,0,0,0,0,0,0,0,0,0,0,0,0,0,0,0,0,0,0,0,0,0,0,0,0,0,0,0,0,0,0,0,0,0,0,0,0,0,0,0,0,0,0,0,0,0,0,0,0,0.5,0,0,0,0,0,0,0,0,0.5,0.5,0,0,0,0,0,0,0,0,0,
RegressionTest2::test1042, 0,0,1,1,0,0,1,0,0,0,0,0,0,0,0,0,0,0.5,0.5,0.5,1,0.5,0,0,0,0,0,0,0.5,1,1,1,0.5,0,0,0,0,0,0,1,0.5,1,0.5,0,0.5,0,0,1,0.5,0.5,0,0,1,0,0,0.5,0,0,0,0,0,0,0,0,0,0,0,0,0,0,0,0,0,0,0,
RegressionTest2::test1043, 0,0,1,0.5,0,0,0.5,0,0,0,0,0,0,0,0,0,0,0.5,0.5,0.5,1,0.5,1,0,0,0,0,0,0,1,1,0.5,0,0,0,0,0,0,0,1,0.5,1,0.5,0,0.5,0,0,1,0.5,0.5,0,0,1,0,0,0.5,0,0,0,0,0,0,0,0,0,0,0,0,0,0,0,0,0,0,0,
RegressionTest2::test1044, 0,0,1,0.5,0,0,0.5,0.5,0.5,0.5,0.5,0.5,1,0.5,0,0,0,0.5,0.5,0.5,1,1,1,0,0,0,0,0,1,1,1,0.5,0,0,0,0,0,0,0,1,0.5,1,0.5,0,0.5,0,0,0,0,0,1,0.5,1,0,0,0.5,0,0,0,0,0,0,0,0,0.5,1,0,0,0,0,0,0,0,0,0,
RegressionTest2::test1045, 0,0,1,0.5,0,0,0.5,0,0,0,0,0,0,0,0,0,0,0.5,0.5,0.5,1,0.5,0,0,0,0,0,0,1,0,0,0,0,0,0,0,0,0,0,0,0,0,0,0,0,0,0,0,0,0,0,0,1,0,0,0.5,0,0,0,0,0,0,0,0,0,0,0,0,0,0,0,0,0,0,0,
RegressionTest2::test1046, 0,0,1,0.5,0,0,0.5,0,0,0,0,0,0,0,0,0,0,0.5,0.5,0.5,1,0.5,0,0,0,0,0,0,0,1,1,0.5,0,0,0,0,0,0,0,0,0,0,0,0,0,0,0,0,0,0,0,0,1,0,0,0.5,0,0,0,0,0,0,0,0,0,0,0,0,0,0,0,0,0,0,0,
RegressionTest2::test1047, 0,0,1,0.5,0,0,0.5,0,0,0,0,0,0,0,0,0,0,0.5,0.5,0.5,1,0.5,0,0,0,0,0,0,1,1,1,0.5,0,0,1,1,0.5,0,0,0,0,0,0,0,0,0,0,0,0,0,0,0,0,1,1,0.5,0,0,1,0,0,0,0,0,0.5,1,0,0,0,0,0,0,0,0,0,
RegressionTest2::test1048, 0,0,1,0.5,0,0,0.5,0,0,0,0,0,0,0,0,0,0,0.5,0.5,0.5,1,0.5,0,0,0,0,0,0,0,0,0,0,0,0,0,0,0,0,0,0,0,0,0,0,0,0,0,0,0,0,0,0,0,0,0,0,0,0,0,0,0,0,0,0,0,0,0,0,0,0,0,0,0,0,0,
RegressionTest2::test1049, 1,0.5,1,0.5,0,0,0.5,0,0,0,0,0,0,0,0,0,0,1,1,1,1,0.5,0,0,0,0,0,0,1,1,1,0.5,0,0,1,1,0.5,0,0,0,0,0,0,0,0,1,0.5,0,0,0,0,0,1,0,0,0.5,0,0,0,0,0,0,0,0,0,0,0,0,0,0,0,0,0,0,0,
RegressionTest2::test1050, 0,0,1,0.5,0,0,0.5,0,0,0,0,0,0,0,0,0,0,0.5,0.5,0.5,1,0.5,1,1,0,0,0,0,1,1,1,0.5,0,0,0,0,0,0,0,0,0,0,0,0,0,1,0.5,1,0.5,0.5,0,0,1,0,0,0.5,0,0,0,0,0,0,0,0,0,0,0,0,0,0,0,0,0,0,0,
RegressionTest2::test1051, 0,0,1,0.5,0,0,0.5,0,0,0,0,0,0,0,0,0,0,0.5,0.5,0.5,1,0.5,0,0,0,0,0,0,0,1,1,0.5,0,0,0,0,0,0,0,0,0,0,0,0,0,0,0,0,0,0,0,0,1,0,0,0.5,0,0,1,0,0,0,0,0,0,0,0,0,0,0,0,0,0,0,0,
RegressionTest2::test1052, 0,0,1,1,0,0,1,0,0,0,0,0,0,0,0,0,0,0,0,0,0,0,0,0,0,0,0,0,0,0,0,0,0,0,0,0,0,0,0,0,0,0,0,0,0,0,0,0,0,0,0,0,0,0,0,0,0,0,0,0,0,0,0,0,0,0,0,0,0,0,0,0,0,0,0,
RegressionTest2::test1053, 0,0,0,0,0,0,0,0,0,0,0,0,0,0,0,0,0,0,0,0,0,0,0,0,0,0,0,0,0,0,0,0,0,0,0,0,0,0,0,0,0,0,0,0,0,0,0,0,0,0,0,0,0,0,0,0,0,0,0,0,0,0,0,0,0,0,0,0,0,0,0,0,0,0,0,
RegressionTest2::test1054, 0,0,1,0.5,0,0,0.5,0.5,0.5,0.5,0.5,0.5,0.5,0,0,0,0,0.5,0.5,0.5,1,0.5,1,0,0,0,0,0,0,1,1,0.5,0,0,0,0,0,0,0,1,0.5,1,0.5,0,0.5,0,0,1,0.5,0.5,0,0,1,0,0,0.5,0,0,1,1,0.5,0.5,0,0,0.5,1,0,0,0,0,0,0,0,0,0,
RegressionTest2::test1055, 1,0.5,0,0,0,0,1,0,0,0,0,0,0,0,0,0,0,0,0,0,0,0,0,0,0,0,0,0,0,0,0,0,0,0,0,0,0,0,0,0,0,0,0,0,0,0,0,0,0,0,0,0,0,0,0,0,0,0,0,0,0,0,0,0,0,0,0,0,0,0,0,0,0,0,0,
RegressionTest2::test1056, 1,0.5,1,0.5,0,0,1,0,0,0,0,0,0,0,0,0,0,0.5,0.5,0.5,1,0.5,0,0,0,0,0,0,1,1,1,0.5,0,0,0,0,0,0,0,1,0.5,1,0.5,0,0.5,0,0,0,0,0,0,0,1,0,0,0.5,0,0,0,0,0,0,0,0,0,0,0,0,0,0,0,0,0,0,0,
RegressionTest2::test1057, 0,0,0,0,0,0,0,0,0,0,0,0,0,0,0,0,0,0,0,0,0,0,0,0,0,0,0,0,0,0,0,0,0,0,0,0,0,0,0,0,0,0,0,0,0,0,0,0,0,0,0,0,0,0,0,0,0,0,0,0,0,0,0,0,0,0,0,0,0,0,0,0,0,0,0,
RegressionTest2::test1058, 0,0,1,0.5,0,0,0.5,0,0,0,0,0,0,0,0,0,0,0.5,0.5,0.5,1,0.5,1,0,0,0,0,0,1,1,1,0.5,0,0,0,0,0,0,0,1,0.5,1,0.5,0,0.5,0,0,1,0.5,0.5,0,0,1,0,0,0.5,0,0,0,0,0,0,0,0,0,0,0,0.5,0.5,0,0,0,0,0,0,
RegressionTest2::test1059, 1,1,1,0.5,0,0,1,0.5,0.5,0.5,0.5,0.5,1,0.5,1,0.5,0.5,0.5,0.5,0.5,1,0.5,0,1,0,0,0,0,1,1,1,0.5,0,0,0,0,0,0,0,1,0.5,1,0.5,0,0.5,0,0,0,0,0,0,0,1,0,0,0.5,0,0,1,0,0,0,0,0,0.5,1,0,0,0,0,0,0,0,0,0,
RegressionTest2::test1060, 0,0,1,0.5,0,0,0.5,0,0,0,0,0,0,0,0,0,0,0.5,0.5,0.5,1,0.5,0,0,0,0,0,0,0,0,0,0,0,0,0,0,0,0,0,0,0,0,0,0,0,0,0,0,0,0,0,0,0,0,0,0,0,0,0,0,0,0,0,0,0,0,0,0,0,0,0,0,0,0,0,
RegressionTest2::test1061, 0,0,1,0.5,0,0,0.5,0,0,0,0,0,0,0,0,0,0,0.5,0.5,0.5,1,0.5,0,0,0,0,0,0,0,0,0,0,0,0,0,0,0,0,0,0,0,0,0,0,0,0,0,0,0,0,1,0.5,0,0,0,0,0,0,0,0,0,0,0,0,0,0,0,0,0,0,0,0,0,0,0,
RegressionTest2::test1062, 0,0,0,0,0,0,0,0,0,0,0,0,0,0,0,0,0,0,0,0,0,0,0,0,0,0,0,0,0,0,0,0,0,0,0,0,0,0,0,0,0,0,0,0,0,0,0,0,0,0,0,0,0,0,0,0,0,0,0,0,0,0,0,0,0,0,0,0,0,0,0,0,0,0,0,
RegressionTest2::test1063, 0,0,1,0.5,0,0,0.5,0,0,0,0,0,0,0,0,0,0,0.5,0.5,0.5,1,0.5,0,0,0,0,0,0,0,0,0,0,0,0,0,0,0,0,0,0,0,0,0,0,0,0,0,0,0,0,0,0,0,0,0,0.5,0,0,0,0,0,0,0,0,0.5,1,0,0,0,0,0,0,0,0,0,
RegressionTest2::test1064, 0,0,0,0,0,0,0,0,0,0,0,0,0,0,0,0,0,0,0,0,0,0,0,0,0,0,0,0,0,0,0,0,0,0,0,0,0,0,0,0,0,0,0,0,0,0,0,0,0,0,0,0,0,0,0,0,0,0,0,0,0,0,0,0,0,0,0,0,0,0,0,0,0,0,0,
RegressionTest2::test1065, 0,0,1,0.5,0,0,0.5,0,0,0,0,0,0,0,0,0,0,0.5,0.5,0.5,1,0.5,1,0,0,0,0,0,1,1,1,0.5,0,0,0,0,0,0,0,1,0.5,1,0.5,0,0.5,0,0,1,0.5,0.5,0,0,1,0,0,0.5,0,0,0,0,0,0,0,0,0,0,0,0.5,0.5,0,0,0,0,0,0,
RegressionTest2::test1066, 0,0,1,0.5,0,0,0.5,0,0,0,0,0,0,0,0,0,0,0.5,0.5,0.5,1,0.5,1,0,0,0,0,0,0,0,0,0,0,0,0,0,0,0,0,0,0,0,0,0,0,0,0,1,0.5,0.5,0,0,1,0,0,0.5,0,0,0,0,0,0,0,0,0,0,0,0,0,0,0,0,0,0,0,
RegressionTest2::test1067, 0,0,1,0.5,0,0,0.5,0,0,0,0,0,0,0,0,0,0,0.5,0.5,0.5,1,0.5,1,0,0,0,0,0,0,1,1,0.5,0,0,0,0,0,0,0,1,0.5,1,0.5,0,0.5,0,0,1,0.5,0.5,0,0,1,0,0,0.5,0,0,0,0,0,0,0,0,0,0,0,0.5,0.5,0,0,0,0,0,0,
RegressionTest2::test1068, 0,0,0,0,0,0,0,0,0,0,0,0,0,0,0,0,0,0,0,0,0,0,0,0,0,0,0,0,0,0,0,0,0,0,0,0,0,0,0,0,0,0,0,0,0,0,0,0,0,0,0,0,0,0,0,0,0,0,0,0,0,0,0,0,0,0,0,0,0,0,0,0,0,0,0,
RegressionTest2::test1069, 0,0,1,0.5,0,0,0.5,0,0,0,0,0,0,0,0,0,0,0.5,0.5,0.5,1,0.5,0,0,0,0,0,0,1,0,0,0,0,0,0,0,0,0,0,0,0,0,0,0,0,0,0,0,0,0,0,0,0,0,0,0,0,0,0,0,0,0,0,0,0,0,0,0,0,0,0,0,0,0,0,
RegressionTest2::test1070, 0,0,0,0,0,0,0,0,0,0,0,0,0,0,0,0,0,0,0,0,0,0,0,0,0,0,0,0,0,0,0,0,0,0,0,0,0,0,0,0,0,0,0,0,0,0,0,0,0,0,0,0,0,0,0,0,0,0,0,0,0,0,0,0,0,0,0,0,0,0,0,0,0,0,0,
RegressionTest2::test1071, 0,0,1,0.5,0,0,0.5,0,0,0,0,0,0,0,0,0,0,0.5,0.5,0.5,1,0.5,0,0,0,0,0,0,1,1,1,0.5,0,0,0,0,0,0,0,0,0,0,0,0,0,0,0,0,0,0,0,0,1,0,0,0.5,0,1,0,0,0,0,0,0,0,0,0,0,0,0,0,0,0,0,0,
RegressionTest2::test1072, 0,0,1,0.5,0,0,0.5,0,0,0,0,0,0,0,0,0,0,0.5,0.5,0.5,1,0.5,0,0,0,0,0,0,1,1,1,0.5,0,0,0,0,0,0,0,1,0.5,1,0.5,0,0.5,0,0,0,0,0,0,0,1,0,0,0.5,0,0,0,0,0,0,0,0,0,0,0,0,0,0,0,0,0,0,0,
RegressionTest2::test1073, 0,0,1,0.5,0,0,0.5,0,0,0,0,0,0,0,0,0,1,0.5,0.5,0.5,1,0.5,0,0,0,0,0,0,1,1,1,0.5,0,0,0,0,0,0,0,0,0,0,0,0,0,1,0.5,0,0,0,0,0,1,1,1,0.5,0,0,0,0,0,0,0,0,0.5,1,0,0,0,0,0,0,0,0,0,
RegressionTest2::test1074, 0,0,0,0,0,0,0,0,0,0,0,0,0,0,0,0,0,0,0,0,0,0,0,0,0,0,0,0,0,0,0,0,0,0,0,0,0,0,0,0,0,0,0,0,0,0,0,0,0,0,0,0,0,0,0,0,0,0,0,0,0,0,0,0,0,0,0,0,0,0,0,0,0,0,0,
RegressionTest2::test1075, 1,1,1,0.5,0,0,1,0,0,0,0,0,0,0,0,0,0,0.5,0.5,0.5,1,0.5,0,0,0,0,0,0,1,1,1,0.5,0,0,0,0,0,0,0,0,0,0,0,0,0,0,0,0,0,0,0,0,1,0,0,0.5,0,0,0,0,0,0,0,0,0,0,0,0,0,0,0,0,0,0,0,
RegressionTest2::test1076, 0,0,1,1,1,0.5,1,0,0,0,0,0,0,0,0,0,0,0.5,0.5,0.5,1,0.5,0,0,0,0,0,0,0,1,1,0.5,0,0,0,0,0,0,0,0,0,0,0,0,0,0,0,0,0,0,0,0,1,0,0,0.5,0,0,0,0,0,0,0,0,0.5,1,0,0.5,0.5,0.5,0.5,0,0,0,0,
RegressionTest2::test1077, 0,0,0,0,0,0,0,0,0,0,0,0,0,0,0,0,0,0,0,0,0,0,0,0,0,0,0,0,0,0,0,0,0,0,0,0,0,0,0,0,0,0,0,0,0,0,0,0,0,0,0,0,0,0,0,0,0,0,0,0,0,0,0,0,0,0,0,0,0,0,0,0,0,0,0,
RegressionTest2::test1078, 0,0,1,0.5,0,0,0.5,0,0,0,0,0,0,0,0,0,0,0.5,0.5,0.5,1,0.5,0,0,0,0,0,0,0,1,1,0.5,0,0,0,0,0,0,0,0,0,0,0,0,0,0,0,0,0,0,0,0,1,0,0,0.5,0,0,0,0,0,0,0,0,0.5,1,0,0,0,0,0,0,0,0,0,
RegressionTest2::test1079, 0,0,1,0.5,0,0,0.5,0,0,0,0,0,0,0,0,0,0,0.5,0.5,0.5,1,0.5,0,0,0,0,0,0,1,1,1,0.5,0,0,1,1,0.5,0,0,0,0,0,0,0,0,1,0.5,0,0,0,0,0,1,0,0,0.5,0,0,0,0,0,0,0,0,0.5,1,0,0,0,0,0,0,0,0,0,
SparseRealVectorTest::testConstructors, 1,0.5,1,0.5,1,0.5,0.5,0,0,0,0,0,0,0,0,0,0,0,0,0,0,0,0,0,0,0,0,0,0,0,0,0,0,0,0,0,0,0,0,0,0,0,0,0,0,0,0,0,0,0,0,0,0,0,0,0,0,0,0,0,0,0,0,0,0,0,0,0,0,0,0,0,0,0,0,
SparseRealVectorTest::testDataInOut, 1,0.5,0,0,0,0,0.5,0,0,0,0,0,0,0,1,0.5,1,0,0,0,0,0,0,0,0,0,1,1,1,0,0,0,0,0,0,0,0,0,0,0,0,0,0,0,0,0,0,0,0,0,0,0,0,0,0,0.5,0,1,1,0,0,0,0,0,0,0,0,0,0,0,0,0,0,0,0,
SparseRealVectorTest::testMapFunctions, 1,1,0,0,0,0,1,0,0,0,0,0,0,0,0,0,0,0,0,0,0,0,0,0,0,0,0,0,1,0,0,0,0,0,0,0,0,0,0,0,0,0,0,0,0,0,0,0,0,0,0,0,1,0,0,1,0.5,0,0,0,0,0,0,0,0,0,0,0,0,0,0,0,0,0,0,
SparseRealVectorTest::testBasicFunctions, 1,1,0,0,0,0,1,0.5,0.5,0.5,0.5,0.5,1,0.5,0,0,0,0.5,0.5,0.5,1,1,1,0,1,0,0,0,1,1,1,0.5,0.5,1,1,1,0.5,0.5,1,1,1,1,0.5,0,1,1,1,0,0,0,0,0,0,0,0,0.5,0,0,0,1,0.5,0.5,1,0.5,1,1,0,0,0,0,0,0,0,0,0,
SparseRealVectorTest::testOuterProduct, 1,0.5,0,0,0,0,0.5,0,0,0,0,0,0,0,0,0,0,0,0,0,0,0,0,0,0,0,0,0,0,0,0,0,0,0,0,0,0,0,0,0,0,0,0,0,0,0,0,0,0,0,0,0,0,0,0,0,0,0,0,0,0,0,0,0,0,0,0,0,0,0,0,0,0,0,0,
SparseRealVectorTest::testMisc, 1,0.5,0,0,0,0,0.5,0,0,0,0,0,0,0,0,0,0,0,0,0,0,0,0,0,0,0,0,0,0,0,0,0,0,0,0,0,0,0,0,0,0,0,0,0,0,0,0,0,0,0,0,0,0,0,0,0,0,0,0,0,0,0,0,0,0,0,1,0,0,0,0,0,0,0,0,
SparseRealVectorTest::testPredicates, 1,1,0,0,0,0,1,0,0,0,0,0,0,0,0,0,0,0,0,0,0,0,0,0,0,0,0,0,0,0,0,0,0,0,0,0,0,0,0,0,0,0,0,0,0,0,0,1,1,1,1,1,0,0,0,1,0.5,0,0,0,0,0,0,0,0,0,0,0.5,0.5,0.5,0.5,1,0.5,1,0.5,
SparseRealVectorTest::testSerial, 1,1,0,0,0,0,1,0,0,0,0,0,0,0,0,0,0,0,0,0,0,0,0,0,0,0,0,0,0,0,0,0,0,0,0,0,0,0,0,0,0,0,0,0,0,0,0,0,0,0,0,0,0,0,0,0,0,0,0,0,0,0,0,0,0,0,0,0.5,0.5,0.5,0.5,1,0.5,1,0.5,
SparseRealVectorTest::testConcurrentModification, 0,0,0,0,0,0,1,0,0,0,0,0,0,0,0,0,0,0,0,0,0,0,1,1,1,1,0,0,0,0,0,0,0,0,0,0,0,0,0,0,0,0,0,0,0,0,0,0,0,0,0,0,0,0,0,1,1,0,0,0,0,0,0,0,0,0,0,0,0,0,0,0,0,0,0,
RegressionTest0::test0001, 0,0,0,0,0,0,0,0,0,0,0,0,0,0,0,0,0,0,0,0,0,0,0,0,0,0,0,0,0,0,0,0,0,0,0,0,0,0,0,0,0,0,0,0,0,0,0,0,0,0,0,0,0,0,0,0,0,0,0,0,0,0,0,0,0,0,0,0,0,0,0,0,0,0,0,
RegressionTest0::test0002, 0,0,1,0.5,0,0,0.5,0,0,0,0,0,0,0,0,0,0,0,0,0,0,0,0,0,0,0,0,0,0,0,0,0,0,0,0,0,0,0,0,0,0,0,0,0,0,0,0,0,0,0,0,0,0,0,0,0,0,0,0,0,0,0,0,0,0,0,0,0,0,0,0,0,0,0,0,
RegressionTest0::test0003, 0,0,0,0,0,0,0,0,0,0,0,0,0,0,0,0,0,0,0,0,0,0,0,0,0,0,0,0,0,0,0,0,0,0,0,0,0,0,0,0,0,0,0,0,0,0,0,0,0,0,0,0,0,0,0,0,0,0,0,0,0,0,0,0,0,0,0,0,0,0,0,0,0,0,0,
RegressionTest0::test0004, 0,0,1,0.5,0,0,0.5,0,0,0,0,0,0,0,0,0,0,0.5,0.5,0.5,1,0.5,0,0,0,0,0,0,0,0,0,0,0,0,0,0,0,0,0,0,0,0,0,0,0,0,0,0,0,0,0,0,0,0,0,0,0,0,0,0,0,0,0,0,0,0,0,0,0,0,0,0,0,0,0,
RegressionTest0::test0005, 0,0,1,0.5,0,0,0.5,0,0,0,0,0,0,0,0,0,0,0.5,0.5,0.5,1,0.5,0,0,0,0,0,0,0,0,0,0,0,0,0,0,0,0,0,0,0,0,0,0,0,0,0,0,0,0,0,0,0,0,0,0,0,0,0,0,0,0,0,0,0,0,0,0,0,0,0,0,0,0,0,
RegressionTest0::test0006, 0,0,1,0.5,0,0,0.5,0,0,0,0,0,0,0,0,0,0,0,0,0,0,0,0,0,0,0,0,0,0,0,0,0,0,0,0,0,0,0,0,0,0,0,0,0,0,0,0,0,0,0,0,0,1,0,0,0.5,0,0,0,0,0,0,0,0,0,0,0,0,0,0,0,0,0,0,0,
RegressionTest0::test0007, 0,0,0,0,0,0,0,0,0,0,0,0,0,0,0,0,0,0,0,0,0,0,0,0,0,0,0,0,0,0,0,0,0,0,0,0,0,0,0,0,0,0,0,0,0,0,0,0,0,0,0,0,0,0,0,0,0,0,0,0,0,0,0,0,0,0,0,0,0,0,0,0,0,0,0,
RegressionTest0::test0008, 0,0,1,0.5,0,0,0.5,0,0,0,0,0,0,0,0,0,0,0,0,0,0,0,0,0,0,0,0,0,0,0,0,0,0,0,0,0,0,0,0,0,0,0,0,0,0,0,0,0,0,0,0,0,0,0,0,0,0,0,0,0,0,0,0,0,0,0,0,0,0,0,0,0,0,0,0,
RegressionTest0::test0009, 0,0,1,0.5,0,0,0.5,0,0,0,0,0,0,0,0,0,0,0,0,0,0,0,0,0,0,0,0,0,0,0,0,0,0,0,0,0,0,0,0,0,0,0,0,0,0,0,0,0,0,0,0,0,1,0,0,0.5,0,0,0,0,0,0,0,0,0,0,0,0,0,0,0,0,0,0,0,
RegressionTest0::test0010, 1,1,1,0.5,0,0,1,0,0,0,0,0,0,0,0,0,0,0,0,0,0,0,0,0,0,0,0,0,0,0,0,0,0,0,0,0,0,0,0,0,0,0,0,0,0,0,0,0,0,0,0,0,0,0,0,0,0,0,0,0,0,0,0,0,0,0,0,0,0,0,0,0,0,0,0,
RegressionTest0::test0011, 0,0,0,0,0,0,0,0,0,0,0,0,0,0,0,0,0,0,0,0,0,0,0,0,0,0,0,0,0,0,0,0,0,0,0,0,0,0,0,0,0,0,0,0,0,0,0,0,0,0,0,0,0,0,0,0,0,0,0,0,0,0,0,0,0,0,0,0,0,0,0,0,0,0,0,
RegressionTest0::test0012, 0,0,1,0.5,0,0,0.5,0,0,0,0,0,0,0,0,0,0,0.5,0.5,0.5,1,0.5,0,0,0,0,0,0,0,0,0,0,0,0,0,0,0,0,0,0,0,0,0,0,0,0,0,0,0,0,0,0,0,0,0,0,0,0,0,0,0,0,0,0,0,0,0,0,0,0,0,0,0,0,0,
RegressionTest0::test0013, 0,0,0,0,0,0,0,0,0,0,0,0,0,0,0,0,0,0,0,0,0,0,0,0,0,0,0,0,0,0,0,0,0,0,0,0,0,0,0,0,0,0,0,0,0,0,0,0,0,0,0,0,0,0,0,0,0,0,0,0,0,0,0,0,0,0,0,0,0,0,0,0,0,0,0,
RegressionTest0::test0014, 0,0,1,0.5,0,0,0.5,0,0,0,0,0,0,0,0,0,0,0.5,0.5,0.5,1,0.5,0,0,0,0,0,0,0,0,0,0,0,0,0,0,0,0,0,0,0,0,0,0,0,0,0,0,0,0,0,0,0,0,0,0,0,0,0,0,0,0,0,0,0,0,0,0,0,0,0,0,0,0,0,
RegressionTest0::test0015, 0,0,0,0,0,0,0,0,0,0,0,0,0,0,0,0,0,0,0,0,0,0,0,0,0,0,0,0,0,0,0,0,0,0,0,0,0,0,0,0,0,0,0,0,0,0,0,0,0,0,0,0,0,0,0,0,0,0,0,0,0,0,0,0,0,0,0,0,0,0,0,0,0,0,0,
RegressionTest0::test0016, 0,0,0,0,0,0,0,0,0,0,0,0,0,0,0,0,0,0,0,0,0,0,0,0,0,0,0,0,0,0,0,0,0,0,0,0,0,0,0,0,0,0,0,0,0,0,0,0,0,0,0,0,0,0,0,0,0,0,0,0,0,0,0,0,0,0,0,0,0,0,0,0,0,0,0,
RegressionTest0::test0017, 0,0,1,0.5,0,0,0.5,0,0,0,0,0,0,0,0,0,0,0.5,0.5,0.5,1,0.5,0,0,0,0,0,0,1,0,0,0,0,0,0,0,0,0,0,0,0,0,0,0,0,0,0,0,0,0,0,0,0,0,0,0,0,0,0,0,0,0,0,0,0,0,0,0,0,0,0,0,0,0,0,
RegressionTest0::test0018, 0,0,0,0,0,0,0,0,0,0,0,0,0,0,0,0,0,0,0,0,0,0,0,0,0,0,0,0,0,0,0,0,0,0,0,0,0,0,0,0,0,0,0,0,0,0,0,0,0,0,0,0,0,0,0,0,0,0,0,0,0,0,0,0,0,0,0,0,0,0,0,0,0,0,0,
RegressionTest0::test0019, 0,0,1,0.5,0,0,0.5,0.5,0.5,0.5,0.5,0.5,1,0.5,0,0,0,0.5,0.5,0.5,1,0.5,0,0,0,0,0,0,0,1,1,0.5,0,0,0,0,0,0,0,1,0.5,1,0.5,0,0.5,0,0,0,0,0,0,0,1,0,0,0.5,0,0,0,0,0,0,0,0,0,0,0,0,0,0,0,0,0,0,0,
RegressionTest0::test0020, 0,0,0,0,0,0,0,0,0,0,0,0,0,0,0,0,0,0,0,0,0,0,0,0,0,0,0,0,0,0,0,0,0,0,0,0,0,0,0,0,0,0,0,0,0,0,0,0,0,0,0,0,0,0,0,0,0,0,0,0,0,0,0,0,0,0,0,0,0,0,0,0,0,0,0,
RegressionTest0::test0021, 0,0,0,0,0,0,0,0,0,0,0,0,0,0,0,0,0,0,0,0,0,0,0,0,0,0,0,0,0,0,0,0,0,0,0,0,0,0,0,0,0,0,0,0,0,0,0,0,0,0,0,0,0,0,0,0,0,0,0,0,0,0,0,0,0,0,0,0,0,0,0,0,0,0,0,
RegressionTest0::test0022, 0,0,1,0.5,0,0,0.5,0,0,0,0,0,0,0,0,0,0,0.5,0.5,0.5,1,0.5,0,0,0,0,0,0,0,0,0,0,0,0,0,0,0,0,0,0,0,0,0,0,0,0,0,0,0,0,0,0,0,0,0,0.5,0,0,1,0,0,0,0,0,0,0,0,0,0,0,0,0,0,0,0,
RegressionTest0::test0023, 0,0,1,0.5,0,0,0.5,0,0,0,0,0,0,0,0,0,0,0.5,0.5,0.5,1,0.5,0,0,0,0,0,0,1,1,1,0.5,0,0,0,0,0,0,0,0,0,0,0,0,0,0,0,0,0,0,0,0,0,0,0,0,0,0,0,0,0,0,0,0,0,0,0,0,0,0,0,0,0,0,0,
RegressionTest0::test0024, 0,0,1,0.5,0,0,0.5,0,0,0,0,0,0,0,0,0,0,0.5,0.5,0.5,1,0.5,0,0,0,0,0,0,0,1,1,0.5,0,0,0,0,0,0,0,0,0,0,0,0,0,0,0,0,0,0,0,0,1,0,0,0.5,0,0,0,0,0,0,0,0,0,0,0,0,0,0,0,0,0,0,0,
RegressionTest0::test0025, 0,0,0,0,0,0,0,0,0,0,0,0,0,0,0,0,0,0,0,0,0,0,0,0,0,0,0,0,0,0,0,0,0,0,0,0,0,0,0,0,0,0,0,0,0,0,0,0,0,0,0,0,0,0,0,0,0,0,0,0,0,0,0,0,0,0,0,0,0,0,0,0,0,0,0,
RegressionTest0::test0026, 0,0,0,0,0,0,0,0,0,0,0,0,0,0,0,0,0,0,0,0,0,0,0,0,0,0,0,0,0,0,0,0,0,0,0,0,0,0,0,0,0,0,0,0,0,0,0,0,0,0,0,0,0,0,0,0,0,0,0,0,0,0,0,0,0,0,0,0,0,0,0,0,0,0,0,
RegressionTest0::test0027, 1,1,0,0,0,0,1,0,0,0,0,0,0,0,0,0,0,0,0,0,0,0,0,0,0,0,0,0,0,0,0,0,0,0,0,0,0,0,0,0,0,0,0,0,0,0,0,0,0,0,0,0,0,0,0,0,0,0,0,0,0,0,0,0,0,0,0,0,0,0,0,0,0,0,0,
RegressionTest0::test0028, 0,0,0,0,0,0,0,0,0,0,0,0,0,0,0,0,0,0,0,0,0,0,0,0,0,0,0,0,0,0,0,0,0,0,0,0,0,0,0,0,0,0,0,0,0,0,0,0,0,0,0,0,0,0,0,0,0,0,0,0,0,0,0,0,0,0,0,0,0,0,0,0,0,0,0,
RegressionTest0::test0029, 0,0,0,0,0,0,0,0,0,0,0,0,0,0,0,0,0,0,0,0,0,0,0,0,0,0,0,0,0,0,0,0,0,0,0,0,0,0,0,0,0,0,0,0,0,0,0,0,0,0,0,0,0,0,0,0,0,0,0,0,0,0,0,0,0,0,0,0,0,0,0,0,0,0,0,
RegressionTest0::test0030, 0,0,0,0,0,0,0,0,0,0,0,0,0,0,0,0,0,0,0,0,0,0,0,0,0,0,0,0,0,0,0,0,0,0,0,0,0,0,0,0,0,0,0,0,0,0,0,0,0,0,0,0,0,0,0,0,0,0,0,0,0,0,0,0,0,0,0,0,0,0,0,0,0,0,0,
RegressionTest0::test0031, 0,0,0,0,0,0,0,0,0,0,0,0,0,0,0,0,0,0,0,0,0,0,0,0,0,0,0,0,0,0,0,0,0,0,0,0,0,0,0,0,0,0,0,0,0,0,0,0,0,0,0,0,0,0,0,0,0,0,0,0,0,0,0,0,0,0,0,0,0,0,0,0,0,0,0,
RegressionTest0::test0032, 0,0,0,0,0,0,0,0,0,0,0,0,0,0,0,0,0,0,0,0,0,0,0,0,0,0,0,0,0,0,0,0,0,0,0,0,0,0,0,0,0,0,0,0,0,0,0,0,0,0,0,0,0,0,0,0,0,0,0,0,0,0,0,0,0,0,0,0,0,0,0,0,0,0,0,
RegressionTest0::test0033, 0,0,0,0,0,0,0,0,0,0,0,0,0,0,0,0,0,0,0,0,0,0,0,0,0,0,0,0,0,0,0,0,0,0,0,0,0,0,0,0,0,0,0,0,0,0,0,0,0,0,0,0,0,0,0,0,0,0,0,0,0,0,0,0,0,0,0,0,0,0,0,0,0,0,0,
RegressionTest0::test0034, 0,0,1,0.5,0,0,0.5,0,0,0,0,0,0,0,0,0,0,0.5,0.5,0.5,1,0.5,0,0,0,0,0,0,0,1,1,0.5,0,0,1,1,0.5,0,0,0,0,0,0,0,0,0,0,0,0,0,0,0,0,0,0,0,0,0,0,0,0,0,0,0,0,0,0,0,0,0,0,0,0,0,0,
RegressionTest0::test0035, 0,0,0,0,0,0,0,0,0,0,0,0,0,0,0,0,0,0,0,0,0,0,0,0,0,0,0,0,0,0,0,0,0,0,0,0,0,0,0,0,0,0,0,0,0,0,0,0,0,0,0,0,0,0,0,0,0,0,0,0,0,0,0,0,0,0,0,0,0,0,0,0,0,0,0,
RegressionTest0::test0036, 0,0,1,0.5,0,0,0.5,0,0,0,0,0,0,0,0,0,0,0.5,0.5,0.5,1,0.5,0,0,0,0,0,0,1,0,0,0,0,0,0,0,0,0,0,0,0,0,0,0,0,0,0,0,0,0,0,0,0,0,0,0,0,0,0,0,0,0,0,0,0,0,0,0,0,0,0,0,0,0,0,
RegressionTest0::test0037, 0,0,0,0,0,0,0,0,0,0,0,0,0,0,0,0,0,0,0,0,0,0,0,0,0,0,0,0,0,0,0,0,0,0,0,0,0,0,0,0,0,0,0,0,0,0,0,0,0,0,0,0,0,0,0,0,0,0,0,0,0,0,0,0,0,0,0,0,0,0,0,0,0,0,0,
RegressionTest0::test0038, 0,0,0,0,0,0,0,0,0,0,0,0,0,0,0,0,0,0,0,0,0,0,0,0,0,0,0,0,0,0,0,0,0,0,0,0,0,0,0,0,0,0,0,0,0,0,0,0,0,0,0,0,0,0,0,0,0,0,0,0,0,0,0,0,0,0,0,0,0,0,0,0,0,0,0,
RegressionTest0::test0039, 0,0,0,0,0,0,0,0,0,0,0,0,0,0,0,0,0,0,0,0,0,0,0,0,0,0,0,0,0,0,0,0,0,0,0,0,0,0,0,0,0,0,0,0,0,0,0,0,0,0,0,0,0,0,0,0,0,0,0,0,0,0,0,0,0,0,0,0,0,0,0,0,0,0,0,
RegressionTest0::test0040, 0,0,1,0.5,0,0,0.5,0,0,0,0,0,0,0,0,0,0,0,0,0,0,0,0,0,0,0,0,0,0,0,0,0,0,0,0,0,0,0,0,0,0,0,0,0,0,0,0,0,0,0,0,0,0,0,0,0,0,0,0,0,0,0,0,0,0,0,0,0,0,0,0,0,0,0,0,
RegressionTest0::test0041, 0,0,0,0,0,0,0,0,0,0,0,0,0,0,0,0,0,0,0,0,0,0,0,0,0,0,0,0,0,0,0,0,0,0,0,0,0,0,0,0,0,0,0,0,0,0,0,0,0,0,0,0,0,0,0,0,0,0,0,0,0,0,0,0,0,0,0,0,0,0,0,0,0,0,0,
RegressionTest0::test0042, 0,0,0,0,0,0,0,0,0,0,0,0,0,0,0,0,0,0,0,0,0,0,0,0,0,0,0,0,0,0,0,0,0,0,0,0,0,0,0,0,0,0,0,0,0,0,0,0,0,0,0,0,0,0,0,0,0,0,0,0,0,0,0,0,0,0,0,0,0,0,0,0,0,0,0,
RegressionTest0::test0043, 0,0,0,0,0,0,0,0,0,0,0,0,0,0,0,0,0,0,0,0,0,0,0,0,0,0,0,0,0,0,0,0,0,0,0,0,0,0,0,0,0,0,0,0,0,0,0,0,0,0,0,0,0,0,0,0,0,0,0,0,0,0,0,0,0,0,0,0,0,0,0,0,0,0,0,
RegressionTest0::test0044, 0,0,0,0,0,0,0,0,0,0,0,0,0,0,0,0,0,0,0,0,0,0,0,0,0,0,0,0,0,0,0,0,0,0,0,0,0,0,0,0,0,0,0,0,0,0,0,0,0,0,0,0,0,0,0,0,0,0,0,0,0,0,0,0,0,0,0,0,0,0,0,0,0,0,0,
RegressionTest0::test0045, 0,0,1,0.5,0,0,0.5,0,0,0,0,0,0,0,0,0,0,0.5,0.5,0.5,1,0.5,0,0,0,0,0,0,0,1,1,0.5,0,0,0,0,0,0,0,1,0.5,1,0.5,0,0.5,0,0,0,0,0,0,0,1,0,0,0.5,0,0,0,0,0,0,0,0,0,0,0,0,0,0,0,0,0,0,0,
RegressionTest0::test0046, 0,0,1,0.5,0,0,0.5,0,0,0,0,0,0,0,0,0,0,0.5,0.5,0.5,1,0.5,0,0,0,0,0,0,1,1,1,0.5,0,0,0,0,0,0,0,0,0,0,0,0,0,1,0.5,0,0,0,0,0,1,0,0,0.5,0,0,0,0,0,0,0,0,0,0,0,0,0,0,0,0,0,0,0,
RegressionTest0::test0047, 0,0,1,0.5,0,0,0.5,0,0,0,0,0,0,0,0,0,0,0.5,0.5,0.5,1,0.5,1,0,0,0,0,0,0,1,1,0.5,0,0,0,0,0,0,0,1,0.5,1,0.5,0,0.5,0,0,1,0.5,0.5,0,0,1,0,0,0.5,0,0,1,1,0.5,0.5,0,0,0,0,0,0,0,0,0,0,0,0,0,
RegressionTest0::test0048, 0,0,1,0.5,0,0,0.5,0,0,0,0,0,0,0,0,0,0,0,0,0,0,0,0,0,0,0,0,0,0,0,0,0,0,0,0,0,0,0,0,0,0,0,0,0,0,0,0,0,0,0,0,0,1,0,0,0.5,0,0,0,0,0,0,0,0,0,0,0,0,0,0,0,0,0,0,0,
RegressionTest0::test0049, 0,0,0,0,0,0,0,0,0,0,0,0,0,0,0,0,0,0,0,0,0,0,0,0,0,0,0,0,0,0,0,0,0,0,0,0,0,0,0,0,0,0,0,0,0,0,0,0,0,0,0,0,0,0,0,0,0,0,0,0,0,0,0,0,0,0,0,0,0,0,0,0,0,0,0,
RegressionTest0::test0050, 0,0,0,0,0,0,0,0,0,0,0,0,0,0,0,0,0,0,0,0,0,0,0,0,0,0,0,0,0,0,0,0,0,0,0,0,0,0,0,0,0,0,0,0,0,0,0,0,0,0,0,0,0,0,0,0,0,0,0,0,0,0,0,0,0,0,0,0,0,0,0,0,0,0,0,
RegressionTest0::test0051, 0,0,1,0.5,0,0,0.5,0,0,0,0,0,0,0,0,0,0,0,0,0,0,0,0,0,0,0,0,0,0,0,0,0,0,0,0,0,0,0,0,0,0,0,0,0,0,0,0,0,0,0,0,0,0,0,0,0.5,0,0,0,0,0,0,0,0,0,0,0,0,0,0,0,0,0,0,0,
RegressionTest0::test0052, 0,0,0,0,0,0,0,0,0,0,0,0,0,0,0,0,0,0,0,0,0,0,0,0,0,0,0,0,0,0,0,0,0,0,0,0,0,0,0,0,0,0,0,0,0,0,0,0,0,0,0,0,0,0,0,0,0,0,0,0,0,0,0,0,0,0,0,0,0,0,0,0,0,0,0,
RegressionTest0::test0053, 0,0,1,0.5,0,0,0.5,0,0,0,0,0,0,0,0,0,0,0.5,0.5,0.5,1,0.5,0,0,0,0,0,0,1,1,1,0.5,0,0,1,1,0.5,0,0,0,0,0,0,0,0,1,0.5,0,0,0,0,0,1,0,0,0.5,0,0,0,0,0,0,0,0,0,0,0,0,0,0,0,0,0,0,0,
RegressionTest0::test0054, 0,0,1,0.5,0,0,0.5,0,0,0,0,0,0,0,0,0,0,0.5,0.5,0.5,1,0.5,0,0,0,0,0,0,0,1,1,0.5,0,0,0,0,0,0,0,0,0,0,0,0,0,0,0,0,0,0,0,0,0,0,0,0,0,0,0,0,0,0,0,0,0.5,1,0,0,0,0,0,0,0,0,0,
RegressionTest0::test0055, 0,0,1,0.5,0,0,0.5,0,0,0,0,0,0,0,0,0,0,0.5,0.5,0.5,1,0.5,0,0,0,0,0,0,0,0,0,0,0,0,0,0,0,0,0,0,0,0,0,0,0,0,0,0,0,0,0,0,0,0,0,0,0,0,0,0,0,0,0,0,0,0,0,0,0,0,0,0,0,0,0,
RegressionTest0::test0056, 0,0,0,0,0,0,0,0,0,0,0,0,0,0,0,0,0,0,0,0,0,0,0,0,0,0,0,0,0,0,0,0,0,0,0,0,0,0,0,0,0,0,0,0,0,0,0,0,0,0,0,0,0,0,0,0,0,0,0,0,0,0,0,0,0,0,0,0,0,0,0,0,0,0,0,
RegressionTest0::test0057, 0,0,0,0,0,0,0,0,0,0,0,0,0,0,0,0,0,0,0,0,0,0,0,0,0,0,0,0,0,0,0,0,0,0,0,0,0,0,0,0,0,0,0,0,0,0,0,0,0,0,0,0,0,0,0,0,0,0,0,0,0,0,0,0,0,0,0,0,0,0,0,0,0,0,0,
RegressionTest0::test0058, 0,0,1,0.5,0,0,0.5,0.5,0.5,0.5,0.5,0.5,1,0.5,0,0,0,0.5,0.5,0.5,1,0.5,0,1,0,0,0,0,1,1,1,0.5,0,0,1,1,0.5,0,0,1,0.5,1,0.5,0,0.5,0,0,0,0,0,0,0,1,0,0,0.5,0,0,0,0,0,0,0,0,0,0,0,0,0,0,0,0,0,0,0,
RegressionTest0::test0059, 0,0,0,0,0,0,0,0,0,0,0,0,0,0,0,0,0,0,0,0,0,0,0,0,0,0,0,0,0,0,0,0,0,0,0,0,0,0,0,0,0,0,0,0,0,0,0,0,0,0,0,0,0,0,0,0,0,0,0,0,0,0,0,0,0,0,0,0,0,0,0,0,0,0,0,
RegressionTest0::test0060, 0,0,0,0,0,0,0,0,0,0,0,0,0,0,0,0,0,0,0,0,0,0,0,0,0,0,0,0,0,0,0,0,0,0,0,0,0,0,0,0,0,0,0,0,0,0,0,0,0,0,0,0,0,0,0,0,0,0,0,0,0,0,0,0,0,0,0,0,0,0,0,0,0,0,0,
RegressionTest0::test0061, 0,0,0,0,0,0,0,0,0,0,0,0,0,0,0,0,0,0,0,0,0,0,0,0,0,0,0,0,0,0,0,0,0,0,0,0,0,0,0,0,0,0,0,0,0,0,0,0,0,0,0,0,0,0,0,0,0,0,0,0,0,0,0,0,0,0,0,0,0,0,0,0,0,0,0,
RegressionTest0::test0062, 0,0,0,0,0,0,0,0,0,0,0,0,0,0,0,0,0,0,0,0,0,0,0,0,0,0,0,0,0,0,0,0,0,0,0,0,0,0,0,0,0,0,0,0,0,0,0,0,0,0,0,0,0,0,0,0,0,0,0,0,0,0,0,0,0,0,0,0,0,0,0,0,0,0,0,
RegressionTest0::test0063, 0,0,1,0.5,0,0,0.5,0,0,0,0,0,0,0,0,0,0,0.5,0.5,0.5,1,0.5,1,0,0,0,0,0,0,0,0,0,0,0,0,0,0,0,0,0,0,0,0,0,0,0,0,1,0.5,0.5,0,0,1,0,0,0.5,0,0,0,0,0,0,0,0,0,0,0,0,0,0,0,0,0,0,0,
RegressionTest0::test0064, 0,0,0,0,0,0,0,0,0,0,0,0,0,0,0,0,0,0,0,0,0,0,0,0,0,0,0,0,0,0,0,0,0,0,0,0,0,0,0,0,0,0,0,0,0,0,0,0,0,0,0,0,0,0,0,0,0,0,0,0,0,0,0,0,0,0,0,0,0,0,0,0,0,0,0,
RegressionTest0::test0065, 0,0,0,0,0,0,0,0,0,0,0,0,0,0,0,0,0,0,0,0,0,0,0,0,0,0,0,0,0,0,0,0,0,0,0,0,0,0,0,0,0,0,0,0,0,0,0,0,0,0,0,0,0,0,0,0,0,0,0,0,0,0,0,0,0,0,0,0,0,0,0,0,0,0,0,
RegressionTest0::test0066, 0,0,1,0.5,0,0,0.5,0.5,0.5,0.5,0.5,0.5,1,0.5,0,0,0,0.5,0.5,0.5,1,0.5,0,0,0,0,0,0,0,1,1,0.5,0,0,0,0,0,0,0,1,0.5,1,0.5,0,0.5,0,0,0,0,0,0,0,1,0,0,0.5,0,0,0,0,0,0,0,0,0,0,0,0,0,0,0,0,0,0,0,
RegressionTest0::test0067, 0,0,0,0,0,0,0,0,0,0,0,0,0,0,0,0,0,0,0,0,0,0,0,0,0,0,0,0,0,0,0,0,0,0,0,0,0,0,0,0,0,0,0,0,0,0,0,0,0,0,0,0,0,0,0,0,0,0,0,0,0,0,0,0,0,0,0,0,0,0,0,0,0,0,0,
RegressionTest0::test0068, 0,0,1,0.5,0,0,0.5,0,0,0,0,0,0,0,0,0,0,0.5,0.5,0.5,1,0.5,1,0,0,0,0,0,0,0,0,0,0,0,0,0,0,0,0,0,0,0,0,0,0,0,0,1,0.5,0.5,0,0,1,0,0,0.5,0,0,0,0,0,0,0,0,0,0,0,0.5,0.5,0,0,0,0,0,0,
RegressionTest0::test0069, 0,0,0,0,0,0,0,0,0,0,0,0,0,0,0,0,0,0,0,0,0,0,0,0,0,0,0,0,0,0,0,0,0,0,0,0,0,0,0,0,0,0,0,0,0,0,0,0,0,0,0,0,0,0,0,0,0,0,0,0,0,0,0,0,0,0,0,0,0,0,0,0,0,0,0,
RegressionTest0::test0070, 0,0,1,0.5,0,0,0.5,0.5,0.5,0.5,0.5,0.5,1,0.5,1,0.5,0,0.5,0.5,0.5,1,0.5,0,0,0,0,0,0,0,1,1,0.5,0.5,0,0,0,0,0,0,1,0.5,1,0.5,0,0.5,0,0,0,0,0,0,0,1,0,0,0.5,0,0,1,0,0,0,0,0,0,0,0,0,0,0,0,0,0,0,0,
RegressionTest0::test0071, 0,0,1,0.5,0,0,0.5,0,0,0,0,0,0,0,0,0,0,0.5,0.5,0.5,1,0.5,1,0,0,0,0,0,0,1,1,0.5,0,0,0,0,0,0,0,1,0.5,1,0.5,0,0.5,0,0,1,0.5,0.5,0,0,1,0,0,0.5,0,0,0,0,0,0,0,0,0,0,0,0,0,0,0,0,0,0,0,
RegressionTest0::test0072, 0,0,1,0.5,0,0,0.5,0,0,0,0,0,0,0,0,0,0,0.5,0.5,0.5,1,0.5,0,0,0,0,0,0,1,1,1,0.5,0,0,1,1,0.5,0,0,0,0,0,0,0,0,1,0.5,0,0,0,0,0,1,0,0,0.5,0,0,0,0,0,0,0,0,0,0,0,0,0,0,0,0,0,0,0,
RegressionTest0::test0073, 0,0,0,0,0,0,0,0,0,0,0,0,0,0,0,0,0,0,0,0,0,0,0,0,0,0,0,0,0,0,0,0,0,0,0,0,0,0,0,0,0,0,0,0,0,0,0,0,0,0,0,0,0,0,0,0,0,0,0,0,0,0,0,0,0,0,0,0,0,0,0,0,0,0,0,
RegressionTest0::test0074, 0,0,1,0.5,0,0,0.5,0,0,0,0,0,0,0,0,0,0,0.5,0.5,0.5,1,0.5,0,0,0,0,0,0,1,0,0,0,0,0,0,0,0,0,0,0,0,0,0,0,0,0,0,0,0,0,0,0,0,0,0,0,0,0,0,0,0,0,0,0,0,0,0,0,0,0,0,0,0,0,0,
RegressionTest0::test0075, 0,0,1,0.5,0,0,0.5,0,0,0,0,0,0,0,1,0.5,0,0.5,0.5,0.5,1,0.5,1,0,0,0,0,0,0,1,1,0.5,0,0,0,0,0,0,0,1,0.5,1,0.5,0,0.5,0,0,1,0.5,0.5,0,0,1,0,0,0.5,0,0,0,0,0,0,0,0,0,0,0,0,0,0,0,0,0,0,0,
RegressionTest0::test0076, 1,1,1,0.5,0,0,1,0,0,0,0,0,0,0,0,0,0,0.5,0.5,0.5,1,0.5,0,0,0,0,0,0,1,1,1,0.5,0,0,0,0,0,0,0,1,0.5,1,0.5,0,0.5,0,0,0,0,0,0,0,1,0,0,0.5,0,0,0,0,0,0,0,0,0,0,0,0,0,0,0,0,0,0,0,
RegressionTest0::test0077, 0,0,0,0,0,0,0,0,0,0,0,0,0,0,0,0,0,0,0,0,0,0,0,0,0,0,0,0,0,0,0,0,0,0,0,0,0,0,0,0,0,0,0,0,0,0,0,0,0,0,0,0,0,0,0,0,0,0,0,0,0,0,0,0,0,0,0,0,0,0,0,0,0,0,0,
RegressionTest0::test0078, 0,0,0,0,0,0,0,0,0,0,0,0,0,0,0,0,0,0,0,0,0,0,0,0,0,0,0,0,0,0,0,0,0,0,0,0,0,0,0,0,0,0,0,0,0,0,0,0,0,0,0,0,0,0,0,0,0,0,0,0,0,0,0,0,0,0,0,0,0,0,0,0,0,0,0,
RegressionTest0::test0079, 0,0,0,0,0,0,0,0,0,0,0,0,0,0,0,0,0,0,0,0,0,0,0,0,0,0,0,0,0,0,0,0,0,0,0,0,0,0,0,0,0,0,0,0,0,0,0,0,0,0,0,0,0,0,0,0,0,0,0,0,0,0,0,0,0,0,0,0,0,0,0,0,0,0,0,
RegressionTest0::test0080, 0,0,1,0.5,0,0,0.5,0,0,0,0,0,0,0,0,0,0,0.5,0.5,0.5,1,0.5,1,0,0,0,0,0,0,0,0,0,0,0,0,0,0,0,0,0,0,0,0,0,0,0,0,1,0.5,0.5,0,0,1,0,0,0.5,0,0,0,0,0,0,0,0,0,0,0,0.5,0.5,0,0,0,0,0,0,
RegressionTest0::test0081, 0,0,0,0,0,0,0,0,0,0,0,0,0,0,0,0,0,0,0,0,0,0,0,0,0,0,0,0,0,0,0,0,0,0,0,0,0,0,0,0,0,0,0,0,0,0,0,0,0,0,0,0,0,0,0,0,0,0,0,0,0,0,0,0,0,0,0,0,0,0,0,0,0,0,0,
RegressionTest0::test0082, 0,0,0,0,0,0,0,0,0,0,0,0,0,0,0,0,0,0,0,0,0,0,0,0,0,0,0,0,0,0,0,0,0,0,0,0,0,0,0,0,0,0,0,0,0,0,0,0,0,0,0,0,0,0,0,0,0,0,0,0,0,0,0,0,0,0,0,0,0,0,0,0,0,0,0,
RegressionTest0::test0083, 0,0,1,0.5,0,0,0.5,0,0,0,0,0,0,0,0,0,0,0.5,0.5,0.5,1,0.5,1,0,0,0,0,0,1,0,0,0,0,0,0,0,0,0,0,0,0,0,0,0,0,0,0,1,0.5,0.5,0,0,1,0,0,0.5,0,0,0,0,0,0,0,0,0.5,1,0,0.5,0.5,0,0,0,0,0,0,
RegressionTest0::test0084, 0,0,0,0,0,0,0,0,0,0,0,0,0,0,0,0,0,0,0,0,0,0,0,0,0,0,0,0,0,0,0,0,0,0,0,0,0,0,0,0,0,0,0,0,0,0,0,0,0,0,0,0,0,0,0,0,0,0,0,0,0,0,0,0,0,0,0,0,0,0,0,0,0,0,0,
RegressionTest0::test0085, 0,0,1,0.5,0,0,0.5,0,0,0,0,0,0,0,0,0,0,0,0,0,0,0,0,0,0,0,0,0,0,0,0,0,0,0,0,0,0,0,0,0,0,0,0,0,0,0,0,0,0,0,0,0,1,0,0,0.5,0,0,0,0,0,0,0,0,0.5,1,0,0,0,0,0,0,0,0,0,
RegressionTest0::test0086, 0,0,0,0,0,0,0,0,0,0,0,0,0,0,0,0,0,0,0,0,0,0,0,0,0,0,0,0,0,0,0,0,0,0,0,0,0,0,0,0,0,0,0,0,0,0,0,0,0,0,0,0,0,0,0,0,0,0,0,0,0,0,0,0,0,0,0,0,0,0,0,0,0,0,0,
RegressionTest0::test0087, 0,0,0,0,0,0,0,0,0,0,0,0,0,0,0,0,0,0,0,0,0,0,0,0,0,0,0,0,0,0,0,0,0,0,0,0,0,0,0,0,0,0,0,0,0,0,0,0,0,0,0,0,0,0,0,0,0,0,0,0,0,0,0,0,0,0,0,0,0,0,0,0,0,0,0,
RegressionTest0::test0088, 1,0.5,1,0.5,0,0,1,0,0,0,0,0,0,0,0,0,0,1,1,1,1,0.5,0,0,0,0,0,0,1,1,1,0.5,0,0,1,1,0.5,0,0,0,0,0,0,0,0,1,0.5,0,0,0,0,0,1,0,0,0.5,0,0,0,0,0,0,0,0,0.5,0,0,0,0,0,0,0,0,0,0,
RegressionTest0::test0089, 0,0,0,0,0,0,0,0,0,0,0,0,0,0,0,0,0,0,0,0,0,0,0,0,0,0,0,0,0,0,0,0,0,0,0,0,0,0,0,0,0,0,0,0,0,0,0,0,0,0,0,0,0,0,0,0,0,0,0,0,0,0,0,0,0,0,0,0,0,0,0,0,0,0,0,
RegressionTest0::test0090, 0,0,1,0.5,0,0,0.5,0,0,0,0,0,0,0,0,0,0,0,0,0,0,0,0,0,0,0,0,0,0,0,0,0,0,0,0,0,0,0,0,0,0,0,0,0,0,0,0,0,0,0,0,0,1,0,0,0.5,0,0,0,0,0,0,0,0,0,0,0,0,0,0,0,0,0,0,0,
RegressionTest0::test0091, 0,0,1,0.5,0,0,0.5,0.5,0.5,0.5,0.5,0.5,1,0.5,0,0,0,0.5,0.5,0.5,1,0.5,0,0,0,0,0,0,0,1,1,0.5,0,0,0,0,0,0,0,1,0.5,1,0.5,0,0.5,0,0,0,0,0,0,0,1,0,0,0.5,0,0,0,0,0,0,0,0,0,0,0,0,0,0,0,0,0,0,0,
RegressionTest0::test0092, 0,0,0,0,0,0,0,0,0,0,0,0,0,0,0,0,0,0,0,0,0,0,0,0,0,0,0,0,0,0,0,0,0,0,0,0,0,0,0,0,0,0,0,0,0,0,0,0,0,0,0,0,0,0,0,0,0,0,0,0,0,0,0,0,0,0,0,0,0,0,0,0,0,0,0,
RegressionTest0::test0093, 0,0,1,0.5,0,0,0.5,0,0,0,0,0,0,0,0,0,0,0.5,0.5,0.5,1,0.5,1,0,0,0,0,0,0,1,1,0.5,0,0,0,0,0,0,0,1,0.5,1,0.5,0,0.5,0,0,1,0.5,0.5,0,0,1,0,0,0.5,0,0,0,0,0,0,0,0,0,0,0,0,0,0,0,0,0,0,0,
RegressionTest0::test0094, 0,0,0,0,0,0,0,0,0,0,0,0,0,0,0,0,0,0,0,0,0,0,0,0,0,0,0,0,0,0,0,0,0,0,0,0,0,0,0,0,0,0,0,0,0,0,0,0,0,0,0,0,0,0,0,0,0,0,0,0,0,0,0,0,0,0,0,0,0,0,0,0,0,0,0,
RegressionTest0::test0095, 0,0,1,0.5,0,0,0.5,0,0,0,0,0,0,0,0,0,0,0.5,0.5,0.5,1,0.5,1,1,0,0,0,0,1,1,1,0.5,0,0,1,1,0.5,0.5,0,1,0.5,1,0.5,0,0.5,0,0,1,0.5,0.5,0,0,1,0,0,0.5,0,0,0,0,0,0,0,0,0,0,0,0,0,0,0,0,0,0,0,
RegressionTest0::test0096, 0,0,1,0.5,0,0,0.5,0,0,0,0,0,0,0,0,0,0,0,0,0,0,0,0,0,0,0,0,0,0,0,0,0,0,0,0,0,0,0,0,0,0,0,0,0,0,0,0,0,0,0,0,0,0,0,0,0.5,0,0,0,0,0,0,0,0,0,0,0,0,0,0,0,0,0,0,0,
RegressionTest0::test0097, 0,0,0,0,0,0,0,0,0,0,0,0,0,0,0,0,0,0,0,0,0,0,0,0,0,0,0,0,0,0,0,0,0,0,0,0,0,0,0,0,0,0,0,0,0,0,0,0,0,0,0,0,0,0,0,0,0,0,0,0,0,0,0,0,0,0,0,0,0,0,0,0,0,0,0,
RegressionTest0::test0098, 0,0,1,0.5,0,0,0.5,0,0,0,0,0,0,0,0,0,0,0.5,0.5,0.5,1,0.5,0,0,0,0,0,0,0,0,0,0,0,0,0,0,0,0,0,0,0,0,0,0,0,0,0,0,0,0,0,0,0,0,0,0.5,0,0,0,0,0,0,0,0,0,0,0,0,0,0,0,0,0,0,0,
RegressionTest0::test0099, 0,0,1,0.5,0,0,0.5,0,0,0,0,0,0,0,0,0,0,0.5,0.5,0.5,1,0.5,0,0,0,0,0,0,0,1,1,0.5,0,0,0,0,0,0,0,0,0,0,0,0,0,0,0,0,0,0,0,0,0,0,0,0.5,0,0,0,0,0,0,0,0,0,0,0,0,0,0,0,0,0,0,0,
RegressionTest0::test0100, 0,0,1,0.5,0,0,0.5,0,0,0,0,0,0,0,0,0,0,0.5,0.5,0.5,1,0.5,0,0,0,0,0,0,1,1,1,0.5,0,0,0,0,0,0,0,0,0,0,0,0,0,0,0,0,0,0,0,0,1,0,0,0.5,0,0,0,0,0,0,0,0,0,0,0,0,0,0,0,0,0,0,0,
RegressionTest0::test0101, 1,1,1,0.5,0,0,1,0.5,0.5,0.5,0.5,0.5,1,0.5,1,0.5,0,0.5,0.5,0.5,1,0.5,0,0,0,0,0,0,0,1,1,0.5,0,0,0,0,0,0,0,1,0.5,1,0.5,0,0.5,0,0,0,0,0,0,0,1,0,0,0.5,0,0,1,0,0,0,0,0,0,0,0,0,0,0,0,0,0,0,0,
RegressionTest0::test0102, 1,1,0,0,0,0,1,0,0,0,0,0,0,0,0,0,0,0,0,0,0,0,0,0,0,0,0,0,0,0,0,0,0,0,0,0,0,0,0,0,0,0,0,0,0,0,0,0,0,0,0,0,0,0,0,0,0,0,0,0,0,0,0,0,0,0,0,0,0,0,0,0,0,0,0,
RegressionTest0::test0103, 0,0,1,0.5,0,0,0.5,0,0,0,0,0,0,0,0,0,0,0.5,0.5,0.5,1,0.5,0,0,0,0,0,0,0,1,1,0.5,0,0,0,0,0,0,0,0,0,0,0,0,0,0,0,0,0,0,0,0,0,0,0,0,0,0,0,0,0,0,0,0,0,0,0,0,0,0,0,0,0,0,0,
RegressionTest0::test0104, 0,0,1,0.5,0,0,0.5,0,0,0,0,0,0,0,1,0.5,0,0.5,0.5,0.5,1,0.5,1,0,0,0,0,0,0,1,1,0.5,0,0,0,0,0,0,0,1,0.5,1,0.5,0,0.5,0,0,1,0.5,0.5,0,0,1,0,0,0.5,0,0,0,0,0,0,0,0,0,0,0,0,0,0,0,0,0,0,0,
RegressionTest0::test0105, 0,0,0,0,0,0,0,0,0,0,0,0,0,0,0,0,0,0,0,0,0,0,0,0,0,0,0,0,0,0,0,0,0,0,0,0,0,0,0,0,0,0,0,0,0,0,0,0,0,0,0,0,0,0,0,0,0,0,0,0,0,0,0,0,0,0,0,0,0,0,0,0,0,0,0,
RegressionTest0::test0106, 0,0,1,0.5,0,0,0.5,0.5,0.5,0.5,0.5,0.5,1,0.5,1,0.5,0,0.5,0.5,0.5,1,0.5,0,0,0,0,0,0,0,1,1,0.5,0,0,1,1,0.5,0.5,0,1,0.5,1,0.5,0,0.5,0,0,0,0,0,0,0,1,0,0,0.5,0,0,1,0,0,0,0,0,0,0,0,0,0,0,0,0,0,0,0,
RegressionTest0::test0107, 0,0,1,0.5,0,0,0.5,0,0,0,0,0,0,0,0,0,0,0.5,0.5,0.5,1,0.5,0,0,0,0,0,0,0,1,1,0.5,0,0,1,1,0.5,0,0,0,0,0,0,0,0,0,0,0,0,0,0,0,0,0,0,0.5,0,0,1,0,0,0,0,0,0.5,1,0,0,0,0,0,0,0,0,0,
RegressionTest0::test0108, 0,0,0,0,0,0,0,0,0,0,0,0,0,0,0,0,0,0,0,0,0,0,0,0,0,0,0,0,0,0,0,0,0,0,0,0,0,0,0,0,0,0,0,0,0,0,0,0,0,0,0,0,0,0,0,0,0,0,0,0,0,0,0,0,0,0,0,0,0,0,0,0,0,0,0,
RegressionTest0::test0109, 0,0,1,0.5,0,0,0.5,0.5,0.5,0.5,0.5,0.5,1,0.5,0,0,0,0.5,0.5,0.5,1,0.5,0,0,0,0,0,0,1,1,1,0.5,0,0,0,0,0,0,0,1,0.5,1,0.5,0,0.5,0,0,0,0,0,0,0,1,0,0,0.5,0,0,0,0,0,0,0,0,0,0,0,0,0,0,0,0,0,0,0,
RegressionTest0::test0110, 0,0,1,0.5,0,0,0.5,0,0,0,0,0,0,0,0,0,0,0.5,0.5,0.5,1,0.5,1,0,0,0,0,0,0,0,0,0,0,0,0,0,0,0,0,0,0,0,0,0,0,0,0,1,0.5,0.5,0,0,1,0,0,0.5,0,0,0,0,0,0,0,0,0,0,0,0.5,0.5,0,0,0,0,0,0,
RegressionTest0::test0111, 0,0,1,0.5,0,0,0.5,0,0,0,0,0,0,0,0,0,0,0.5,0.5,0.5,1,0.5,1,0,0,0,0,0,0,1,1,0.5,0,0,0,0,0,0,0,1,0.5,1,0.5,0,0.5,0,0,1,0.5,0.5,0,0,1,0,0,0.5,0,0,0,0,0,0,0,0,0,0,0,0,0,0,0,0,0,0,0,
RegressionTest0::test0112, 1,1,1,0.5,0,0,1,0,0,0,0,0,0,0,0,0,0,0.5,0.5,0.5,1,0.5,0,0,0,0,0,0,0,1,1,0.5,0,0,0,0,0,0,0,1,0.5,1,0.5,0,0.5,0,0,0,0,0,0,0,1,0,0,0.5,0,0,0,0,0,0,0,0,0,0,0,0,0,0,0,0,0,0,0,
RegressionTest0::test0113, 0,0,1,0.5,0,0,0.5,0,0,0,0,0,0,0,0,0,0,0.5,0.5,0.5,1,0.5,0,0,0,0,0,0,0,0,0,0,0,0,0,0,0,0,0,0,0,0,0,0,0,0,0,0,0,0,0,0,1,0,0,0.5,0,0,0,0,0,0,0,0,0,0,0,0,0,0,0,0,0,0,0,
RegressionTest0::test0114, 0,0,0,0,0,0,0,0,0,0,0,0,0,0,0,0,0,0,0,0,0,0,0,0,0,0,0,0,0,0,0,0,0,0,0,0,0,0,0,0,0,0,0,0,0,0,0,0,0,0,0,0,0,0,0,0,0,0,0,0,0,0,0,0,0,0,0,0,0,0,0,0,0,0,0,
RegressionTest0::test0115, 0,0,1,0.5,0,0,0.5,0,0,0,0,0,0,0,0,0,0,0.5,0.5,0.5,1,0.5,1,0,0,0,0,0,0,0,0,0,0,0,0,0,0,0,0,0,0,0,0,0,0,0,0,1,0.5,0.5,0,0,1,0,0,0.5,0,0,0,0,0,0,0,0,0,0,0,0,0,0,0,0,0,0,0,
RegressionTest0::test0116, 1,1,1,0.5,0,0,1,0,0,0,0,0,0,0,0,0,0,0.5,0.5,0.5,1,0.5,0,0,0,0,0,0,0,1,1,0.5,0,0,0,0,0,0,0,1,0.5,1,0.5,0,0.5,0,0,0,0,0,0,0,1,0,0,0.5,0,0,0,0,0,0,0,0,0,0,0,0,0,0,0,0,0,0,0,
RegressionTest0::test0117, 0,0,1,0.5,0,0,0.5,0,0,0,0,0,0,0,0,0,0,0.5,0.5,0.5,1,0.5,0,0,0,0,0,0,0,1,1,0.5,0,0,0,0,0,0,0,0,0,0,0,0,0,0,0,0,0,0,0,0,0,0,0,0,0,0,0,0,0,0,0,0,0.5,1,0,0,0,0,0,0,0,0,0,
RegressionTest0::test0118, 1,0.5,1,0.5,0,0,0.5,0,0,0,0,0,0,0,0,0,0,1,1,1,1,0.5,0,0,0,0,0,0,1,1,1,0.5,0,0,1,1,0.5,0,0,0,0,0,0,0,0,1,0.5,0,0,0,0,0,1,0,0,0.5,0,0,0,0,0,0,0,0,0,0,0,0,0,0,0,0,0,0,0,
RegressionTest0::test0119, 0,0,0,0,0,0,0,0,0,0,0,0,0,0,0,0,0,0,0,0,0,0,0,0,0,0,0,0,0,0,0,0,0,0,0,0,0,0,0,0,0,0,0,0,0,0,0,0,0,0,0,0,0,0,0,0,0,0,0,0,0,0,0,0,0,0,0,0,0,0,0,0,0,0,0,
RegressionTest0::test0120, 1,1,0,0,0,0,1,0,0,0,0,0,0,0,0,0,0,0,0,0,0,0,0,0,0,0,0,0,0,0,0,0,0,0,0,0,0,0,0,0,0,0,0,0,0,0,0,0,0,0,0,0,0,0,0,0,0,0,0,0,0,0,0,0,0,0,0,0,0,0,0,0,0,0,0,
RegressionTest0::test0121, 0,0,1,0.5,0,0,0.5,0,0,0,0,0,0,0,0,0,0,0.5,0.5,0.5,1,0.5,1,0,0,0,0,0,0,0,0,0,0,0,0,0,0,0,0,0,0,0,0,0,0,0,0,1,0.5,0.5,0,0,1,0,0,0.5,0,0,0,0,0,0,0,0,0,0,0,0.5,0.5,0,0,0,0,0,0,
RegressionTest0::test0122, 0,0,0,0,0,0,0,0,0,0,0,0,0,0,0,0,0,0,0,0,0,0,0,0,0,0,0,0,0,0,0,0,0,0,0,0,0,0,0,0,0,0,0,0,0,0,0,0,0,0,0,0,0,0,0,0,0,0,0,0,0,0,0,0,0,0,0,0,0,0,0,0,0,0,0,
RegressionTest0::test0123, 0,0,0,0,0,0,0,0,0,0,0,0,0,0,0,0,0,0,0,0,0,0,0,0,0,0,0,0,0,0,0,0,0,0,0,0,0,0,0,0,0,0,0,0,0,0,0,0,0,0,0,0,0,0,0,0,0,0,0,0,0,0,0,0,0,0,0,0,0,0,0,0,0,0,0,
RegressionTest0::test0124, 0,0,0,0,0,0,0,0,0,0,0,0,0,0,0,0,0,0,0,0,0,0,0,0,0,0,0,0,0,0,0,0,0,0,0,0,0,0,0,0,0,0,0,0,0,0,0,0,0,0,0,0,0,0,0,0,0,0,0,0,0,0,0,0,0,0,0,0,0,0,0,0,0,0,0,
RegressionTest0::test0125, 0,0,1,0.5,0,0,0.5,0.5,0.5,0.5,0.5,0.5,1,0.5,0,0,0,0.5,0.5,0.5,1,0.5,0,1,0,0,0,0,1,1,1,0.5,0,0,1,1,0.5,0,0,1,0.5,1,0.5,0,0.5,0,0,0,0,0,0,0,1,0,0,0.5,0,0,0,0,0,0,0,0,0,0,0,0,0,0,0,0,0,0,0,
RegressionTest0::test0126, 0,0,1,0.5,0,0,0.5,0.5,0.5,0.5,0.5,0.5,1,0.5,0,0,0,0.5,0.5,0.5,1,0.5,0,0,0,0,0,0,1,1,1,0.5,0,0,0,0,0,0,0,1,0.5,1,0.5,0,0.5,0,0,0,0,0,0,0,1,0,0,0.5,0,0,0,0,0,0,0,0,0,0,0,0,0,0,0,0,0,0,0,
RegressionTest0::test0127, 0,0,1,0.5,0,0,0.5,0,0,0,0,0,0,0,0,0,0,0.5,0.5,0.5,1,0.5,1,0,0,0,0,0,0,1,1,0.5,0,0,0,0,0,0,0,1,0.5,1,0.5,0,0.5,0,0,1,0.5,0.5,0,0,1,0,0,0.5,0,0,0,0,0,0,0,0,0,0,0,0.5,0.5,0,0,0,0,0,0,
RegressionTest0::test0128, 0,0,0,0,0,0,0,0,0,0,0,0,0,0,0,0,0,0,0,0,0,0,0,0,0,0,0,0,0,0,0,0,0,0,0,0,0,0,0,0,0,0,0,0,0,0,0,0,0,0,0,0,0,0,0,0,0,0,0,0,0,0,0,0,0,0,0,0,0,0,0,0,0,0,0,
RegressionTest0::test0129, 1,0.5,1,0.5,0,0,0.5,0,0,0,0,0,0,0,0,0,0,1,1,1,1,0.5,0,0,0,0,0,0,1,1,1,0.5,0,0,1,1,0.5,0,0,0,0,0,0,0,0,1,0.5,0,0,0,0,0,1,0,0,0.5,0,0,0,0,0,0,0,0,0,0,0,0,0,0,0,0,0,0,0,
RegressionTest0::test0130, 0,0,1,0.5,0,0,0.5,0,0,0,0,0,0,0,0,0,0,0.5,0.5,0.5,1,0.5,1,0,0,0,0,0,0,0,0,0,0,0,0,0,0,0,0,0,0,0,0,0,0,0,0,1,0.5,0.5,0,0,1,0,0,0.5,0,0,0,0,0,0,0,0,0,0,0,0.5,0.5,0,0,0,0,0,0,
RegressionTest0::test0131, 0,0,0,0,0,0,0,0,0,0,0,0,0,0,0,0,0,0,0,0,0,0,0,0,0,0,0,0,0,0,0,0,0,0,0,0,0,0,0,0,0,0,0,0,0,0,0,0,0,0,0,0,0,0,0,0,0,0,0,0,0,0,0,0,0,0,0,0,0,0,0,0,0,0,0,
RegressionTest0::test0132, 0,0,1,0.5,0,0,0.5,0.5,0.5,0.5,0.5,0.5,1,0.5,0,0,0,0.5,0.5,0.5,1,1,0,0,0,0,0,0,1,1,1,0.5,0,0,0,0,0,0,0,1,0.5,1,0.5,0,0.5,0,0,0,0,0,0,0,1,0,0,0.5,0,0,0,0,0,0,0,0,0.5,0.5,0,0,0,0,0,0,0,0,0,
RegressionTest0::test0133, 0,0,0,0,0,0,0,0,0,0,0,0,0,0,0,0,0,0,0,0,0,0,0,0,0,0,0,0,0,0,0,0,0,0,0,0,0,0,0,0,0,0,0,0,0,0,0,0,0,0,0,0,0,0,0,0,0,0,0,0,0,0,0,0,0,0,0,0,0,0,0,0,0,0,0,
RegressionTest0::test0134, 0,0,1,0.5,0,0,0.5,0,0,0,0,0,0,0,0,0,0,0.5,0.5,0.5,1,0.5,1,1,0,0,0,0,1,1,1,0.5,0,0,1,1,0.5,0,0,0,0,0,0,0,0,1,0.5,1,0.5,0.5,0,0,1,0,0,0.5,0,0,0,0,0,0,0,0,0,0,0,0,0,0,0,0,0,0,0,
RegressionTest0::test0135, 0,0,0,0,0,0,0,0,0,0,0,0,0,0,0,0,0,0,0,0,0,0,0,0,0,0,0,0,0,0,0,0,0,0,0,0,0,0,0,0,0,0,0,0,0,0,0,0,0,0,0,0,0,0,0,0,0,0,0,0,0,0,0,0,0,0,0,0,0,0,0,0,0,0,0,
RegressionTest0::test0136, 0,0,1,0.5,0,0,0.5,0,0,0,0,0,0,0,0,0,0,0.5,0.5,0.5,1,0.5,0,0,0,0,0,0,0,0,0,0,0,0,0,0,0,0,0,0,0,0,0,0,0,0,0,0,0,0,0,0,0,0,0,0.5,0,0,0,0,0,0,0,0,0,0,0,0,0,0,0,0,0,0,0,
RegressionTest0::test0137, 0,0,1,0.5,0,0,0.5,0,0,0,0,0,0,0,0,0,0,0.5,0.5,0.5,1,0.5,1,0,0,0,0,0,0,0,0,0,0,0,0,0,0,0,0,0,0,0,0,0,0,0,0,1,0.5,0.5,0,0,1,0,0,0.5,0,0,0,0,0,0,0,0,0,0,0,0.5,0.5,0,0,0,0,0,0,
RegressionTest0::test0138, 0,0,1,0.5,0,0,0.5,0,0,0,0,0,0,0,0,0,0,0.5,0.5,0.5,1,0.5,0,0,0,0,0,0,0,0,0,0,0,0,0,0,0,0,0,0,0,0,0,0,0,0,0,0,0,0,0,0,1,0,0,0.5,0,0,0,0,0,0,0,0,0,0,0,0,0,0,0,0,0,0,0,
RegressionTest0::test0139, 0,0,1,0.5,0,0,0.5,0,0,0,0,0,0,0,0,0,0,0.5,0.5,0.5,1,0.5,0,0,0,0,0,0,0,0,0,0,0,0,0,0,0,0,0,0,0,0,0,0,0,0,0,0,0,0,0,0,0,0,0,0,0,0,0,0,0,0,0,0,0,0,0,0,0,0,0,0,0,0,0,
RegressionTest0::test0140, 0,0,0,0,0,0,0,0,0,0,0,0,0,0,0,0,0,0,0,0,0,0,0,0,0,0,0,0,0,0,0,0,0,0,0,0,0,0,0,0,0,0,0,0,0,0,0,0,0,0,0,0,0,0,0,0,0,0,0,0,0,0,0,0,0,0,0,0,0,0,0,0,0,0,0,
RegressionTest0::test0141, 0,0,1,0.5,0,0,0.5,0,0,0,0,0,0,0,0,0,0,0.5,0.5,0.5,1,0.5,0,0,0,0,0,0,0,1,1,0.5,0,0,1,1,0.5,0,0,0,0,0,0,0,0,0,0,0,0,0,0,0,0,0,0,0,0,0,0,0,0,0,0,0,0,0,0,0,0,0,0,0,0,0,0,
RegressionTest0::test0142, 0,0,1,0.5,0,0,0.5,0,0,0,0,0,0,0,0,0,0,0,0,0,0,0,0,0,0,0,0,0,1,0,0,0,0,0,0,0,0,0,0,0,0,0,0,0,0,0,0,0,0,0,0,0,0,0,0,0,0,0,0,0,0,0,0,0,0,0,0,0,0,0,0,0,0,0,0,
RegressionTest0::test0143, 0,0,1,0.5,0,0,0.5,0,0,0,0,0,0,0,0,0,0,0.5,0.5,0.5,1,0.5,0,0,0,0,0,0,0,0,0,0,0,0,0,0,0,0,0,0,0,0,0,0,0,0,0,0,0,0,0,0,0,0,0,0.5,0,0,0,0,0,0,0,0,0,0,0,0,0,0,0,0,0,0,0,
RegressionTest0::test0144, 0,0,0,0,0,0,0,0,0,0,0,0,0,0,0,0,0,0,0,0,0,0,0,0,0,0,0,0,0,0,0,0,0,0,0,0,0,0,0,0,0,0,0,0,0,0,0,0,0,0,0,0,0,0,0,0,0,0,0,0,0,0,0,0,0,0,0,0,0,0,0,0,0,0,0,
RegressionTest0::test0145, 0,0,1,0.5,0,0,0.5,0.5,0.5,0.5,0.5,0.5,1,0.5,0,0,0,0.5,0.5,0.5,1,0.5,0,0,0,0,0,0,0,1,1,0.5,0,0,1,1,0.5,0,0,1,0.5,1,0.5,0,0.5,0,0,0,0,0,0,0,1,0,0,0.5,0,0,0,0,0,0,0,0,0,0,0,0.5,0.5,0.5,0.5,0.5,0.5,0,0,
RegressionTest0::test0146, 0,0,0,0,0,0,0,0,0,0,0,0,0,0,0,0,0,0,0,0,0,0,0,0,0,0,0,0,0,0,0,0,0,0,0,0,0,0,0,0,0,0,0,0,0,0,0,0,0,0,0,0,0,0,0,0,0,0,0,0,0,0,0,0,0,0,0,0,0,0,0,0,0,0,0,
RegressionTest0::test0147, 0,0,1,0.5,0,0,0.5,0.5,0.5,0.5,0.5,0.5,1,0.5,0,0,0,0.5,0.5,0.5,1,0.5,0,0,0,0,0,0,1,1,1,0.5,0,0,0,0,0,0,0,1,0.5,1,0.5,0,0.5,0,0,0,0,0,0,0,1,0,0,0.5,0,0,0,0,0,0,0,0,0,0,0,0,0,0,0,0,0,0,0,
RegressionTest0::test0148, 0,0,0,0,0,0,0,0,0,0,0,0,0,0,0,0,0,0,0,0,0,0,0,0,0,0,0,0,0,0,0,0,0,0,0,0,0,0,0,0,0,0,0,0,0,0,0,0,0,0,0,0,0,0,0,0,0,0,0,0,0,0,0,0,0,0,0,0,0,0,0,0,0,0,0,
RegressionTest0::test0149, 0,0,0,0,0,0,0,0,0,0,0,0,0,0,0,0,0,0,0,0,0,0,0,0,0,0,0,0,0,0,0,0,0,0,0,0,0,0,0,0,0,0,0,0,0,0,0,0,0,0,0,0,0,0,0,0,0,0,0,0,0,0,0,0,0,0,0,0,0,0,0,0,0,0,0,
RegressionTest0::test0150, 0,0,1,0.5,0,0,0.5,0.5,0.5,0.5,0.5,0.5,1,0.5,0,0,0.5,0.5,0.5,0.5,1,0.5,0,0,0,0,0,0,0,1,1,0.5,0,0,0,0,0,0,0,1,0.5,1,0.5,0,0.5,0,0,0,0,0,0,0,1,0,0,0.5,0,0,0,0,0,0,0,0,0,0,0,0,0,0,0,0,0,0,0,
RegressionTest0::test0151, 0,0,1,0.5,0,0,0.5,0.5,0.5,0.5,0.5,0.5,1,0.5,0,0,0,0.5,0.5,0.5,1,0.5,0,1,0,0,0,0,1,1,1,0.5,0,0,1,1,0.5,0,0,1,0.5,1,0.5,0,0.5,0,0,0,0,0,0,0,1,0,0,0.5,0,0,1,0,0,0,0,0,0,0,0,0,0,0,0,0,0,0,0,
RegressionTest0::test0152, 0,0,1,0.5,0,0,0.5,0,0,0,0,0,0,0,0,0,0,0,0,0,0,0,0,0,0,0,0,0,0,0,0,0,0,0,0,0,0,0,0,0,0,0,0,0,0,0,0,1,0.5,0.5,0,0,0,0,0,0,0,0,0,0,0,0,0,0,0,0,0,0,0,0,0,0,0,0,0,
RegressionTest0::test0153, 0,0,1,0.5,0,0,0.5,0.5,0.5,0.5,0.5,0.5,1,0.5,0,0,0,0.5,0.5,0.5,1,0.5,0,0,0,0,0,0,0,1,1,0.5,0,0,0,0,0,0,0,1,0.5,1,0.5,0,0.5,0,0,0,0,0,0,0,1,0,0,0.5,0,0,0,0,0,0,0,0,0,0,0,0,0,0,0,0,0,0,0,
RegressionTest0::test0154, 0,0,0,0,0,0,0,0,0,0,0,0,0,0,0,0,0,0,0,0,0,0,0,0,0,0,0,0,0,0,0,0,0,0,0,0,0,0,0,0,0,0,0,0,0,0,0,0,0,0,0,0,0,0,0,0,0,0,0,0,0,0,0,0,0,0,0,0,0,0,0,0,0,0,0,
RegressionTest0::test0155, 0,0,0,0,0,0,0,0,0,0,0,0,0,0,0,0,0,0,0,0,0,0,0,0,0,0,0,0,0,0,0,0,0,0,0,0,0,0,0,0,0,0,0,0,0,0,0,0,0,0,0,0,0,0,0,0,0,0,0,0,0,0,0,0,0,0,0,0,0,0,0,0,0,0,0,
RegressionTest0::test0156, 0,0,0,0,0,0,0,0,0,0,0,0,0,0,0,0,0,0,0,0,0,0,0,0,0,0,0,0,0,0,0,0,0,0,0,0,0,0,0,0,0,0,0,0,0,0,0,0,0,0,0,0,0,0,0,0,0,0,0,0,0,0,0,0,0,0,0,0,0,0,0,0,0,0,0,
RegressionTest0::test0157, 0,0,1,0.5,0,0,0.5,0,0,0,0,0,0,0,0,0,0,0.5,0.5,0.5,1,0.5,0,0,0,0,0,0,0,0,0,0,0,0,0,0,0,0,0,0,0,0,0,0,0,0,0,0,0,0,0,0,0,0,0,0,0,0,0,0,0,0,0,0,0,0,0,0,0,0,0,0,0,0,0,
RegressionTest0::test0158, 0,0,0,0,0,0,0,0,0,0,0,0,0,0,0,0,0,0,0,0,0,0,0,0,0,0,0,0,0,0,0,0,0,0,0,0,0,0,0,0,0,0,0,0,0,0,0,0,0,0,0,0,0,0,0,0,0,0,0,0,0,0,0,0,0,0,0,0,0,0,0,0,0,0,0,
RegressionTest0::test0159, 0,0,0,0,0,0,0,0,0,0,0,0,0,0,0,0,0,0,0,0,0,0,0,0,0,0,0,0,0,0,0,0,0,0,0,0,0,0,0,0,0,0,0,0,0,0,0,0,0,0,0,0,0,0,0,0,0,0,0,0,0,0,0,0,0,0,0,0,0,0,0,0,0,0,0,
RegressionTest0::test0160, 0,0,1,0.5,0,0,0.5,0,0,0,0,0,0,0,0,0,0,0.5,0.5,0.5,1,0.5,1,0,0,0,0,0,0,0,0,0,0,0,0,0,0,0,0,0,0,0,0,0,0,0,0,1,0.5,0.5,0,0,1,0,0,0.5,0,0,0,0,0,0,0,0,0,0,0,0.5,0.5,0,0,0,0,0,0,
RegressionTest0::test0161, 0,0,0,0,0,0,0,0,0,0,0,0,0,0,0,0,0,0,0,0,0,0,0,0,0,0,0,0,0,0,0,0,0,0,0,0,0,0,0,0,0,0,0,0,0,0,0,0,0,0,0,0,0,0,0,0,0,0,0,0,0,0,0,0,0,0,0,0,0,0,0,0,0,0,0,
RegressionTest0::test0162, 0,0,0,0,0,0,0,0,0,0,0,0,0,0,0,0,0,0,0,0,0,0,0,0,0,0,0,0,0,0,0,0,0,0,0,0,0,0,0,0,0,0,0,0,0,0,0,0,0,0,0,0,0,0,0,0,0,0,0,0,0,0,0,0,0,0,0,0,0,0,0,0,0,0,0,
RegressionTest0::test0163, 0,0,0,0,0,0,0,0,0,0,0,0,0,0,0,0,0,0,0,0,0,0,0,0,0,0,0,0,0,0,0,0,0,0,0,0,0,0,0,0,0,0,0,0,0,0,0,0,0,0,0,0,0,0,0,0,0,0,0,0,0,0,0,0,0,0,0,0,0,0,0,0,0,0,0,
RegressionTest0::test0164, 0,0,0,0,0,0,0,0,0,0,0,0,0,0,0,0,0,0,0,0,0,0,0,0,0,0,0,0,0,0,0,0,0,0,0,0,0,0,0,0,0,0,0,0,0,0,0,0,0,0,0,0,0,0,0,0,0,0,0,0,0,0,0,0,0,0,0,0,0,0,0,0,0,0,0,
RegressionTest0::test0165, 0,0,0,0,0,0,0,0,0,0,0,0,0,0,0,0,0,0,0,0,0,0,0,0,0,0,0,0,0,0,0,0,0,0,0,0,0,0,0,0,0,0,0,0,0,0,0,0,0,0,0,0,0,0,0,0,0,0,0,0,0,0,0,0,0,0,0,0,0,0,0,0,0,0,0,
RegressionTest0::test0166, 0,0,0,0,0,0,0,0,0,0,0,0,0,0,0,0,0,0,0,0,0,0,0,0,0,0,0,0,0,0,0,0,0,0,0,0,0,0,0,0,0,0,0,0,0,0,0,0,0,0,0,0,0,0,0,0,0,0,0,0,0,0,0,0,0,0,0,0,0,0,0,0,0,0,0,
RegressionTest0::test0167, 0,0,0,0,0,0,0,0,0,0,0,0,0,0,0,0,0,0,0,0,0,0,0,0,0,0,0,0,0,0,0,0,0,0,0,0,0,0,0,0,0,0,0,0,0,0,0,0,0,0,0,0,0,0,0,0,0,0,0,0,0,0,0,0,0,0,0,0,0,0,0,0,0,0,0,
RegressionTest0::test0168, 0,0,0,0,0,0,0,0,0,0,0,0,0,0,0,0,0,0,0,0,0,0,0,0,0,0,0,0,0,0,0,0,0,0,0,0,0,0,0,0,0,0,0,0,0,0,0,0,0,0,0,0,0,0,0,0,0,0,0,0,0,0,0,0,0,0,0,0,0,0,0,0,0,0,0,
RegressionTest0::test0169, 0,0,0,0,0,0,0,0,0,0,0,0,0,0,0,0,0,0,0,0,0,0,0,0,0,0,0,0,0,0,0,0,0,0,0,0,0,0,0,0,0,0,0,0,0,0,0,0,0,0,0,0,0,0,0,0,0,0,0,0,0,0,0,0,0,0,0,0,0,0,0,0,0,0,0,
RegressionTest0::test0170, 0,0,1,0.5,0,0,0.5,0.5,0.5,0.5,0.5,0.5,1,0.5,1,0.5,0,0.5,0.5,0.5,1,0.5,0,0,0,0,0,0,0,1,1,0.5,0,0,0,0,0,0,0,1,0.5,1,0.5,0,0.5,0,0,0,0,0,0,0,1,0,0,0.5,0,0,1,0,0,0,0,0,0,0,0,0,0,0,0,0,0,0,0,
RegressionTest0::test0171, 0,0,1,0.5,0,0,0.5,0.5,0.5,0.5,0.5,0.5,1,0.5,0,0,0,0.5,0.5,0.5,1,0.5,0,0,0,0,0,0,0,1,1,0.5,0,0,0,0,0,0,0,1,0.5,1,0.5,0,0.5,0,0,0,0,0,0,0,1,0,0,0.5,0,0,1,0,0,0,0,0,0,0,0,0,0,0,0,0,0,0,0,
RegressionTest0::test0172, 1,1,0,0,0,0,1,0,0,0,0,0,0,0,0,0,0,0,0,0,0,0,0,0,0,0,0,0,0,0,0,0,0,0,0,0,0,0,0,0,0,0,0,0,0,0,0,0,0,0,0,0,1,0,0,0.5,0,0,0,0,0,0,0,0,0,0,0,0,0,0,0,0,0,0,0,
RegressionTest0::test0173, 0,0,1,0.5,0,0,0.5,0,0,0,0,0,0,0,0,0,0,0.5,0.5,0.5,1,0.5,1,0,0,0,0,0,0,0,0,0,0,0,0,0,0,0,0,0,0,0,0,0,0,0,0,1,0.5,0.5,0,0,1,0,0,0.5,0,0,0,0,0,0,0,0,0,0,0,0.5,0.5,0,0,0,0,0,0,
RegressionTest0::test0174, 0,0,1,0.5,0,0,0.5,0,0,0,0,0,0,0,0,0,0,0.5,0.5,0.5,1,0.5,0,0,0,0,0,0,0,0,0,0,0,0,0,0,0,0,0,0,0,0,0,0,0,0,0,0,0,0,0,0,0,0,0,0,0,0,0,0,0,0,0,0,0,0,0,0,0,0,0,0,0,0,0,
RegressionTest0::test0175, 0,0,1,0.5,0,0,0.5,0.5,0.5,0.5,0.5,0.5,1,0.5,0,0,0,0.5,0.5,0.5,1,0.5,0,0,0,0,0,0,0,1,1,0.5,0,0,0,0,0,0,0,1,0.5,1,0.5,0,0.5,0,0,0,0,0,0,0,1,0,0,0.5,0,0,0,0,0,0,0,0,0,0,0,0,0,0,0,0,0,0,0,
RegressionTest0::test0176, 0,0,0,0,0,0,0.5,0,0,0,0,0,0,0,0,0,0,0,0,0,0,0,0,0,0,0,0,0,0,0,0,0,0,0,0,0,0,0,0,0,0,0,0,0,0,0,0,0,0,0,0,0,0,0,0,0.5,0,0,1,0,0,0,0,0,0,0,0,0,0,0,0,0,0,0,0,
RegressionTest0::test0177, 0,0,1,0.5,0,0,0.5,0,0,0,0,0,0,0,1,0.5,0,0.5,0.5,0.5,1,0.5,1,0,0,0,0,0,0,1,1,0.5,0,0,0.5,0,0,0,0,1,0.5,1,0.5,0,0.5,0,0,1,0.5,0.5,0,0,1,0,0,0.5,0,0,0,0,0,0,0,0,0.5,1,0,0,0,0,0,0,0,0,0,
RegressionTest0::test0178, 0,0,1,0.5,0,0,0.5,0.5,0.5,0.5,0.5,0.5,1,0.5,0,0,0,0.5,0.5,0.5,1,0.5,0,1,0,0,0,0,1,1,1,0.5,0,0,1,1,0.5,0,0,1,0.5,1,0.5,0,0.5,0,0,0,0,0,0,0,1,0,0,0.5,0,0,0,0,0,0,0,0,0.5,1,0,0,0,0,0,0,0,0,0,
RegressionTest0::test0179, 0,0,1,0.5,0,0,0.5,0,0,0,0,0,0,0,0,0,0,0.5,0.5,0.5,1,0.5,1,0,0,0,0,0,0,1,1,0.5,0,0,0,0,0,0,0,1,0.5,1,0.5,0,0.5,0,0,1,0.5,0.5,0,0,1,0,0,0.5,0,0,0,0,0,0,0,0,0,0,0,0,0,0,0,0,0,0,0,
RegressionTest0::test0180, 0,0,0,0,0,0,0,0,0,0,0,0,0,0,0,0,0,0,0,0,0,0,0,0,0,0,0,0,0,0,0,0,0,0,0,0,0,0,0,0,0,0,0,0,0,0,0,0,0,0,0,0,0,0,0,0,0,0,0,0,0,0,0,0,0,0,0,0,0,0,0,0,0,0,0,
RegressionTest0::test0181, 1,1,0,0,0,0,1,0,0,0,0,0,0,0,0,0,0,0,0,0,0,0,0,0,0,0,0,0,0,0,0,0,0,0,0,0,0,0,0,0,0,0,0,0,0,0,0,0,0,0,0,0,0,0,0,0,0,0,0,0,0,0,0,0,0,0,0,0,0,0,0,0,0,0,0,
RegressionTest0::test0182, 0,0,0,0,0,0,0,0,0,0,0,0,0,0,0,0,0,0,0,0,0,0,0,0,0,0,0,0,0,0,0,0,0,0,0,0,0,0,0,0,0,0,0,0,0,0,0,0,0,0,0,0,0,0,0,0,0,0,0,0,0,0,0,0,0,0,0,0,0,0,0,0,0,0,0,
RegressionTest0::test0183, 0,0,1,0.5,0,0,0.5,0,0,0,0,0,0,0,0,0,0,0.5,0.5,0.5,1,0.5,1,0,0,0,0,0,0,1,1,0.5,0,0,0,0,0,0,0,1,0.5,1,0.5,0,0.5,0,0,1,0.5,0.5,0,0,1,0,0,0.5,0,0,0,0,0,0,0,0,0,0,0,0.5,0.5,0,0,0,0,0,0,
RegressionTest0::test0184, 0,0,0,0,0,0,0,0,0,0,0,0,0,0,0,0,0,0,0,0,0,0,0,0,0,0,0,0,0,0,0,0,0,0,0,0,0,0,0,0,0,0,0,0,0,0,0,0,0,0,0,0,0,0,0,0,0,0,0,0,0,0,0,0,0,0,0,0,0,0,0,0,0,0,0,
RegressionTest0::test0185, 0,0,0,0,0,0,0,0,0,0,0,0,0,0,0,0,0,0,0,0,0,0,0,0,0,0,0,0,0,0,0,0,0,0,0,0,0,0,0,0,0,0,0,0,0,0,0,0,0,0,0,0,0,0,0,0,0,0,0,0,0,0,0,0,0,0,0,0,0,0,0,0,0,0,0,
RegressionTest0::test0186, 0,0,0,0,0,0,0.5,0,0,0,0,0,0,0,0,0,0,0,0,0,0,0,0,0,0,0,0,0,0,0,0,0,0,0,0,0,0,0,0,0,0,0,0,0,0,0,0,0,0,0,0,0,0,0,0,0.5,0,0,1,0,0,0,0,0,0,0,0,0,0,0,0,0,0,0,0,
RegressionTest0::test0187, 0,0,1,0.5,0,0,0.5,0.5,0.5,0.5,0.5,0.5,1,0.5,1,0.5,0,0.5,0.5,0.5,1,0.5,0,0,0,0,0,0,0,1,1,0.5,0,0,0,0,0,0,0,1,0.5,1,0.5,0,0.5,0,0,0,0,0,0,0,1,0,0,0.5,0,0,1,0,0,0,0,0,0,0,0,0,0,0,0,0,0,0,0,
RegressionTest0::test0188, 0,0,1,0.5,0,0,0.5,0,0,0,0,0,0,0,0,0,0,0.5,0.5,0.5,1,0.5,1,0,0,0,0,0,0,0,0,0,0,0,0,0,0,0,0,0,0,0,0,0,0,0,0,1,0.5,0.5,0,0,1,0,0,0.5,0,0,0,0,0,0,0,0,0,0,0,0.5,0.5,0,0,0,0,0,0,
RegressionTest0::test0189, 0,0,0,0,0,0,0,0,0,0,0,0,0,0,0,0,0,0,0,0,0,0,0,0,0,0,0,0,0,0,0,0,0,0,0,0,0,0,0,0,0,0,0,0,0,0,0,0,0,0,0,0,0,0,0,0,0,0,0,0,0,0,0,0,0,0,0,0,0,0,0,0,0,0,0,
RegressionTest0::test0190, 0,0,1,0.5,0,0,0.5,0,0,0,0,0,0,0,0,0,0,0.5,0.5,0.5,1,0.5,1,0,0,0,0,0,0,0,0,0,0,0,0,0,0,0,0,0,0,0,0,0,0,0,0,1,0.5,0.5,0,0,1,0,0,0.5,0,0,0,0,0,0,0,0,0,0,0,0.5,0.5,0,0,0,0,0,0,
RegressionTest0::test0191, 0,0,1,0.5,0,0,0.5,0,0,0,0,0,0,0,0,0,0,0,0,0,0,0,0,0,0,0,0,0,0,0,0,0,0,0,0,0,0,0,0,0,0,0,0,0,0,0,0,0,0,0,0,0,0,0,0,0,0,0,0,0,0,0,0,0,0,0,0,0,0,0,0,0,0,0,0,
RegressionTest0::test0192, 0,0,0,0,0,0,0,0,0,0,0,0,0,0,0,0,0,0,0,0,0,0,0,0,0,0,0,0,0,0,0,0,0,0,0,0,0,0,0,0,0,0,0,0,0,0,0,0,0,0,0,0,0,0,0,0,0,0,0,0,0,0,0,0,0,0,0,0,0,0,0,0,0,0,0,
RegressionTest0::test0193, 0,0,1,0.5,0,0,0.5,0.5,0.5,0.5,0.5,0.5,1,0.5,0,0,0,0.5,0.5,0.5,1,0.5,0,1,0,0,0,0,1,1,1,0.5,0,0,1,1,0.5,0,0,1,0.5,1,0.5,0,0.5,0,0,0,0,0,0,0,1,0,0,0.5,0,0,0,0,0,0,0,0,0,0,0,0,0,0,0,0,0,0,0,
RegressionTest0::test0194, 0,0,0,0,0,0,0,0,0,0,0,0,0,0,0,0,0,0,0,0,0,0,0,0,0,0,0,0,0,0,0,0,0,0,0,0,0,0,0,0,0,0,0,0,0,0,0,0,0,0,0,0,0,0,0,0,0,0,0,0,0,0,0,0,0,0,0,0,0,0,0,0,0,0,0,
RegressionTest0::test0195, 0,0,1,0.5,0,0,0.5,0,0,0,0,0,0,0,0,0,0,0.5,0.5,0.5,1,0.5,1,0,0,0,0,0,0,0,0,0,0,0,0,0,0,0,0,0,0,0,0,0,0,0,0,1,0.5,0.5,0,0,1,0,0,0.5,0,0,0,0,0,0,0,0,0,0,0,0.5,0.5,0,0,0,0,0,0,
RegressionTest0::test0196, 0,0,1,0.5,0,0,0.5,0,0,0,0,0,0,0,0,0,0,0.5,0.5,0.5,1,0.5,1,0,0,0,0,0,0,0,0,0,0,0,0,0,0,0,0,0,0,0,0,0,0,0,0,1,0.5,0.5,0,0,1,0,0,0.5,0,0,0,0,0,0,0,0,0,0,0,0.5,0.5,0,0,0,0,0,0,
RegressionTest0::test0197, 1,1,1,0.5,0,0,1,0,0,0,0,0,0,0,0,0,0,0.5,0.5,0.5,1,0.5,1,1,0,0,0,0,1,1,1,0.5,0,0,1,1,0.5,0,0,0,0,0,0,0,0,1,0.5,1,0.5,0.5,0,0,1,0,0,0.5,0,0,0,0,0,0,0,0,0,0,0,0,0,0,0,0,0,0,0,
RegressionTest0::test0198, 0,0,1,0.5,0,0,0.5,0,0,0,0,0,0,0,0,0,0,0.5,0.5,0.5,1,0.5,0,0,0,0,0,0,1,0,0,0,0,0,0,0,0,0,0,0,0,0,0,0,0,0,0,0,0,0,0,0,0,0,0,0,0,0,0,0,0,0,0,0,0,0,0,0,0,0,0,0,0,0,0,
RegressionTest0::test0199, 0,0,1,0.5,0,0,0.5,0,0,0,0,0,0,0,0,0,0,0.5,0.5,0.5,1,0.5,0,0,0,0,0,0,0,1,1,0.5,0,0,0,0,0,0,0,0,0,0,0,0,0,0,0,0,0,0,0,0,0,0,0,0.5,0,0,0,0,0,0,0,0,0.5,0.5,0,0,0,0,0,0,0,0,0,
RegressionTest0::test0200, 0,0,1,0.5,0,0,0.5,0.5,0.5,0.5,0.5,0.5,1,0.5,1,0.5,0,0.5,0.5,0.5,1,0.5,0,0,0,0,0,0,1,1,1,0.5,0,0,0,0,0,0,1,1,0.5,1,0.5,0,0.5,0,0,0,0,0,0,0,1,0,0,0.5,0,0,1,0,0,0,0,0,0,0,0,0,0,0,0,0,0,0,0,
RegressionTest0::test0201, 0,0,1,0.5,0,0,0.5,0,0,0,0,0,0,0,0,0,0,0.5,0.5,0.5,1,0.5,0,0,0,0,0,0,0,1,1,0.5,0,0,1,1,0.5,0,0,0,0,0,0,0,0,0,0,0,0,0,0,0,0,0,0,0.5,0,0,1,0,0,0,0,0,0.5,0.5,0,0,0,0,0,0,0,0,0,
RegressionTest0::test0202, 0,0,1,1,0,0,1,0,0,0,0,0,0,0,0,0,0,0.5,0.5,0.5,1,0.5,0,0,0,0,0,0,1,1,1,0.5,0,0,0,0,0,0,0,0,0,0,0,0,0,1,0.5,0,0,0,0,0,1,0,0,0.5,0,0,0,0,0,0,0,0,0,0,0,0,0,0,0,0,0,0,0,
RegressionTest0::test0203, 0,0,0,0,0,0,0,0,0,0,0,0,0,0,0,0,0,0,0,0,0,0,0,0,0,0,0,0,0,0,0,0,0,0,0,0,0,0,0,0,0,0,0,0,0,0,0,0,0,0,0,0,0,0,0,0,0,0,0,0,0,0,0,0,0,0,0,0,0,0,0,0,0,0,0,
RegressionTest0::test0204, 0,0,0,0,0,0,0,0,0,0,0,0,0,0,0,0,0,0,0,0,0,0,0,0,0,0,0,0,0,0,0,0,0,0,0,0,0,0,0,0,0,0,0,0,0,0,0,0,0,0,0,0,0,0,0,0,0,0,0,0,0,0,0,0,0,0,0,0,0,0,0,0,0,0,0,
RegressionTest0::test0205, 0,0,1,0.5,0,0,0.5,0,0,0,0,0,0,0,0,0,0,0.5,0.5,0.5,1,0.5,1,0,0,0,0,0,0,0,0,0,0,0,0,0,0,0,0,0,0,0,0,0,0,0,0,1,0.5,0.5,0,0,1,0,0,0.5,0,0,0,0,0,0,0,0,0,0,0,0,0,0,0,0,0,0,0,
RegressionTest0::test0206, 0,0,0,0,0,0,0,0,0,0,0,0,0,0,0,0,0,0,0,0,0,0,0,0,0,0,0,0,0,0,0,0,0,0,0,0,0,0,0,0,0,0,0,0,0,0,0,0,0,0,0,0,0,0,0,0,0,0,0,0,0,0,0,0,0,0,0,0,0,0,0,0,0,0,0,
RegressionTest0::test0207, 0,0,1,0.5,0,0,0.5,0.5,0.5,0.5,0.5,0.5,1,0.5,1,0.5,0,0.5,0.5,0.5,1,0.5,0,0,0,0,0,0,0,1,1,0.5,0,0,0,0,0,0,0,1,0.5,1,0.5,0,0.5,0,0,0,0,0,0,0,1,0,0,0.5,0,0,1,0,0,0,0,0,0,0,0,0,0,0,0,0,0,0,0,
RegressionTest0::test0208, 0,0,1,0.5,0,0,0.5,0,0,0,0,0,0,0,0,0,0,0.5,0.5,0.5,1,0.5,0,0,0,0,0,0,0,0,0,0,0,0,0,0,0,0,0,0,0,0,0,0,0,0,0,0,0,0,0,0,0,0,0,0,0,0,0,0,0,0,0,0,0,0,0,0,0,0,0,0,0,0,0,
RegressionTest0::test0209, 0,0,0,0,0,0,0,0,0,0,0,0,0,0,0,0,0,0,0,0,0,0,0,0,0,0,0,0,0,0,0,0,0,0,0,0,0,0,0,0,0,0,0,0,0,0,0,0,0,0,0,0,0,0,0,0,0,0,0,0,0,0,0,0,0,0,0,0,0,0,0,0,0,0,0,
RegressionTest0::test0210, 0,0,1,0.5,0,0,0.5,0,0,0,0,0,0,0,0,0,0,0.5,0.5,0.5,1,0.5,1,0,0,0,0,0,0,0,0,0,0,0,0,0,0,0,0,0,0,0,0,0,0,0,0,1,0.5,0.5,0,0,1,0,0,0.5,0,0,0,0,0,0,0,0,0,0,0,0.5,0.5,0,0,0,0,0,0,
RegressionTest0::test0211, 0,0,1,0.5,0,0,0.5,0.5,0.5,0.5,0.5,0.5,1,0.5,0,0,0,0.5,0.5,0.5,1,0.5,0,0,0,0,0,0,1,1,1,0.5,0,0,0,0,0,0,0,1,0.5,1,0.5,0,0.5,0,0,0,0,0,0,0,1,0,0,0.5,0,0,0,0,0,0,0,0,0,0,0,0,0,0,0,0,0,0,0,
RegressionTest0::test0212, 0,0,1,0.5,0,0,0.5,0,0,0,0,0,0,0,0,0,0,0.5,0.5,0.5,1,0.5,1,0,0,0,0,0,0,0,0,0,0,0,0,0,0,0,0,0,0,0,0,0,0,0,0,1,0.5,0.5,0,0,1,0,0,0.5,0,0,0,0,0,0,0,0,0,0,0,0,0,0,0,0,0,0,0,
RegressionTest0::test0213, 0,0,1,0.5,0,0,0.5,0,0,0,0,0,0,0,0,0,0,0.5,0.5,0.5,1,0.5,0,0,0,0,0,0,0,1,1,0.5,0,0,0,0,0,0,0,0,0,0,0,0,0,0,0,0,0,0,0,0,0,0,0,0,0,0,0,0,0,0,0,0,0,0,0,0,0,0,0,0,0,0,0,
RegressionTest0::test0214, 0,0,1,0.5,0,0,0.5,0,0,0,0,0,0,0,0,0,0,0.5,0.5,0.5,1,0.5,0,0,0,0,0,0,0,0,0,0,0,0,0,0,0,0,0,0,0,0,0,0,0,0,0,0,0,0,0,0,1,0,0,0.5,0,0,0,0,0,0,0,0,0,0,0,0,0,0,0,0,0,0,0,
RegressionTest0::test0215, 0,0,1,0.5,0,0,0.5,0,0,0,0,0,0,0,0,0,0,0.5,0.5,0.5,1,0.5,0,0,0,0,0,0,1,1,1,0.5,0,0,0,0,0,0,0,0,0,0,0,0,0,0,0,0,0,0,0,0,0,0,0,0.5,0,0,0,1,0.5,0.5,0,0,0.5,1,0,0,0,0,0,0,0,0,0,
RegressionTest0::test0216, 0,0,0,0,0,0,0,0,0,0,0,0,0,0,0,0,0,0,0,0,0,0,0,0,0,0,0,0,0,0,0,0,0,0,0,0,0,0,0,0,0,0,0,0,0,0,0,0,0,0,0,0,0,0,0,0,0,0,0,0,0,0,0,0,0,0,0,0,0,0,0,0,0,0,0,
RegressionTest0::test0217, 0,0,1,0.5,0,0,0.5,0,0,0,0,0,0,0,0,0,0,0,0,0,0,0,0,0,0,0,0,0,0,0,0,0,0,0,0,0,0,0,0,0,0,0,0,0,0,0,0,0,0,0,0,0,1,0,0,0.5,0,0,0,0,0,0,0,0,0,0,0,0,0,0,0,0,0,0,0,
RegressionTest0::test0218, 0,0,0,0,0,0,0,0,0,0,0,0,0,0,0,0,0,0,0,0,0,0,0,0,0,0,0,0,0,0,0,0,0,0,0,0,0,0,0,0,0,0,0,0,0,0,0,0,0,0,0,0,0,0,0,0,0,0,0,0,0,0,0,0,0,0,0,0,0,0,0,0,0,0,0,
RegressionTest0::test0219, 0,0,0,0,0,0,0,0,0,0,0,0,0,0,0,0,0,0,0,0,0,0,0,0,0,0,0,0,0,0,0,0,0,0,0,0,0,0,0,0,0,0,0,0,0,0,0,0,0,0,0,0,0,0,0,0,0,0,0,0,0,0,0,0,0,0,0,0,0,0,0,0,0,0,0,
RegressionTest0::test0220, 0,0,1,0.5,0,0,0.5,0,0,0,0,0,0,0,0,0,0,0.5,0.5,0.5,1,0.5,1,0,0,0,0,0,0,1,1,0.5,0,0,0,0,0,0,0,1,0.5,1,0.5,0,0.5,0,0,1,0.5,0.5,0,0,1,0,0,0.5,0,0,1,1,0.5,0.5,0,0,0,0,0,0,0,0,0,0,0,0,0,
RegressionTest0::test0221, 0,0,0,0,0,0,0.5,0,0,0,0,0,0,0,0,0,0,0,0,0,0,0,0,0,0,0,0,0,0,0,0,0,0,0,0,0,0,0,0,0,0,0,0,0,0,0,0,0,0,0,0,0,0,0,0,0,0,0,0,0,0,0,0,0,0.5,0.5,0,0,0,0,0,0,0,0,0,
RegressionTest0::test0222, 0,0,0,0,0,0,0,0,0,0,0,0,0,0,0,0,0,0,0,0,0,0,0,0,0,0,0,0,0,0,0,0,0,0,0,0,0,0,0,0,0,0,0,0,0,0,0,0,0,0,0,0,0,0,0,0,0,0,0,0,0,0,0,0,0,0,0,0,0,0,0,0,0,0,0,
RegressionTest0::test0223, 0,0,0,0,0,0,0,0,0,0,0,0,0,0,0,0,0,0,0,0,0,0,0,0,0,0,0,0,0,0,0,0,0,0,0,0,0,0,0,0,0,0,0,0,0,0,0,0,0,0,0,0,0,0,0,0,0,0,0,0,0,0,0,0,0,0,0,0,0,0,0,0,0,0,0,
RegressionTest0::test0224, 0,0,1,0.5,0,0,0.5,0,0,0,0,0,0,0,0,0,0,0.5,0.5,0.5,1,0.5,0,0,0,0,0,0,0,1,1,0.5,0,0,0,0,0,0,0,1,0.5,1,0.5,0,0.5,0,0,0,0,0,0,0,1,0,0,0.5,0,0,0,0,0,0,0,0,0.5,1,0,0,0,0,0,0,0,0,0,
RegressionTest0::test0225, 1,0.5,1,0.5,0,0,0.5,0,0,0,0,0,0,0,0,0,0,1,1,1,1,0.5,0,0,0,0,0,0,1,1,1,0.5,0,0,1,1,0.5,0,0,0,0,0,0,0,0,1,0.5,0,0,0,0,0,1,0,0,0.5,0,0,0,0,0,0,0,0,0,0,0,0,0,0,0,0,0,0,0,
RegressionTest0::test0226, 0,0,0,0,0,0,0,0,0,0,0,0,0,0,0,0,0,0,0,0,0,0,0,0,0,0,0,0,0,0,0,0,0,0,0,0,0,0,0,0,0,0,0,0,0,0,0,0,0,0,0,0,0,0,0,0,0,0,0,0,0,0,0,0,0,0,0,0,0,0,0,0,0,0,0,
RegressionTest0::test0227, 0,0,1,0.5,0,0,0.5,0,0,0,0,0,0,0,0,0,0,0.5,0.5,0.5,1,0.5,1,0,0,0,0,0,0,1,1,0.5,0,0,0,0,0,0,0,1,1,1,0.5,0,0.5,0,0,1,0.5,0.5,0,0,1,0,0,0.5,0,0,1,1,0.5,0.5,0,0,0,0,0,0,0,0,0,0,0,0,0,
RegressionTest0::test0228, 0,0,0,0,0,0,0,0,0,0,0,0,0,0,0,0,0,0,0,0,0,0,0,0,0,0,0,0,0,0,0,0,0,0,0,0,0,0,0,0,0,0,0,0,0,0,0,0,0,0,0,0,0,0,0,0,0,0,0,0,0,0,0,0,0,0,0,0,0,0,0,0,0,0,0,
RegressionTest0::test0229, 0,0,1,0.5,0,0,0.5,0,0,0,0,0,0,0,0,0,0,0.5,0.5,0.5,1,0.5,1,1,0,0,0,0,1,1,1,0.5,0,0,1,1,0.5,0,0,0,0,0,0,0,0,1,0.5,1,0.5,0.5,0,0,1,0,0,0.5,0,0,0,0,0,0,0,0,0.5,0.5,0,0,0,0,0,0,0,0,0,
RegressionTest0::test0230, 0,0,1,0.5,0,0,0.5,0,0,0,0,0,0,0,0,0,0,0.5,0.5,0.5,1,0.5,1,0,0,0,0,0,0,1,1,0.5,0,0,0,0,0,0,0,1,0.5,1,0.5,0,0.5,0,0,1,0.5,0.5,0,0,1,0,0,0.5,0,0,1,1,0.5,0.5,0,0,0,0,0,0,0,0,0,0,0,0,0,
RegressionTest0::test0231, 0,0,1,0.5,0,0,0.5,0,0,0,0,0,0,0,0,0,0,0.5,0.5,0.5,1,0.5,0,0,0,0,0,0,1,0,0,0,0,0,0,0,0,0,0,0,0,0,0,0,0,0,0,0,0,0,0,0,0,0,0,0,0,0,0,0,0,0,0,0,0,0,0,0,0,0,0,0,0,0,0,
RegressionTest0::test0232, 0,0,1,0.5,0,0,0.5,0.5,0.5,0.5,0.5,0.5,1,0.5,0,0,0,0.5,0.5,0.5,1,0.5,0,0,0,0,0,0,1,1,1,0.5,0,0,0,0,0,0,0,1,0.5,1,0.5,0,0.5,0,0,0,0,0,0,0,1,0,0,0.5,0,0,0,0,0,0,0,0,0,0,0,0,0,0,0,0,0,0,0,
RegressionTest0::test0233, 0,0,0,0,0,0,0,0,0,0,0,0,0,0,0,0,0,0,0,0,0,0,0,0,0,0,0,0,0,0,0,0,0,0,0,0,0,0,0,0,0,0,0,0,0,0,0,0,0,0,0,0,0,0,0,0,0,0,0,0,0,0,0,0,0,0,0,0,0,0,0,0,0,0,0,
RegressionTest0::test0234, 0,0,1,0.5,0,0,0.5,0,0,0,0,0,0,0,0,0,0,0,0,0,0,0,0,0,0,0,0,0,1,0,0,0,0,0,0,0,0,0,0,0,0,0,0,0,0,0,0,0,0,0,0,0,1,0,0,0.5,0,0,0,0,0,0,0,0,0,0,0,0,0,0,0,0,0,0,0,
RegressionTest0::test0235, 0,0,0,0,0,0,0,0,0,0,0,0,0,0,0,0,0,0,0,0,0,0,0,0,0,0,0,0,0,0,0,0,0,0,0,0,0,0,0,0,0,0,0,0,0,0,0,0,0,0,0,0,0,0,0,0,0,0,0,0,0,0,0,0,0,0,0,0,0,0,0,0,0,0,0,
RegressionTest0::test0236, 0,0,1,0.5,0,0,0.5,0,0,0,0,0,0,0,0,0,0,1,1,1,1,0.5,0,0,0,0,0,0,1,1,1,0.5,0,0,1,1,0.5,0,0,0,0,0,0,0,0,1,0.5,0,0,0,0,0,1,0,0,0.5,0,0,0,0,0,0,0,0,0,0,0,0,0,0,0,0,0,0,0,
RegressionTest0::test0237, 0,0,1,0.5,0,0,0.5,0,0,0,0,0,0,0,1,0.5,0,0.5,0.5,0.5,1,0.5,1,0,0,0,0,0,0,1,1,0.5,0,0,0,0,0,0,0,1,0.5,1,0.5,0,0.5,0,0,1,0.5,0.5,0,0,1,0,0,0.5,0,0,1,0,0,0,0,0,0,0,0,0,0,0,0,0,0,0,0,
RegressionTest0::test0238, 1,0.5,1,0.5,0,0,0.5,0,0,0,0,0,0,0,0,0,0,0.5,0.5,0.5,1,0.5,1,1,0,0,0,0,1,0,0,0,0,0,0,0,0,0,0,0,0,0,0,0,0,0,0,1,0.5,0.5,0,0,1,0,0,0.5,0,0,0,0,0,0,0,0,0,0,0,0,0,0,0,0,0,0,0,
RegressionTest0::test0239, 0,0,0,0,0,0,0,0,0,0,0,0,0,0,0,0,0,0,0,0,0,0,0,0,0,0,0,0,0,0,0,0,0,0,0,0,0,0,0,0,0,0,0,0,0,0,0,0,0,0,0,0,0,0,0,0,0,0,0,0,0,0,0,0,0,0,0,0,0,0,0,0,0,0,0,
RegressionTest0::test0240, 0,0,0,0,0,0,0,0,0,0,0,0,0,0,0,0,0,0,0,0,0,0,0,0,0,0,0,0,0,0,0,0,0,0,0,0,0,0,0,0,0,0,0,0,0,0,0,0,0,0,0,0,0,0,0,0,0,0,0,0,0,0,0,0,0,0,0,0,0,0,0,0,0,0,0,
RegressionTest0::test0241, 1,0.5,1,0.5,0,0,0.5,0,0,0,0,0,0,0,0,0,0,0.5,0.5,0.5,1,0.5,1,1,0,0,0,0,1,0,0,0,0,0,0,0,0,0,0,0,0,0,0,0,0,0,0,1,0.5,0.5,0,0,1,0,0,0.5,0,0,0,0,0,0,0,0,0,0,0,0,0,0,0,0,0,0,0,
RegressionTest0::test0242, 0,0,1,0.5,0,0,0.5,0,0,0,0,0,0,0,0,0,0,0.5,0.5,0.5,1,0.5,1,1,0,0,0,0,1,1,1,0.5,0,0,1,1,0.5,0,0,0,0,0,0,0,0,1,0.5,1,0.5,0.5,0,0,1,0,0,0.5,0,0,0,0,0,0,0,0,0,0,0,0,0,0,0,0,0,0,0,
RegressionTest0::test0243, 0,0,1,1,0,0,1,0,0,0,0,0,0,0,0,0,0,0.5,0.5,0.5,1,0.5,0,0,0,0,0,0,1,1,1,0.5,0,0,0,0,0,0,0,0,0,0,0,0,0,1,0.5,0,0,0,0,0,1,0,0,0.5,0,0,0,0,0,0,0,0,0,0,0,0,0,0,0,0,0,0,0,
RegressionTest0::test0244, 0,0,0,0,0,0,0,0,0,0,0,0,0,0,0,0,0,0,0,0,0,0,0,0,0,0,0,0,0,0,0,0,0,0,0,0,0,0,0,0,0,0,0,0,0,0,0,0,0,0,0,0,0,0,0,0,0,0,0,0,0,0,0,0,0,0,0,0,0,0,0,0,0,0,0,
RegressionTest0::test0245, 0,0,1,0.5,0,0,0.5,0,0,0,0,0,0,0,0,0,0,0.5,0.5,0.5,1,0.5,0,0,0,0,0,0,1,1,1,0.5,0,0,1,1,0.5,0,0,0,0,0,0,0,0,1,0.5,0,0,0,0,0,1,0,0,0.5,0,0,0,0,0,0,0,0,0,0,0,0,0,0,0,0,0,0,0,
RegressionTest0::test0246, 0,0,1,0.5,0,0,0.5,0,0,0,0,0,0,0,0,0,0,0.5,0.5,0.5,1,0.5,0,0,0,0,0,0,0,1,1,0.5,0,0,0,0,0,0,0,0,0,0,0,0,0,0,0,0,0,0,0,0,0,0,0,0,0,0,0,0,0,0,0,0,0.5,1,0,0,0,0,0,0,0,0,0,
RegressionTest0::test0247, 0,0,1,0.5,0,0,0.5,0.5,0.5,0.5,0.5,0.5,1,0.5,1,0.5,0,0.5,0.5,0.5,1,0.5,0,0,0,0,0,0,0,1,1,0.5,0,0,0,0,0,0,0,1,0.5,1,0.5,0,0.5,0,0,0,0,0,0,0,1,0,0,0.5,0,0,1,0,0,0,0,0,0,0,0,0,0,0,0,0,0,0,0,
RegressionTest0::test0248, 0,0,0,0,0,0,0,0,0,0,0,0,0,0,0,0,0,0,0,0,0,0,0,0,0,0,0,0,0,0,0,0,0,0,0,0,0,0,0,0,0,0,0,0,0,0,0,0,0,0,0,0,0,0,0,0,0,0,0,0,0,0,0,0,0,0,0,0,0,0,0,0,0,0,0,
RegressionTest0::test0249, 0,0,1,0.5,0,0,0.5,0,0,0,0,0,0,0,0,0,0,0,0,0,0,0,0,0,0,0,0,0,0,0,0,0,0,0,0,0,0,0,0,0,0,0,0,0,0,0,0,0,0,0,0,0,0,0,0,0,0,0,0,0,0,0,0,0,0,0,0,0,0,0,0,0,0,0,0,
RegressionTest0::test0250, 0,0,0,0,0,0,0,0,0,0,0,0,0,0,0,0,0,0,0,0,0,0,0,0,0,0,0,0,0,0,0,0,0,0,0,0,0,0,0,0,0,0,0,0,0,0,0,0,0,0,0,0,0,0,0,0,0,0,0,0,0,0,0,0,0,0,0,0,0,0,0,0,0,0,0,
RegressionTest0::test0251, 0,0,0,0,0,0,0,0,0,0,0,0,0,0,0,0,0,0,0,0,0,0,0,0,0,0,0,0,0,0,0,0,0,0,0,0,0,0,0,0,0,0,0,0,0,0,0,0,0,0,0,0,0,0,0,0,0,0,0,0,0,0,0,0,0,0,0,0,0,0,0,0,0,0,0,
RegressionTest0::test0252, 0,0,0,0,0,0,0,0,0,0,0,0,0,0,0,0,0,0,0,0,0,0,0,0,0,0,0,0,0,0,0,0,0,0,0,0,0,0,0,0,0,0,0,0,0,0,0,0,0,0,0,0,0,0,0,0,0,0,0,0,0,0,0,0,0,0,0,0,0,0,0,0,0,0,0,
RegressionTest0::test0253, 0,0,0,0,0,0,0,0,0,0,0,0,0,0,0,0,0,0,0,0,0,0,0,0,0,0,0,0,0,0,0,0,0,0,0,0,0,0,0,0,0,0,0,0,0,0,0,0,0,0,0,0,0,0,0,0,0,0,0,0,0,0,0,0,0,0,0,0,0,0,0,0,0,0,0,
RegressionTest0::test0254, 0,0,1,1,0,0,1,0,0,0,0,0,0,0,0,0,0,0.5,0.5,0.5,1,0.5,0,0,0,0,0,0,1,1,1,0.5,0,0,0,0,0,0,0,0,0,0,0,0,0,1,0.5,0,0,0,0,0,1,0,0,0.5,0,0,0,0,0,0,0,0,0,0,0,0,0,0,0,0,0,0,0,
RegressionTest0::test0255, 0,0,1,0.5,0,0,0.5,0,0,0,0,0,0,0,0,0,0,0.5,0.5,0.5,1,0.5,1,0,0,0,0,0,0,0,0,0,0,0,0,0,0,0,0,0,0,0,0,0,0,0,0,1,0.5,0.5,0,0,1,0,0,0.5,0,0,0,0,0,0,0,0,0,0,0,0.5,0.5,0,0,0,0,0,0,
RegressionTest0::test0256, 0,0,0,0,0,0,0,0,0,0,0,0,0,0,0,0,0,0,0,0,0,0,0,0,0,0,0,0,0,0,0,0,0,0,0,0,0,0,0,0,0,0,0,0,0,0,0,0,0,0,0,0,0,0,0,0,0,0,0,0,0,0,0,0,0,0,0,0,0,0,0,0,0,0,0,
RegressionTest0::test0257, 0,0,1,0.5,0,0,0.5,0,0,0,0,0,0,0,0,0,0,0.5,0.5,0.5,1,0.5,1,0,0,0,0,0,0,0,0,0,0,0,0,0,0,0,0,0,0,0,0,0,0,0,0,1,0.5,0.5,0,0,1,0,0,0.5,0,0,0,0,0,0,0,0,0,0,0,0.5,0.5,0,0,0,0,0,0,
RegressionTest0::test0258, 0,0,1,0.5,0,0,0.5,0,0,0,0,0,0,0,0,0,0,0.5,0.5,0.5,1,0.5,1,0,0,0,0,0,0,1,1,0.5,0,0,0,0,0,0,0,1,0.5,1,0.5,0,0.5,0,0,1,0.5,0.5,0,0,1,0,0,0.5,0,0,0,0,0,0,0,0,0,0,0,0,0,0,0,0,0,0,0,
RegressionTest0::test0259, 0,0,1,0.5,0,0,0.5,0,0,0,0,0,0,0,0,0,0,0.5,0.5,0.5,1,0.5,0,0,0,0,0,0,0,0,0,0,0,0,0,0,0,0,0,0,0,0,0,0,0,0,0,0,0,0,0,0,0,0,0,0,0,0,0,0,0,0,0,0,0.5,1,0,0,0,0,0,0,0,0,0,
RegressionTest0::test0260, 0,0,1,1,0,0,1,0,0,0,0,0,0,0,0,0,0,0,0,0,0,0,0,0,0,0,0,0,0,0,0,0,0,0,0,0,0,0,0,0,0,0,0,0,0,0,0,0,0,0,0,0,0,0,0,0,0,0,0,0,0,0,0,0,0,0,0,0,0,0,0,0,0,0,0,
RegressionTest0::test0261, 0,0,1,0.5,0,0,0.5,0,0,0,0,0,0,0,0,0,0,0.5,0.5,0.5,1,0.5,0,0,0,0,0,0,1,1,1,0.5,0,0,0,0,0,0,0,1,0.5,1,0.5,0,0.5,0,0,0,0,0,0,0,1,0,0,0.5,0,0,0,0,0,0,0,0,0,0,0,0,0,0,0,0,0,0,0,
RegressionTest0::test0262, 0,0,0,0,0,0,0,0,0,0,0,0,0,0,0,0,0,0,0,0,0,0,0,0,0,0,0,0,0,0,0,0,0,0,0,0,0,0,0,0,0,0,0,0,0,0,0,0,0,0,0,0,0,0,0,0,0,0,0,0,0,0,0,0,0,0,0,0,0,0,0,0,0,0,0,
RegressionTest0::test0263, 0,0,0,0,0,0,0,0,0,0,0,0,0,0,0,0,0,0,0,0,0,0,0,0,0,0,0,0,0,0,0,0,0,0,0,0,0,0,0,0,0,0,0,0,0,0,0,0,0,0,0,0,0,0,0,0,0,0,0,0,0,0,0,0,0,0,0,0,0,0,0,0,0,0,0,
RegressionTest0::test0264, 0,0,0,0,0,0,0,0,0,0,0,0,0,0,0,0,0,0,0,0,0,0,0,0,0,0,0,0,0,0,0,0,0,0,0,0,0,0,0,0,0,0,0,0,0,0,0,0,0,0,0,0,0,0,0,0,0,0,0,0,0,0,0,0,0,0,0,0,0,0,0,0,0,0,0,
RegressionTest0::test0265, 0,0,0,0,0,0,0.5,0,0,0,0,0,0,0,0,0,0,0,0,0,0,0,0,0,0,0,0,0,0,0,0,0,0,0,0,0,0,0,0,0,0,0,0,0,0,0,0,0,0,0,0,0,1,0,0,0.5,0,0,0,0,0,0,0,0,0,0,0,0,0,0,0,0,0,0,0,
RegressionTest0::test0266, 0,0,0,0,0,0,0,0,0,0,0,0,0,0,0,0,0,0,0,0,0,0,0,0,0,0,0,0,0,0,0,0,0,0,0,0,0,0,0,0,0,0,0,0,0,0,0,0,0,0,0,0,0,0,0,0,0,0,0,0,0,0,0,0,0,0,0,0,0,0,0,0,0,0,0,
RegressionTest0::test0267, 0,0,1,0.5,0,0,0.5,0,0,0,0,0,0,0,0,0,0,0.5,0.5,0.5,1,0.5,1,0,0,0,0,0,1,0,0,0,0,0,0,0,0,0,0,0,0,0,0,0,0,0,0,1,0.5,0.5,0,0,1,0,0,0.5,0,0,0,0,0,0,0,0,0,0,0,0,0,0,0,0,0,0,0,
RegressionTest0::test0268, 0,0,0,0,0,0,0,0,0,0,0,0,0,0,0,0,0,0,0,0,0,0,0,0,0,0,0,0,0,0,0,0,0,0,0,0,0,0,0,0,0,0,0,0,0,0,0,0,0,0,0,0,0,0,0,0,0,0,0,0,0,0,0,0,0,0,0,0,0,0,0,0,0,0,0,
RegressionTest0::test0269, 0,0,0,0,0,0,0,0,0,0,0,0,0,0,0,0,0,0,0,0,0,0,0,0,0,0,0,0,0,0,0,0,0,0,0,0,0,0,0,0,0,0,0,0,0,0,0,0,0,0,0,0,0,0,0,0,0,0,0,0,0,0,0,0,0,0,0,0,0,0,0,0,0,0,0,
RegressionTest0::test0270, 0,0,0,0,0,0,0,0,0,0,0,0,0,0,0,0,0,0,0,0,0,0,0,0,0,0,0,0,0,0,0,0,0,0,0,0,0,0,0,0,0,0,0,0,0,0,0,0,0,0,0,0,0,0,0,0,0,0,0,0,0,0,0,0,0,0,0,0,0,0,0,0,0,0,0,
RegressionTest0::test0271, 0,0,1,0.5,0,0,0.5,0,0,0,0,0,0,0,0,0,0,0.5,0.5,0.5,1,0.5,0,1,0,0,0,0,1,0,0,0,0,0,0,0,0,0,0,0,0,0,0,0,0,0,0,0,0,0,0,0,0,0,0,0.5,0,0,0,0,0,0,0,0,0,0,0,0,0,0,0,0,0,0,0,
RegressionTest0::test0272, 0,0,1,0.5,0,0,0.5,0,0,0,0,0,0,0,0,0,0,0.5,0.5,0.5,1,0.5,1,1,0,0,0,0,1,1,1,0.5,0,0,0,0,0,0,0,1,0.5,1,0.5,0,0.5,0,0,1,0.5,0.5,0,0,1,0,0,0.5,0,0,0,0,0,0,0,0,0,0,0,0,0,0,0,0,0,0,0,
RegressionTest0::test0273, 0,0,0,0,0,0,0,0,0,0,0,0,0,0,0,0,0,0,0,0,0,0,0,0,0,0,0,0,0,0,0,0,0,0,0,0,0,0,0,0,0,0,0,0,0,0,0,0,0,0,0,0,0,0,0,0,0,0,0,0,0,0,0,0,0,0,0,0,0,0,0,0,0,0,0,
RegressionTest0::test0274, 0,0,1,0.5,0,0,0.5,0,0,0,0,0,0,0,0,0,0,0.5,0.5,0.5,1,0.5,0,0,0,0,0,0,1,1,1,0.5,0,0,0,0,0,0,0,0,0,0,0,0,0,0,0,0,0,0,0,0,0,0,0,0.5,0,0,0,1,0.5,0.5,0,0,0.5,1,0,0,0,0,0,0,0,0,0,
RegressionTest0::test0275, 0,0,1,0.5,0,0,0.5,0,0,0,0,0,0,0,0,0,0,0.5,0.5,0.5,1,0.5,1,1,0,0,0,0,1,1,1,0.5,0,0,1,1,0.5,0,0,0,0,0,0,0,0,1,0.5,1,0.5,0.5,0,0,1,0,0,0.5,0,0,0,0,0,0,0,0,0,0,0,0,0,0,0,0,0,0,0,
RegressionTest0::test0276, 0,0,0,0,0,0,0,0,0,0,0,0,0,0,0,0,0,0,0,0,0,0,0,0,0,0,0,0,0,0,0,0,0,0,0,0,0,0,0,0,0,0,0,0,0,0,0,0,0,0,0,0,0,0,0,0,0,0,0,0,0,0,0,0,0,0,0,0,0,0,0,0,0,0,0,
RegressionTest0::test0277, 0,0,1,0.5,0,0,0.5,0,0,0,0,0,0,0,0,0,0,0.5,0.5,0.5,1,0.5,1,1,0,0,0,0,1,1,1,0.5,0,0,0,0,0,0,0,0,0,0,0,0,0,1,0.5,1,0.5,0.5,0,0,1,0,0,0.5,0,0,0,0,0,0,0,0,0,0,0,0,0,0,0,0,0,0,0,
RegressionTest0::test0278, 0,0,0,0,0,0,0,0,0,0,0,0,0,0,0,0,0,0,0,0,0,0,0,0,0,0,0,0,0,0,0,0,0,0,0,0,0,0,0,0,0,0,0,0,0,0,0,0,0,0,0,0,0,0,0,0,0,0,0,0,0,0,0,0,0,0,0,0,0,0,0,0,0,0,0,
RegressionTest0::test0279, 0,0,1,0.5,0,0,0.5,0,0,0,0,0,0,0,0,0,0,0.5,0.5,0.5,1,0.5,0,0,0,0,0,0,0,1,1,0.5,0,0,0,0,0,0,0,0,0,0,0,0,0,0,0,0,0,0,0,0,1,0,0,0.5,0,0,0,0,0,0,0,0,0,0,0,0,0,0,0,0,0,0,0,
RegressionTest0::test0280, 0,0,1,0.5,0,0,0.5,0,0,0,0,0,0,0,0,0,0,0.5,0.5,0.5,1,0.5,0,0,0,0,0,0,0,1,1,0.5,0,0,0,0,0,0,0,0,0,0,0,0,0,0,0,0,0,0,0,0,0,0,0,0,0,0,0,0,0,0,0,0,0.5,1,0,0,0,0,0,0,0,0,0,
RegressionTest0::test0281, 0,0,1,1,0,0,1,0,0,0,0,0,0,0,0,0,0,0,0,0,0,0,0,0,0,0,0,0,0,0,0,0,0,0,0,0,0,0,0,0,0,0,0,0,0,0,0,0,0,0,0,0,1,0,0,0.5,0,0,0,0,0,0,0,0,0,0,0,0,0,0,0,0,0,0,0,
RegressionTest0::test0282, 0,0,0,0,0,0,0,0,0,0,0,0,0,0,0,0,0,0,0,0,0,0,0,0,0,0,0,0,0,0,0,0,0,0,0,0,0,0,0,0,0,0,0,0,0,0,0,0,0,0,0,0,0,0,0,0,0,0,0,0,0,0,0,0,0,0,0,0,0,0,0,0,0,0,0,
RegressionTest0::test0283, 1,1,0,0,0,0,1,0,0,0,0,0,0,0,0,0,0,0,0,0,0,0,0,0,0,0,0,0,0,0,0,0,0,0,0,0,0,0,0,0,0,0,0,0,0,0,0,0,0,0,0,0,0,0,0,0,0,0,0,0,0,0,0,0,0,0,0,0,0,0,0,0,0,0,0,
RegressionTest0::test0284, 0,0,0,0,0,0,0,0,0,0,0,0,0,0,0,0,0,0,0,0,0,0,0,0,0,0,0,0,0,0,0,0,0,0,0,0,0,0,0,0,0,0,0,0,0,0,0,0,0,0,0,0,0,0,0,0,0,0,0,0,0,0,0,0,0,0,0,0,0,0,0,0,0,0,0,
RegressionTest0::test0285, 0,0,1,0.5,0,0,0.5,0,0,0,0,0,0,0,0,0,0,0.5,0.5,0.5,1,0.5,0,0,0,0,0,0,0,0,0,0,0,0,0,0,0,0,0,0,0,0,0,0,0,0,0,0,0,0,0,0,0,0,0,0,0,0,0,0,0,0,0,0,0,0,0,0,0,0,0,0,0,0,0,
RegressionTest0::test0286, 0,0,0,0,0,0,0,0,0,0,0,0,0,0,0,0,0,0,0,0,0,0,0,0,0,0,0,0,0,0,0,0,0,0,0,0,0,0,0,0,0,0,0,0,0,0,0,0,0,0,0,0,0,0,0,0,0,0,0,0,0,0,0,0,0,0,0,0,0,0,0,0,0,0,0,
RegressionTest0::test0287, 0,0,0,0,0,0,0,0,0,0,0,0,0,0,0,0,0,0,0,0,0,0,0,0,0,0,0,0,0,0,0,0,0,0,0,0,0,0,0,0,0,0,0,0,0,0,0,0,0,0,0,0,0,0,0,0,0,0,0,0,0,0,0,0,0,0,0,0,0,0,0,0,0,0,0,
RegressionTest0::test0288, 0,0,0,0,0,0,0,0,0,0,0,0,0,0,0,0,0,0,0,0,0,0,0,0,0,0,0,0,0,0,0,0,0,0,0,0,0,0,0,0,0,0,0,0,0,0,0,0,0,0,0,0,0,0,0,0,0,0,0,0,0,0,0,0,0,0,0,0,0,0,0,0,0,0,0,
RegressionTest0::test0289, 0,0,1,0.5,0,0,0.5,0.5,0.5,0.5,0.5,0.5,1,0.5,0,0,0,0.5,0.5,0.5,1,1,0,1,0,0,0,0,1,1,1,0.5,0,0,0,0,0,0,0,1,0.5,1,0.5,0,0.5,0,0,0,0,0,0,0,1,0,0,0.5,0,0,0,0,0,0,0,0,0.5,1,0,0,0,0,0,0,0,0,0,
RegressionTest0::test0290, 0,0,1,0.5,0,0,0.5,0.5,0.5,0.5,0.5,0.5,1,0.5,1,0.5,0,0.5,0.5,0.5,1,0.5,0,0,0,0,0,0,0,1,1,0.5,0,0,0,0,0,0,0,1,0.5,1,0.5,0,0.5,0,0,0,0,0,0,0,1,0,0,0.5,0,0,1,0,0,0,0,0,0,0,0,0,0,0,0,0,0,0,0,
RegressionTest0::test0291, 0,0,1,0.5,0,0,0.5,0,0,0,0,0,0,0,0,0,0,0.5,0.5,0.5,1,0.5,0,0,0,0,0,0,0,0,0,0,0,0,0,0,0,0,0,0,0,0,0,0,0,0,0,0,0,0,0,0,0,0,0,0,0,0,0,0,0,0,0,0,0,0,0,0,0,0,0,0,0,0,0,
RegressionTest0::test0292, 0,0,0,0,0,0,0,0,0,0,0,0,0,0,0,0,0,0,0,0,0,0,0,0,0,0,0,0,0,0,0,0,0,0,0,0,0,0,0,0,0,0,0,0,0,0,0,0,0,0,0,0,0,0,0,0,0,0,0,0,0,0,0,0,0,0,0,0,0,0,0,0,0,0,0,
RegressionTest0::test0293, 0,0,0,0,0,0,0.5,0,0,0,0,0,0,0,0,0,0,0,0,0,0,0,0,0,0,0,0,0,0,0,0,0,0,0,0,0,0,0,0,0,0,0,0,0,0,0,0,0,0,0,0,0,0,0,0,0,0,0,0,0,0,0,0,0,0.5,0.5,0,0,0,0,0,0,0,0,0,
RegressionTest0::test0294, 0,0,1,0.5,0,0,0.5,0.5,0.5,0.5,0.5,0.5,1,0.5,1,0.5,0,0.5,0.5,0.5,1,0.5,0,0,0,0,0,0,0,1,1,0.5,0,0,0,0,0,0,0,1,0.5,1,0.5,0,0.5,0,0,0,0,0,0,0,1,0,0,0.5,0,0,1,0,0,0,0,0,0,0,0,0,0,0,0,0,0,0,0,
RegressionTest0::test0295, 0,0,0,0,0,0,0,0,0,0,0,0,0,0,0,0,0,0,0,0,0,0,0,0,0,0,0,0,0,0,0,0,0,0,0,0,0,0,0,0,0,0,0,0,0,0,0,0,0,0,0,0,0,0,0,0,0,0,0,0,0,0,0,0,0,0,0,0,0,0,0,0,0,0,0,
RegressionTest0::test0296, 0,0,1,0.5,0,0,0.5,0.5,0.5,0.5,0.5,0.5,1,0.5,0,0,0,0.5,0.5,0.5,1,0.5,0,0,0,0,0,0,0,1,1,0.5,0,0,0,0,0,0,0,1,0.5,1,0.5,0,0.5,0,0,0,0,0,0,0,1,0,0,0.5,0,0,0,0,0,0,0,0,0,0,0,0,0,0,0,0,0,0,0,
RegressionTest0::test0297, 0,0,0,0,0,0,0,0,0,0,0,0,0,0,0,0,0,0,0,0,0,0,0,0,0,0,0,0,0,0,0,0,0,0,0,0,0,0,0,0,0,0,0,0,0,0,0,0,0,0,0,0,0,0,0,0,0,0,0,0,0,0,0,0,0,0,0,0,0,0,0,0,0,0,0,
RegressionTest0::test0298, 0,0,1,0.5,0,0,0.5,0,0,0,0,0,0,0,0,0,0,0.5,0.5,0.5,1,0.5,0,0,0,0,0,0,1,1,1,0.5,0,0,1,1,0.5,0,0,0,0,0,0,0,0,0,0,0,0,0,0,0,0,1,1,0.5,0,0,1,0,0,0,0,0,0.5,1,0,0,0,0,0,0,0,0,0,
RegressionTest0::test0299, 0,0,0,0,0,0,0,0,0,0,0,0,0,0,0,0,0,0,0,0,0,0,0,0,0,0,0,0,0,0,0,0,0,0,0,0,0,0,0,0,0,0,0,0,0,0,0,0,0,0,0,0,0,0,0,0,0,0,0,0,0,0,0,0,0,0,0,0,0,0,0,0,0,0,0,
RegressionTest0::test0300, 0,0,1,0.5,0,0,0.5,0,0,0,0,0,0,0,0,0,0,0.5,0.5,0.5,1,0.5,0,0,0,0,0,0,0,1,1,0.5,0,0,0,0,0,0,0,0,0,0,0,0,0,0,0,0,0,0,0,0,1,0,0,0.5,0,0,0,1,0.5,0.5,0,0,0.5,1,0,0,0,0,0,0,0,0,0,
RegressionTest0::test0301, 0,0,0,0,0,0,0.5,0,0,0,0,0,0,0,0,0,0,0,0,0,0,0,0,0,0,0,0,0,0.5,0,0,0,0,0,0,0,0,0,0,0,0,0,0,0,0,0,0,0,0,0,0,0,0,0,0,0,0,0,0,0,0,0,0,0,0,0,0,0,0,0,0,0,0,0,0,
RegressionTest0::test0302, 0,0,0,0,0,0,0,0,0,0,0,0,0,0,0,0,0,0,0,0,0,0,0,0,0,0,0,0,0,0,0,0,0,0,0,0,0,0,0,0,0,0,0,0,0,0,0,0,0,0,0,0,0,0,0,0,0,0,0,0,0,0,0,0,0,0,0,0,0,0,0,0,0,0,0,
RegressionTest0::test0303, 0,0,0,0,0,0,0,0,0,0,0,0,0,0,0,0,0,0,0,0,0,0,0,0,0,0,0,0,0,0,0,0,0,0,0,0,0,0,0,0,0,0,0,0,0,0,0,0,0,0,0,0,0,0,0,0,0,0,0,0,0,0,0,0,0,0,0,0,0,0,0,0,0,0,0,
RegressionTest0::test0304, 0,0,0,0,0,0,0,0,0,0,0,0,0,0,0,0,0,0,0,0,0,0,0,0,0,0,0,0,0,0,0,0,0,0,0,0,0,0,0,0,0,0,0,0,0,0,0,0,0,0,0,0,0,0,0,0,0,0,0,0,0,0,0,0,0,0,0,0,0,0,0,0,0,0,0,
RegressionTest0::test0305, 0,0,0,0,0,0,0,0,0,0,0,0,0,0,0,0,0,0,0,0,0,0,0,0,0,0,0,0,0,0,0,0,0,0,0,0,0,0,0,0,0,0,0,0,0,0,0,0,0,0,0,0,0,0,0,0,0,0,0,0,0,0,0,0,0,0,0,0,0,0,0,0,0,0,0,
RegressionTest0::test0306, 0,0,1,0.5,0,0,0.5,0,0,0,0,0,0,0,0,0,0,0.5,0.5,0.5,1,0.5,0,0,0,0,0,0,1,1,1,0.5,0,0,1,1,0.5,0,0,0,0,0,0,0,0,1,0.5,0,0,0,0,0,1,0,0,0.5,0,0,0,0,0,0,0,0,0,0,0,0,0,0,0,0,0,0,0,
RegressionTest0::test0307, 0,0,0,0,0,0,0,0,0,0,0,0,0,0,0,0,0,0,0,0,0,0,0,0,0,0,0,0,0,0,0,0,0,0,0,0,0,0,0,0,0,0,0,0,0,0,0,0,0,0,0,0,0,0,0,0,0,0,0,0,0,0,0,0,0,0,0,0,0,0,0,0,0,0,0,
RegressionTest0::test0308, 0,0,1,0.5,0,0,0.5,0.5,0.5,0.5,0.5,0.5,1,0.5,0,0,0,0.5,0.5,0.5,1,0.5,0,0,0,0,0,0,0,1,1,0.5,0,0,0,0,0,0,0,1,0.5,1,0.5,0,0.5,0,0,0,0,0,0,0,1,0,0,0.5,0,0,0,0,0,0,0,0,0,0,0,0,0,0,0,0,0,0,0,
RegressionTest0::test0309, 0,0,1,0.5,0,0,0.5,0,0,0,0,0,0,0,1,0.5,0,0.5,0.5,0.5,1,0.5,0,0,0,0,0,0,1,1,1,0.5,0,0,0,0,0,0,0,0,0,0,0,0,0,1,0.5,0,0,0,0,0,1,0,0,0.5,0,0,0,1,0.5,0.5,0,0,0.5,1,0,0,0,0,0,0,0,0,0,
RegressionTest0::test0310, 0,0,1,0.5,0,0,0.5,0,0,0,0,0,0,0,0,0,0,0.5,0.5,0.5,1,0.5,1,0,0,0,0,0,0,0,0,0,0,0,0,0,0,0,0,0,0,0,0,0,0,0,0,1,0.5,0.5,0,0,1,0,0,0.5,0,0,0,0,0,0,0,0,0,0,0,0,0,0,0,0,0,0,0,
RegressionTest0::test0311, 0,0,0,0,0,0,0,0,0,0,0,0,0,0,0,0,0,0,0,0,0,0,0,0,0,0,0,0,0,0,0,0,0,0,0,0,0,0,0,0,0,0,0,0,0,0,0,0,0,0,0,0,0,0,0,0,0,0,0,0,0,0,0,0,0,0,0,0,0,0,0,0,0,0,0,
RegressionTest0::test0312, 0,0,0,0,0,0,0,0,0,0,0,0,0,0,0,0,0,0,0,0,0,0,0,0,0,0,0,0,0,0,0,0,0,0,0,0,0,0,0,0,0,0,0,0,0,0,0,0,0,0,0,0,0,0,0,0,0,0,0,0,0,0,0,0,0,0,0,0,0,0,0,0,0,0,0,
RegressionTest0::test0313, 0,0,1,0.5,0,0,0.5,0,0,0,0,0,0,0,0,0,0,0.5,0.5,0.5,1,0.5,0,1,0,0,0,0,1,0,0,0,0,0,0,0,0,0,0,0,0,0,0,0,0,0,0,0,0,0,0,0,0,0,0,0.5,0,0,1,0,0,0,0,0,0.5,1,0,0,0,0,0,0,0,0,0,
RegressionTest0::test0314, 0,0,1,0.5,0,0,0.5,0,0,0,0,0,0,0,0,0,0,0.5,0.5,0.5,1,0.5,1,0,0,0,0,0,0,0,0,0,0,0,0,0,0,0,0,0,0,0,0,0,0,0,0,1,0.5,0.5,0,0,1,0,0,0.5,0,0,0,0,0,0,0,0,0,0,0,0.5,0.5,0,0,0,0,0,0,
RegressionTest0::test0315, 0,0,1,0.5,0,0,0.5,0.5,0.5,0.5,0.5,0.5,1,0.5,1,0.5,0,0.5,0.5,0.5,1,0.5,0,1,0,0,0,0,1,1,1,0.5,0,0,1,1,0.5,0.5,0,1,0.5,1,0.5,0,0.5,0,0,0,0,0,0,0,1,0,0,0.5,0,0,1,0,0,0,0,0,0,0,0,0,0,0,0,0,0,0,0,
RegressionTest0::test0316, 0,0,0,0,0,0,0,0,0,0,0,0,0,0,0,0,0,0,0,0,0,0,0,0,0,0,0,0,0,0,0,0,0,0,0,0,0,0,0,0,0,0,0,0,0,0,0,0,0,0,0,0,0,0,0,0,0,0,0,0,0,0,0,0,0,0,0,0,0,0,0,0,0,0,0,
RegressionTest0::test0317, 0,0,0,0,0,0,0,0,0,0,0,0,0,0,0,0,0,0,0,0,0,0,0,0,0,0,0,0,0,0,0,0,0,0,0,0,0,0,0,0,0,0,0,0,0,0,0,0,0,0,0,0,0,0,0,0,0,0,0,0,0,0,0,0,0,0,0,0,0,0,0,0,0,0,0,
RegressionTest0::test0318, 0,0,1,0.5,0,0,0.5,0,0,0,0,0,0,0,0,0,0,0.5,0.5,0.5,1,0.5,0,0,0,0,0,0,0,1,1,0.5,0,0,0,0,0,0,0,0,0,0,0,0,0,0,0,0,0,0,0,0,0,0,0,0,0,0,0,0,0,0,0,0,0,0,0,0,0,0,0,0,0,0,0,
RegressionTest0::test0319, 0,0,0,0,0,0,0,0,0,0,0,0,0,0,0,0,0,0,0,0,0,0,0,0,0,0,0,0,0,0,0,0,0,0,0,0,0,0,0,0,0,0,0,0,0,0,0,0,0,0,0,0,0,0,0,0,0,0,0,0,0,0,0,0,0,0,0,0,0,0,0,0,0,0,0,
RegressionTest0::test0320, 1,0.5,1,0.5,0,0,0.5,0,0,0,0,0,0,0,0,0,0,1,1,1,1,0.5,0,0,0,0,0,0,1,1,1,0.5,0,0,1,1,0.5,0.5,0,0,0,0,0,0,0,1,0.5,0,0,0,0,0,1,0,0,0.5,0,0,0,0,0,0,0,0,0,0,0,0,0,0,0,0,0,0,0,
RegressionTest0::test0321, 0,0,1,0.5,0,0,0.5,0.5,0.5,0.5,0.5,0.5,1,0.5,0,0,0,0.5,0.5,0.5,1,0.5,0,1,0,0,0,0,1,1,1,0.5,0,0,1,1,0.5,0,0,1,0.5,1,0.5,0,0.5,0,0,0,0,0,0,0,1,0,0,0.5,0,0,0,0,0,0,0,0,0,0,0,0,0,0,0,0,0,0,0,
RegressionTest0::test0322, 0,0,1,0.5,0,0,0.5,0,0,0,0,0,0,0,0,0,0,0.5,0.5,0.5,1,0.5,0,0,0,0,0,0,0,1,1,0.5,0,0,1,1,0.5,0,0,0,0,0,0,0,0,0,0,0,0,0,0,0,0,0,0,0.5,0,0,1,0,0,0,0,0,0,0,0,0,0,0,0,0,0,0,0,
RegressionTest0::test0323, 1,0.5,1,0.5,0,0,1,0,0,0,0,0,0,0,0,0,0,0.5,0.5,0.5,1,0.5,0,0,0,0,0,0,1,1,1,0.5,0,0,0,0,0,0,0,0,0,0,0,0,0,0,0,0,0,0,0,0,1,0,0,0.5,0,0,0,0,0,0,0,0,0,0,0,0,0,0,0,0,0,0,0,
RegressionTest0::test0324, 0,0,1,0.5,0,0,0.5,0,0,0,0,0,0,0,0,0,0,0.5,0.5,0.5,1,0.5,1,0,0,0,0,0,0,0,0,0,0,0,0,0,0,0,0,0,0,0,0,0,0,0,0,1,0.5,0.5,0,0,1,0,0,0.5,0,0,0,0,0,0,0,0,0,0,0,0.5,0.5,0,0,0,0,0,0,
RegressionTest0::test0325, 0,0,1,0.5,0,0,0.5,0,0,0,0,0,0,0,0,0,0,0.5,0.5,0.5,1,0.5,0,0,0,0,0,0,1,1,1,0.5,0,0,1,1,0.5,0,0,0,0,0,0,0,0,1,0.5,0,0,0,0,0,1,0,0,0.5,0,0,0,0,0,0,0,0,0,0,0,0,0,0,0,0,0,0,0,
RegressionTest0::test0326, 0,0,1,0.5,0,0,0.5,0,0,0,0,0,0,0,0,0,0,0.5,0.5,0.5,1,0.5,1,0,0,0,0,0,0,1,1,0.5,0,0,0,0,0,0,0,1,0.5,1,0.5,0,0.5,0,0,1,0.5,0.5,0,0,1,0,0,0.5,0,0,0,0,0,0,0,0,0,0,0,0,0,0,0,0,0,0,0,
RegressionTest0::test0327, 0,0,0,0,0,0,0,0,0,0,0,0,0,0,0,0,0,0,0,0,0,0,0,0,0,0,0,0,0,0,0,0,0,0,0,0,0,0,0,0,0,0,0,0,0,0,0,0,0,0,0,0,0,0,0,0,0,0,0,0,0,0,0,0,0,0,0,0,0,0,0,0,0,0,0,
RegressionTest0::test0328, 0,0,0,0,0,0,0,0,0,0,0,0,0,0,0,0,0,0,0,0,0,0,0,0,0,0,0,0,0,0,0,0,0,0,0,0,0,0,0,0,0,0,0,0,0,0,0,0,0,0,0,0,0,0,0,0,0,0,0,0,0,0,0,0,0,0,0,0,0,0,0,0,0,0,0,
RegressionTest0::test0329, 0,0,1,0.5,0,0,0.5,0,0,0,0,0,0,0,0,0,0,0.5,0.5,0.5,1,0.5,1,0,0,0,0,0,0,1,1,0.5,0,0,0,0,0,0,0,1,0.5,1,0.5,0,0.5,0,0,1,0.5,0.5,0,0,1,0,0,0.5,0,0,0,0,0,0,0,0,0,0,0,0.5,0.5,0,0,0,0,0,0,
RegressionTest0::test0330, 0,0,1,0.5,0,0,0.5,0,0,0,0,0,0,0,0,0,0,0.5,0.5,0.5,1,0.5,0,0,0,0,0,0,0,0,0,0,0,0,0,0,0,0,0,0,0,0,0,0,0,0,0,0,0,0,0,0,0,0,0,0,0,0,0,0,0,0,0,0,0,0,0,0,0,0,0,0,0,0,0,
RegressionTest0::test0331, 0,0,1,0.5,0,0,0.5,0.5,0.5,0.5,0.5,0.5,1,0.5,0,0,0.5,0.5,0.5,0.5,1,0.5,0,0,0,0,0,0,0,1,1,0.5,0,0,1,1,0.5,0,0,1,0.5,1,0.5,0,0.5,0,0,0,0,0,0,0,1,0,0,0.5,0,0,1,0,0,0,0,0,0,0,0,0,0,0,0,0,0,0,0,
RegressionTest0::test0332, 0,0,1,1,0,0,1,0,0,0,0,0,0,0,0,0,0,0.5,0.5,0.5,1,0.5,0,0,0,0,0,0,0,1,1,0.5,0,0,0,0,0,0,0,1,0.5,1,0.5,0,0.5,0,0,0,0,0,0,0,1,0,0,0.5,0,0,0,0,0,0,0,0,0.5,1,0,0,0,0,0,0,0,0,0,
RegressionTest0::test0333, 0,0,1,0.5,0,0,0.5,0,0,0,0,0,0,0,0,0,0,0.5,0.5,0.5,1,0.5,0,0,0,0,0,0,0,1,1,0.5,0,0,1,1,0.5,0,0,0,0,0,0,0,0,0,0,0,0,0,0,0,0,0,0,0.5,0,0,0,0,0,0,0,0,0.5,1,0,0,0,0,0,0,0,0,0,
RegressionTest0::test0334, 0,0,0,0,0,0,0,0,0,0,0,0,0,0,0,0,0,0,0,0,0,0,0,0,0,0,0,0,0,0,0,0,0,0,0,0,0,0,0,0,0,0,0,0,0,0,0,0,0,0,0,0,0,0,0,0,0,0,0,0,0,0,0,0,0,0,0,0,0,0,0,0,0,0,0,
RegressionTest0::test0335, 0,0,1,1,0,0,1,0,0,0,0,0,0,0,0,0,0,0,0,0,0,0,0,0,0,0,0,0,0,0,0,0,0,0,0,0,0,0,0,0,0,0,0,0,0,0,0,0,0,0,0,0,0,0,0,0,0,0,0,0,0,0,0,0,0,0,0,0,0,0,0,0,0,0,0,
RegressionTest0::test0336, 0,0,1,0.5,0,0,0.5,0.5,0.5,0.5,0.5,0.5,1,0.5,0,0,0,0.5,0.5,0.5,1,0.5,0,0,0,0,0,0,0,1,1,0.5,0,0,0,0,0,0,0,1,0.5,1,0.5,0,0.5,0,0,0,0,0,0,0,1,0,0,0.5,0,0,0,0,0,0,0,0,0,0,0,0,0,0,0,0,0,0,0,
RegressionTest0::test0337, 0,0,1,0.5,0,0,0.5,0,0,0,0,0,0,0,0,0,0,0.5,0.5,0.5,1,0.5,0,0,0,0,0,0,1,0,0,0,0,0,0,0,0,0,0,0,0,0,0,0,0,0,0,0,0,0,1,0.5,0,0,0,0,0,0,0,0,0,0,0,0,0.5,1,0,0,0,0,0,0,0,0,0,
RegressionTest0::test0338, 1,0.5,1,0.5,0,0,0.5,0,0,0,0,0,0,0,0,0,0,1,1,1,1,0.5,0,0,0,0,0,0,1,1,1,0.5,0,0,1,1,0.5,0,0,0,0,0,0,0,0,1,0.5,0,0,0,0,0,1,0,0,0.5,0,0,0,0,0,0,0,0,0,0,0,0,0,0,0,0,0,0,0,
RegressionTest0::test0339, 0,0,1,0.5,0,0,0.5,0,0,0,0,0,0,0,0,0,0,0.5,0.5,0.5,1,0.5,1,0,0,0,0,0,0,0,0,0,0,0,0,0,0,0,0,0,0,0,0,0,0,0,0,1,0.5,0.5,0,0,1,0,0,0.5,0,0,0,0,0,0,0,0,0,0,0,0.5,0.5,0,0,0,0,0,0,
RegressionTest0::test0340, 0,0,0,0,0,0,0,0,0,0,0,0,0,0,0,0,0,0,0,0,0,0,0,0,0,0,0,0,0,0,0,0,0,0,0,0,0,0,0,0,0,0,0,0,0,0,0,0,0,0,0,0,0,0,0,0,0,0,0,0,0,0,0,0,0,0,0,0,0,0,0,0,0,0,0,
RegressionTest0::test0341, 1,1,1,0.5,0,0,1,0,0,0,0,0,0,0,0,0,0,0.5,0.5,0.5,1,0.5,0,1,0,0,0,0,1,1,1,0.5,0,0,0,0,0,0,0,0,0,0,0,0,0,0,0,0,0,0,0,0,1,1,1,0.5,0,0,1,0,0,0,0,0,0,0,0,0,0,0,0,0,0,0,0,
RegressionTest0::test0342, 0,0,0,0,0,0,0,0,0,0,0,0,0,0,0,0,0,0,0,0,0,0,0,0,0,0,0,0,0,0,0,0,0,0,0,0,0,0,0,0,0,0,0,0,0,0,0,0,0,0,0,0,0,0,0,0,0,0,0,0,0,0,0,0,0,0,0,0,0,0,0,0,0,0,0,
RegressionTest0::test0343, 0,0,0,0,0,0,0,0,0,0,0,0,0,0,0,0,0,0,0,0,0,0,0,0,0,0,0,0,0,0,0,0,0,0,0,0,0,0,0,0,0,0,0,0,0,0,0,0,0,0,0,0,0,0,0,0,0,0,0,0,0,0,0,0,0,0,0,0,0,0,0,0,0,0,0,
RegressionTest0::test0344, 0,0,1,0.5,0,0,0.5,0,0,0,0,0,0,0,0,0,0,0.5,0.5,0.5,1,0.5,0,0,0,0,0,0,1,1,1,0.5,0,0,1,1,0.5,0,0,0,0,0,0,0,0,0,0,0,0,0,0,0,1,0,0,0.5,0,1,0,0,0,0,0,0,0,0,0,0,0,0,0,0,0,0,0,
RegressionTest0::test0345, 0,0,1,0.5,0,0,0.5,0,0,0,0,0,0,0,0,0,0,0.5,0.5,0.5,1,0.5,1,0,0,0,0,0,1,1,1,0.5,0,0,1,1,0.5,0.5,0,1,0.5,1,0.5,0,0.5,0,0,1,0.5,0.5,0,0,1,0,0,0.5,0,0,0,0,0,0,0,0,0.5,1,0,0,0,0,0,0,0,0,0,
RegressionTest0::test0346, 0,0,0,0,0,0,0,0,0,0,0,0,0,0,0,0,0,0,0,0,0,0,0,0,0,0,0,0,0,0,0,0,0,0,0,0,0,0,0,0,0,0,0,0,0,0,0,0,0,0,0,0,0,0,0,0,0,0,0,0,0,0,0,0,0,0,0,0,0,0,0,0,0,0,0,
RegressionTest0::test0347, 0,0,0,0,0,0,0,0,0,0,0,0,0,0,0,0,0,0,0,0,0,0,0,0,0,0,0,0,0,0,0,0,0,0,0,0,0,0,0,0,0,0,0,0,0,0,0,0,0,0,0,0,0,0,0,0,0,0,0,0,0,0,0,0,0,0,0,0,0,0,0,0,0,0,0,
RegressionTest0::test0348, 0,0,1,0.5,0,0,0.5,0.5,0.5,0.5,0.5,0.5,1,0.5,1,0.5,0,0.5,0.5,0.5,1,0.5,0,0,0,0,0,0,0,1,1,0.5,0,0,0,0,0,0,0,1,0.5,1,0.5,0,0.5,0,0,0,0,0,0,0,1,0,0,0.5,0,0,1,0,0,0,0,0,0,0,0,0,0,0,0,0,0,0,0,
RegressionTest0::test0349, 0,0,1,1,0,0,1,0,0,0,0,0,0,0,0,0,0,0.5,0.5,0.5,1,0.5,0,0,0,0,0,0,0,1,1,0.5,0,0,0,0,0,0,0,1,0.5,1,0.5,0,0.5,0,0,0,0,0,0,0,1,0,0,0.5,0,0,0,0,0,0,0,0,0.5,1,0,0,0,0,0,0,0,0,0,
RegressionTest0::test0350, 0,0,1,0.5,0,0,0.5,0,0,0,0,0,0,0,0,0,0,0.5,0.5,0.5,1,0.5,0,0,0,0,0,0,1,1,1,0.5,0,0,1,1,0.5,0,0,0,0,0,0,0,0,1,0.5,0,0,0,0,0,1,0,0,0.5,0,0,0,0,0,0,0,0,0,0,0,0,0,0,0,0,0,0,0,
RegressionTest0::test0351, 0,0,1,0.5,0,0,0.5,0.5,0.5,0.5,0.5,0.5,1,0.5,0,0,0,0.5,0.5,0.5,1,0.5,0,0,0,0,0,0,0,1,1,0.5,0,0,0,0,0,0,0,1,0.5,1,0.5,0,0.5,0,0,0,0,0,0,0,1,0,0,0.5,0,0,0,0,0,0,0,0,0,0,0,0,0,0,0,0,0,0,0,
RegressionTest0::test0352, 0,0,0,0,0,0,0,0,0,0,0,0,0,0,0,0,0,0,0,0,0,0,0,0,0,0,0,0,0,0,0,0,0,0,0,0,0,0,0,0,0,0,0,0,0,0,0,0,0,0,0,0,0,0,0,0,0,0,0,0,0,0,0,0,0,0,0,0,0,0,0,0,0,0,0,
RegressionTest0::test0353, 0,0,0,0,0,0,0,0,0,0,0,0,0,0,0,0,0,0,0,0,0,0,0,0,0,0,0,0,0,0,0,0,0,0,0,0,0,0,0,0,0,0,0,0,0,0,0,0,0,0,0,0,0,0,0,0,0,0,0,0,0,0,0,0,0,0,0,0,0,0,0,0,0,0,0,
RegressionTest0::test0354, 0,0,0,0,0,0,0,0,0,0,0,0,0,0,0,0,0,0,0,0,0,0,0,0,0,0,0,0,0,0,0,0,0,0,0,0,0,0,0,0,0,0,0,0,0,0,0,0,0,0,0,0,0,0,0,0,0,0,0,0,0,0,0,0,0,0,0,0,0,0,0,0,0,0,0,
RegressionTest0::test0355, 0,0,1,1,0,0,1,0.5,0.5,0.5,0.5,0.5,0.5,0,0,0,0,0.5,0.5,0.5,1,0.5,1,0,0,0,0,0,0,1,1,0.5,0,0,1,1,0.5,0.5,0,1,0.5,1,0.5,0,0.5,0,0,1,0.5,0.5,0,0,1,0,0,0.5,0,0,0,0,0,0,0,0,0,0,0,0,0,0,0,0,0,0,0,
RegressionTest0::test0356, 0,0,0,0,0,0,0,0,0,0,0,0,0,0,0,0,0,0,0,0,0,0,0,0,0,0,0,0,0,0,0,0,0,0,0,0,0,0,0,0,0,0,0,0,0,0,0,0,0,0,0,0,0,0,0,0,0,0,0,0,0,0,0,0,0,0,0,0,0,0,0,0,0,0,0,
RegressionTest0::test0357, 0,0,1,1,0,0,1,0,0,0,0,0,0,0,0,0,0,0,0,0,0,0,0,0,0,0,0,0,1,0,0,0,0,0,0,0,0,0,0,0,0,0,0,0,0,0,0,0,0,0,0,0,0,0,0,1,0.5,0,0,0,0,0,0,0,0,0,0,0,0,0,0,0,0,0,0,
RegressionTest0::test0358, 0,0,1,0.5,0,0,0.5,0.5,0.5,0.5,0.5,0.5,1,0.5,0,0,0.5,0.5,0.5,0.5,1,0.5,0,0,0,0,0,0,0,1,1,0.5,0,0,0,0,0,0,0,1,0.5,1,0.5,0,0.5,0,0,0,0,0,0,0,1,0,0,0.5,0,0,0,0,0,0,0,0,0,0,0,0,0,0,0,0,0,0,0,
RegressionTest0::test0359, 0,0,0,0,0,0,0,0,0,0,0,0,0,0,0,0,0,0,0,0,0,0,0,0,0,0,0,0,0,0,0,0,0,0,0,0,0,0,0,0,0,0,0,0,0,0,0,0,0,0,0,0,0,0,0,0,0,0,0,0,0,0,0,0,0,0,0,0,0,0,0,0,0,0,0,
RegressionTest0::test0360, 0,0,0,0,0,0,0,0,0,0,0,0,0,0,0,0,0,0,0,0,0,0,0,0,0,0,0,0,0,0,0,0,0,0,0,0,0,0,0,0,0,0,0,0,0,0,0,0,0,0,0,0,0,0,0,0,0,0,0,0,0,0,0,0,0,0,0,0,0,0,0,0,0,0,0,
RegressionTest0::test0361, 0,0,1,0.5,0,0,0.5,0,0,0,0,0,0,0,0,0,0,0.5,0.5,0.5,1,0.5,0,0,0,0,0,0,0,1,1,0.5,0,0,0,0,0,0,0,0,0,0,0,0,0,0,0,0,0,0,0,0,1,0,0,0.5,0,0,0,0,0,0,0,0,0,0,0,0,0,0,0,0,0,0,0,
RegressionTest0::test0362, 0,0,1,0.5,0,0,0.5,0,0,0,0,0,0,0,0,0,0,0.5,0.5,0.5,1,0.5,1,0,0,0,0,0,0,1,1,0.5,0,0,1,1,0.5,0.5,0,1,0.5,1,0.5,0,0.5,0,0,1,0.5,0.5,0,0,1,0,0,0.5,0,0,0,0,0,0,0,0,0,0,0,0,0,0,0,0,0,0,0,
RegressionTest0::test0363, 0,0,1,0.5,0,0,0.5,0,0,0,0,0,0,0,0,0,0,0.5,0.5,0.5,1,0.5,1,0,0,0,0,0,0,1,1,0.5,0,0,0,0,0,0,0,1,0.5,1,0.5,0,0.5,0,0,1,0.5,0.5,0,0,1,0,0,0.5,0,0,0,0,0,0,0,0,0,0,0,0,0,0,0,0,0,0,0,
RegressionTest0::test0364, 0,0,1,0.5,0,0,0.5,0.5,0.5,0.5,0.5,0.5,1,0.5,0,0,0,0.5,0.5,0.5,1,0.5,0,0,0,0,0,0,0,1,1,0.5,0,0,0,0,0,0,0,1,0.5,1,0.5,0,0.5,0,0,0,0,0,0,0,1,0,0,0.5,0,0,0,0,0,0,0,0,0,0,0,0,0,0,0,0,0,0,0,
RegressionTest0::test0365, 0,0,1,0.5,0,0,0.5,0.5,0.5,0.5,0.5,0.5,1,0.5,1,0.5,0,0.5,0.5,0.5,1,0.5,0,0,0,0,0,0,0,1,1,0.5,0,0,0,0,0,0,0,1,0.5,1,0.5,0,0.5,0,0,0,0,0,0,0,1,0,0,0.5,0,0,1,0,0,0,0,0,0,0,0,0,0,0,0,0,0,0,0,
RegressionTest0::test0366, 0,0,0,0,0,0,0,0,0,0,0,0,0,0,0,0,0,0,0,0,0,0,0,0,0,0,0,0,0,0,0,0,0,0,0,0,0,0,0,0,0,0,0,0,0,0,0,0,0,0,0,0,0,0,0,0,0,0,0,0,0,0,0,0,0,0,0,0,0,0,0,0,0,0,0,
RegressionTest0::test0367, 0,0,1,0.5,0,0,0.5,0,0,0,0,0,0,0,0,0,0,0.5,0.5,0.5,1,0.5,1,0,0,0,0,0,0,0,0,0,0,0,0,0,0,0,0,0,0,0,0,0,0,0,0,1,0.5,0.5,0,0,1,0,0,0.5,0,0,0,0,0,0,0,0,0,0,0,0,0,0,0,0,0,0,0,
RegressionTest0::test0368, 0,0,0,0,0,0,0,0,0,0,0,0,0,0,0,0,0,0,0,0,0,0,0,0,0,0,0,0,0,0,0,0,0,0,0,0,0,0,0,0,0,0,0,0,0,0,0,0,0,0,0,0,0,0,0,0,0,0,0,0,0,0,0,0,0,0,0,0,0,0,0,0,0,0,0,
RegressionTest0::test0369, 0,0,0,0,0,0,0,0,0,0,0,0,0,0,0,0,0,0,0,0,0,0,0,0,0,0,0,0,0,0,0,0,0,0,0,0,0,0,0,0,0,0,0,0,0,0,0,0,0,0,0,0,0,0,0,0,0,0,0,0,0,0,0,0,0,0,0,0,0,0,0,0,0,0,0,
RegressionTest0::test0370, 0,0,1,0.5,0,0,0.5,0,0,0,0,0,0,0,0,0,0,0.5,0.5,0.5,1,0.5,0,0,0,0,0,0,1,1,1,0.5,0,0,1,1,0.5,0,0,0,0,0,0,0,0,1,0.5,0,0,0,0,0,1,0,0,0.5,0,0,0,0,0,0,0,0,0,0,0,0,0,0,0,0,0,0,0,
RegressionTest0::test0371, 0,0,1,0.5,0,0,0.5,0,0,0,0,0,0,0,0,0,0,0.5,0.5,0.5,1,0.5,1,0,0,0,0,0,1,0,0,0,0,0,0,0,0,0,0,0,0,0,0,0,0,0,0,1,0.5,0.5,0,0,1,0,0,0.5,0,0,0,0,0,0,0,0,0,0,0,0,0,0,0,0,0,0,0,
RegressionTest0::test0372, 0,0,0,0,0,0,0,0,0,0,0,0,0,0,0,0,0,0,0,0,0,0,0,0,0,0,0,0,0,0,0,0,0,0,0,0,0,0,0,0,0,0,0,0,0,0,0,0,0,0,0,0,0,0,0,0,0,0,0,0,0,0,0,0,0,0,0,0,0,0,0,0,0,0,0,
RegressionTest0::test0373, 0,0,1,0.5,0,0,0.5,0,0,0,0,0,0,0,0,0,0,0,0,0,0,0,0,0,0,0,0,0,0,0,0,0,0,0,0,0,0,0,0,0,0,0,0,0,0,0,0,0,0,0,0,0,0,0,0,0.5,0,0,0,0,0,0,0,0,0,0,0,0,0,0,0,0,0,0,0,
RegressionTest0::test0374, 0,0,0,0,0,0,0,0,0,0,0,0,0,0,0,0,0,0,0,0,0,0,0,0,0,0,0,0,0,0,0,0,0,0,0,0,0,0,0,0,0,0,0,0,0,0,0,0,0,0,0,0,0,0,0,0,0,0,0,0,0,0,0,0,0,0,0,0,0,0,0,0,0,0,0,
RegressionTest0::test0375, 0,0,0,0,0,0,0,0,0,0,0,0,0,0,0,0,0,0,0,0,0,0,0,0,0,0,0,0,0,0,0,0,0,0,0,0,0,0,0,0,0,0,0,0,0,0,0,0,0,0,0,0,0,0,0,0,0,0,0,0,0,0,0,0,0,0,0,0,0,0,0,0,0,0,0,
RegressionTest0::test0376, 0,0,1,0.5,0,0,0.5,0.5,0.5,0.5,0.5,0.5,1,0.5,0,0,0,0.5,0.5,0.5,1,0.5,0,1,0,0,0,0,1,1,1,0.5,0,0,0,0,0,0,0,0,0,0,0,0,0,1,0.5,0,0,0,0,0,1,0,0,0.5,0,0,1,0,0,0,1,0.5,0,0,0,0,0,0,0,0,0,0,0,
RegressionTest0::test0377, 0,0,1,0.5,0,0,0.5,0.5,0.5,0.5,0.5,0.5,1,0.5,1,0.5,0,0.5,0.5,0.5,1,0.5,0,0,0,0,0,0,0,1,1,0.5,0,0,0,0,0,0,0,1,0.5,1,0.5,0,0.5,0,0,0,0,0,0,0,1,0,0,0.5,0,0,1,0,0,0,0,0,0,0,0,0,0,0,0,0,0,0,0,
RegressionTest0::test0378, 0,0,0,0,0,0,0,0,0,0,0,0,0,0,0,0,0,0,0,0,0,0,0,0,0,0,0,0,0,0,0,0,0,0,0,0,0,0,0,0,0,0,0,0,0,0,0,0,0,0,0,0,0,0,0,0,0,0,0,0,0,0,0,0,0,0,0,0,0,0,0,0,0,0,0,
RegressionTest0::test0379, 0,0,0,0,0,0,0,0,0,0,0,0,0,0,0,0,0,0,0,0,0,0,0,0,0,0,0,0,0,0,0,0,0,0,0,0,0,0,0,0,0,0,0,0,0,0,0,0,0,0,0,0,0,0,0,0,0,0,0,0,0,0,0,0,0,0,0,0,0,0,0,0,0,0,0,
RegressionTest0::test0380, 0,0,0,0,0,0,0,0,0,0,0,0,0,0,0,0,0,0,0,0,0,0,0,0,0,0,0,0,0,0,0,0,0,0,0,0,0,0,0,0,0,0,0,0,0,0,0,0,0,0,0,0,0,0,0,0,0,0,0,0,0,0,0,0,0,0,0,0,0,0,0,0,0,0,0,
RegressionTest0::test0381, 0,0,1,0.5,0,0,0.5,0.5,0.5,0.5,0.5,0.5,1,0.5,0,0,0,0.5,0.5,0.5,1,0.5,0,0,0,0,0,0,1,1,1,0.5,0,0,0,0,0,0,0,1,0.5,1,0.5,0,0.5,0,0,0,0,0,0,0,1,0,0,0.5,0,0,0,0,0,0,0,0,0,0,0,0,0,0,0,0,0,0,0,
RegressionTest0::test0382, 0,0,0,0,0,0,0,0,0,0,0,0,0,0,0,0,0,0,0,0,0,0,0,0,0,0,0,0,0,0,0,0,0,0,0,0,0,0,0,0,0,0,0,0,0,0,0,0,0,0,0,0,0,0,0,0,0,0,0,0,0,0,0,0,0,0,0,0,0,0,0,0,0,0,0,
RegressionTest0::test0383, 0,0,0,0,0,0,0,0,0,0,0,0,0,0,0,0,0,0,0,0,0,0,0,0,0,0,0,0,0,0,0,0,0,0,0,0,0,0,0,0,0,0,0,0,0,0,0,0,0,0,0,0,0,0,0,0,0,0,0,0,0,0,0,0,0,0,0,0,0,0,0,0,0,0,0,
RegressionTest0::test0384, 0,0,0,0,0,0,0,0,0,0,0,0,0,0,0,0,0,0,0,0,0,0,0,0,0,0,0,0,0,0,0,0,0,0,0,0,0,0,0,0,0,0,0,0,0,0,0,0,0,0,0,0,0,0,0,0,0,0,0,0,0,0,0,0,0,0,0,0,0,0,0,0,0,0,0,
RegressionTest0::test0385, 0,0,0,0,0,0,0,0,0,0,0,0,0,0,0,0,0,0,0,0,0,0,0,0,0,0,0,0,0,0,0,0,0,0,0,0,0,0,0,0,0,0,0,0,0,0,0,0,0,0,0,0,0,0,0,0,0,0,0,0,0,0,0,0,0,0,0,0,0,0,0,0,0,0,0,
RegressionTest0::test0386, 0,0,1,0.5,0,0,0.5,0.5,0.5,0.5,0.5,0.5,1,0.5,0,0,0,0.5,0.5,0.5,1,0.5,0,0,0,0,0,0,0,1,1,0.5,0,0,0,0,0,0,0,1,0.5,1,0.5,0,0.5,0,0,0,0,0,0,0,1,0,0,0.5,0,0,0,0,0,0,0,0,0,0,0,0,0,0,0,0,0,0,0,
RegressionTest0::test0387, 0,0,1,0.5,0,0,0.5,0,0,0,0,0,0,0,0,0,0,0.5,0.5,0.5,1,0.5,1,0,0,0,0,0,0,0,0,0,0,0,0,0,0,0,0,0,0,0,0,0,0,0,0,1,0.5,0.5,0,0,1,0,0,0.5,0,0,0,0,0,0,0,0,0,0,0,0,0,0,0,0,0,0,0,
RegressionTest0::test0388, 0,0,0,0,0,0,0,0,0,0,0,0,0,0,0,0,0,0,0,0,0,0,0,0,0,0,0,0,0,0,0,0,0,0,0,0,0,0,0,0,0,0,0,0,0,0,0,0,0,0,0,0,0,0,0,0,0,0,0,0,0,0,0,0,0,0,0,0,0,0,0,0,0,0,0,
RegressionTest0::test0389, 1,0.5,1,0.5,0,0,0.5,0,0,0,0,0,0,0,0,0,0,0.5,0.5,0.5,1,0.5,1,1,0,0,0,0,1,0,0,0,0,0,0,0,0,0,0,0,0,0,0,0,0,0,0,1,0.5,0.5,0,0,1,0,0,0.5,0,0,0,0,0,0,0,0,0,0,0,0,0,0,0,0,0,0,0,
RegressionTest0::test0390, 0,0,0,0,0,0,0,0,0,0,0,0,0,0,0,0,0,0,0,0,0,0,0,0,0,0,0,0,0,0,0,0,0,0,0,0,0,0,0,0,0,0,0,0,0,0,0,0,0,0,0,0,0,0,0,0,0,0,0,0,0,0,0,0,0,0,0,0,0,0,0,0,0,0,0,
RegressionTest0::test0391, 0,0,1,0.5,0,0,0.5,0.5,0.5,0.5,0.5,0.5,1,0.5,1,0.5,0,0.5,0.5,0.5,1,0.5,0,0,0,0,0,0,0,1,1,0.5,0,0,1,1,0.5,0.5,0,1,0.5,1,0.5,0,0.5,0,0,0,0,0,0,0,1,0,0,0.5,0,0,1,0,0,0,0,0,0,0,0,0,0,0,0,0,0,0,0,
RegressionTest0::test0392, 1,0.5,1,0.5,0,0,1,0,0,0,0,0,0,0,0,0,0,0.5,0.5,0.5,1,0.5,0,0,0,0,0,0,1,1,1,0.5,0,0,0,0,0,0,0,0,0,0,0,0,0,0,0,0,0,0,0,0,1,0,0,0.5,0,0,0,0,0,0,0,0,0,0,0,0,0,0,0,0,0,0,0,
RegressionTest0::test0393, 0,0,1,0.5,0,0,0.5,0,0,0,0,0,0,0,0,0,0,0.5,0.5,0.5,1,0.5,0,0,0,0,0,0,1,0,0,0,0,0,0,0,0,0,0,0,0,0,0,0,0,0,0,0,0,0,0,0,0,0,0,0,0,0,0,0,0,0,0,0,0,0,0,0,0,0,0,0,0,0,0,
RegressionTest0::test0394, 0,0,0,0,0,0,0,0,0,0,0,0,0,0,0,0,0,0,0,0,0,0,0,0,0,0,0,0,0,0,0,0,0,0,0,0,0,0,0,0,0,0,0,0,0,0,0,0,0,0,0,0,0,0,0,0,0,0,0,0,0,0,0,0,0,0,0,0,0,0,0,0,0,0,0,
RegressionTest0::test0395, 0,0,1,0.5,0,0,0.5,0.5,0.5,0.5,0.5,0.5,1,0.5,0,0,0,0.5,0.5,0.5,1,0.5,1,0,0,0,0,0,0,1,1,0.5,0,0,0,0,0,0,0,1,0.5,1,0.5,0,0.5,0,0,1,0.5,0.5,0,0,1,0,0,0.5,0,0,0,0,0,0,0,0,0,0,0,0.5,0.5,0,0,0,0,0,0,
RegressionTest0::test0396, 0,0,0,0,0,0,0,0,0,0,0,0,0,0,0,0,0,0,0,0,0,0,0,0,0,0,0,0,0,0,0,0,0,0,0,0,0,0,0,0,0,0,0,0,0,0,0,0,0,0,0,0,0,0,0,0,0,0,0,0,0,0,0,0,0,0,0,0,0,0,0,0,0,0,0,
RegressionTest0::test0397, 0,0,1,0.5,0,0,0.5,0.5,0.5,0.5,0.5,0.5,1,0.5,1,0,0,0.5,0.5,0.5,1,0.5,0,0,0,0,0,0,0,1,1,0.5,0,0,0,0,0,0,0,1,0.5,1,0.5,0,0.5,0,0,1,0.5,0.5,0,0,1,0,0,0.5,0,0,0,0,0,0,0,0,0.5,1,0,0,0,0,0,0,0,0,0,
RegressionTest0::test0398, 0,0,0,0,0,0,0,0,0,0,0,0,0,0,0,0,0,0,0,0,0,0,0,0,0,0,0,0,0,0,0,0,0,0,0,0,0,0,0,0,0,0,0,0,0,0,0,0,0,0,0,0,0,0,0,0,0,0,0,0,0,0,0,0,0,0,0,0,0,0,0,0,0,0,0,
RegressionTest0::test0399, 0,0,1,0.5,0,0,0.5,0,0,0,0,0,0,0,0,0,0,0.5,0.5,0.5,1,0.5,0,0,0,0,0,0,1,1,1,0.5,0,0,1,1,0.5,0,0,0,0,0,0,0,0,0,0,0,0,0,0,0,0,1,1,0.5,0,0,1,0,0,0,0,0,0.5,1,0,0,0,0,0,0,0,0,0,
RegressionTest0::test0400, 0,0,1,0.5,0,0,0.5,0,0,0,0,0,0,0,0,0,0,0.5,0.5,0.5,1,0.5,0,1,0,0,0,0,1,1,1,0.5,0,0,0,0,0,0,0,0,0,0,0,0,0,0,0,0,0,0,0,0,0,0,0,0.5,0,0,0,0,0,0,0,0,0,0,0,0,0,0,0,0,0,0,0,
RegressionTest0::test0401, 0,0,1,0.5,0,0,0.5,0,0,0,0,0,0,0,0,0,0,0.5,0.5,0.5,1,0.5,0,0,0,0,0,0,0,0,0,0,0,0,0,0,0,0,0,0,0,0,0,0,0,0,0,0,0,0,0,0,0,0,0,0,0,0,0,0,0,0,0,0,0.5,1,0,0,0,0,0,0,0,0,0,
RegressionTest0::test0402, 0,0,1,0.5,0,0,0.5,0.5,0.5,0.5,0.5,0.5,1,0.5,0,0,0,0.5,0.5,0.5,1,0.5,0,0,0,0,0,0,0,1,1,0.5,0,0,0,0,0,0,0,1,0.5,1,0.5,0,0.5,0,0,0,0,0,0,0,1,0,0,0.5,0,0,0,0,0,0,0,0,0,0,0,0,0,0,0,0,0,0,0,
RegressionTest0::test0403, 0,0,1,0.5,0,0,0.5,0,0,0,0,0,0,0,0,0,0,0.5,0.5,0.5,1,0.5,0,0,0,0,0,0,1,0,0,0,0,0,0,0,0,0,0,0,0,0,0,0,0,0,0,0,0,0,0,0,0,0,0,0,0,0,0,0,0,0,0,0,0,0,0,0,0,0,0,0,0,0,0,
RegressionTest0::test0404, 0,0,1,1,0,0,1,0,0,0,0,0,0,0,0,0,0,0.5,0.5,0.5,1,0.5,0,0,0,0,0,0,1,1,1,0.5,0,0,0,0,0,0,0,0,0,0,0,0,0,1,0.5,0,0,0,0,0,1,0,0,0.5,0,0,0,0,0,0,0,0,0,0,0,0,0,0,0,0,0,0,0,
RegressionTest0::test0405, 0,0,1,0.5,0,0,0.5,0,0,0,0,0,0,0,0,0,0,0.5,0.5,0.5,1,0.5,0,0,0,0,0,0,1,1,1,0.5,0,0,0,0,0,0,0,1,0.5,1,0.5,0,0.5,0,0,0,0,0,0,0,1,0,0,0.5,0,0,0,0,0,0,0,0,0,0,0,0,0,0,0,0,0,0,0,
RegressionTest0::test0406, 0,0,0,0,0,0,0,0,0,0,0,0,0,0,0,0,0,0,0,0,0,0,0,0,0,0,0,0,0,0,0,0,0,0,0,0,0,0,0,0,0,0,0,0,0,0,0,0,0,0,0,0,0,0,0,0,0,0,0,0,0,0,0,0,0,0,0,0,0,0,0,0,0,0,0,
RegressionTest0::test0407, 0,0,1,0.5,0,0,0.5,0.5,0.5,0.5,0.5,0.5,1,0.5,1,0.5,0,0.5,0.5,0.5,1,0.5,0,0,0,1,0,0,1,1,1,0.5,0,0,0,0,0,0,0,1,0.5,1,0.5,0,0.5,0,0,0,0,0,0,0,1,0,0,0.5,0,0,1,0,0,0,0,0,0,0,0,0,0,0,0,0,0,0,0,
RegressionTest0::test0408, 1,0.5,1,0.5,0,0,1,0,0,0,0,0,0,0,0,0,0,0.5,0.5,0.5,1,0.5,0,0,0,0,0,0,1,1,1,0.5,0,0,0,0,0,0,0,0,0,0,0,0,0,0,0,0,0,0,0,0,1,0,0,0.5,0,0,0,0,0,0,0,0,0,0,0,0,0,0,0,0,0,0,0,
RegressionTest0::test0409, 0,0,0,0,0,0,0,0,0,0,0,0,0,0,0,0,0,0,0,0,0,0,0,0,0,0,0,0,0,0,0,0,0,0,0,0,0,0,0,0,0,0,0,0,0,0,0,0,0,0,0,0,0,0,0,0,0,0,0,0,0,0,0,0,0,0,0,0,0,0,0,0,0,0,0,
RegressionTest0::test0410, 0,0,0,0,0,0,0,0,0,0,0,0,0,0,0,0,0,0,0,0,0,0,0,0,0,0,0,0,0,0,0,0,0,0,0,0,0,0,0,0,0,0,0,0,0,0,0,0,0,0,0,0,0,0,0,0,0,0,0,0,0,0,0,0,0,0,0,0,0,0,0,0,0,0,0,
RegressionTest0::test0411, 0,0,0,0,0,0,0,0,0,0,0,0,0,0,0,0,0,0,0,0,0,0,0,0,0,0,0,0,0,0,0,0,0,0,0,0,0,0,0,0,0,0,0,0,0,0,0,0,0,0,0,0,0,0,0,0,0,0,0,0,0,0,0,0,0,0,0,0,0,0,0,0,0,0,0,
RegressionTest0::test0412, 0,0,1,0.5,0,0,0.5,0,0,0,0,0,0,0,0,0,0,0,0,0,0,0,0,0,0,0,0,0,0,0,0,0,0,0,0,0,0,0,0,0,0,0,0,0,0,0,0,0,0,0,0,0,0,0,0,0.5,0,0,1,0,0,0,0,0,0,0,0,0,0,0,0,0,0,0,0,
RegressionTest0::test0413, 0,0,1,0.5,0,0,0.5,0,0,0,0,0,0,0,0,0,0,0.5,0.5,0.5,1,0.5,0,0,0,0,0,0,0,1,1,0.5,0,0,0,0,0,0,0,0,0,0,0,0,0,0,0,0,0,0,0,0,1,0,0,0.5,0,0,0,0,0,0,0,0,0,0,0,0,0,0,0,0,0,0,0,
RegressionTest0::test0414, 0,0,0,0,0,0,0,0,0,0,0,0,0,0,0,0,0,0,0,0,0,0,0,0,0,0,0,0,0,0,0,0,0,0,0,0,0,0,0,0,0,0,0,0,0,0,0,0,0,0,0,0,0,0,0,0,0,0,0,0,0,0,0,0,0,0,0,0,0,0,0,0,0,0,0,
RegressionTest0::test0415, 0,0,1,0.5,0,0,0.5,0,0,0,0,0,0,0,0,0,0,0.5,0.5,0.5,1,0.5,0,0,0,0,0,0,1,1,1,0.5,0,0,0,0,0,0,0,0,0,0,0,0,0,0,0,0,0,0,0,0,0,0,0,0,0,0,0,0,0,0,0,0,0.5,1,0,0,0,0,0,0,0,0,0,
RegressionTest0::test0416, 0,0,0,0,0,0,0,0,0,0,0,0,0,0,0,0,0,0,0,0,0,0,0,0,0,0,0,0,0,0,0,0,0,0,0,0,0,0,0,0,0,0,0,0,0,0,0,0,0,0,0,0,0,0,0,0,0,0,0,0,0,0,0,0,0,0,0,0,0,0,0,0,0,0,0,
RegressionTest0::test0417, 1,1,1,0.5,0,0,1,0,0,0,0,0,0,0,0,0,0,0.5,0.5,0.5,1,0.5,0,1,0,0,0,0,1,1,1,0.5,0,0,0,0,0,0,0,0,0,0,0,0,0,0,0,0,0,0,0,0,1,0,0,0.5,0,0,1,0,0,0,0,0,0,0,0,0,0,0,0,0,0,0,0,
RegressionTest0::test0418, 0,0,1,0.5,0,0,0.5,0,0,0,0,0,0,0,0,0,0,0.5,0.5,0.5,1,0.5,1,1,0,0,0,0,1,0,0,0,0,0,0,0,0,0,0,0,0,0,0,0,0,0,0,1,0.5,0.5,0,0,1,0,0,0.5,0,0,0,0,0,0,0,0,0,0,0,0,0,0,0,0,0,0,0,
RegressionTest0::test0419, 0,0,0,0,0,0,0,0,0,0,0,0,0,0,0,0,0,0,0,0,0,0,0,0,0,0,0,0,0,0,0,0,0,0,0,0,0,0,0,0,0,0,0,0,0,0,0,0,0,0,0,0,0,0,0,0,0,0,0,0,0,0,0,0,0,0,0,0,0,0,0,0,0,0,0,
RegressionTest0::test0420, 0,0,1,0.5,0,0,0.5,0,0,0,0,0,0,0,0,0,0,0.5,0.5,0.5,1,0.5,0,0,0,0,0,0,1,1,1,0.5,0,0,1,1,0.5,0,0,0,0,0,0,0,0,1,0.5,0,0,0,0,0,1,0,0,0.5,0,0,0,0,0,0,0,0,0,0,0,0,0,0,0,0,0,0,0,
RegressionTest0::test0421, 0,0,0,0,0,0,0,0,0,0,0,0,0,0,0,0,0,0,0,0,0,0,0,0,0,0,0,0,0,0,0,0,0,0,0,0,0,0,0,0,0,0,0,0,0,0,0,0,0,0,0,0,0,0,0,0,0,0,0,0,0,0,0,0,0,0,0,0,0,0,0,0,0,0,0,
RegressionTest0::test0422, 0,0,1,0.5,0,0,0.5,0,0,0,0,0,0,0,0,0,0,0.5,0.5,0.5,1,0.5,0,0,0,0,0,0,1,1,1,0.5,0,0,0,0,0,0,0,1,0.5,1,0.5,0,0.5,0,0,0,0,0,0,0,1,0,0,0.5,0,0,0,0,0,0,0,0,0,0,0,0,0,0,0,0,0,0,0,
RegressionTest0::test0423, 0,0,1,0.5,0,0,0.5,0,0,0,0,0,0,0,0,0,0,0.5,0.5,0.5,1,0.5,0,0,0,0,0,0,1,1,1,0.5,0,0,0,0,0,0,0,0,0,0,0,0,0,0,0,0,0,0,0,0,0,1,1,0,0,0,0,0,0,0,0,0,0.5,1,0,0,0,0,0,0,0,0,0,
RegressionTest0::test0424, 0,0,0,0,0,0,0,0,0,0,0,0,0,0,0,0,0,0,0,0,0,0,0,0,0,0,0,0,0,0,0,0,0,0,0,0,0,0,0,0,0,0,0,0,0,0,0,0,0,0,0,0,0,0,0,0,0,0,0,0,0,0,0,0,0,0,0,0,0,0,0,0,0,0,0,
RegressionTest0::test0425, 0,0,1,0.5,0,0,0.5,0,0,0,0,0,0,0,0,0,0,0.5,0.5,0.5,1,0.5,1,0,0,0,0,0,0,1,1,0.5,0,0,0,0,0,0,0,1,0.5,1,0.5,0,0.5,0,0,1,0.5,0.5,0,0,1,0,0,0.5,0,0,0,0,0,0,0,0,0,0,0,0,0,0,0,0,0,0,0,
RegressionTest0::test0426, 0,0,1,0.5,0,0,0.5,0,0,0,0,0,0,0,0,0,0,0.5,0.5,0.5,1,0.5,1,1,0,0,0,0,1,1,1,0.5,0,0,1,1,0.5,0,0,0,0,0,0,0,0,1,0.5,1,0.5,0.5,0,0,1,0,0,0.5,0,0,0,0,0,0,0,0,0,0,0,0,0,0,0,0,0,0,0,
RegressionTest0::test0427, 0,0,0,0,0,0,0,0,0,0,0,0,0,0,0,0,0,0,0,0,0,0,0,0,0,0,0,0,0,0,0,0,0,0,0,0,0,0,0,0,0,0,0,0,0,0,0,0,0,0,0,0,0,0,0,0,0,0,0,0,0,0,0,0,0,0,0,0,0,0,0,0,0,0,0,
RegressionTest0::test0428, 0,0,1,0.5,0,0,0.5,0,0,0,0,0,0,0,0,0,0,0.5,0.5,0.5,1,0.5,1,0,0,0,0,0,0,1,1,0.5,0,0,0,0,0,0,0,1,0.5,1,0.5,0,0.5,0,0,1,0.5,0.5,0,0,1,0,0,0.5,0,0,1,1,0.5,0.5,0,0,0,0,0,0,0,0,0,0,0,0,0,
RegressionTest0::test0429, 0,0,1,0.5,0,0,0.5,0,0,0,0,0,0,0,0,0,0,0.5,0.5,0.5,1,0.5,0,1,0,0,0,0,1,1,1,0.5,0,0,0,0,0,0,0,0,0,0,0,0,0,0,0,0,0,0,0,0,0,0,0,0.5,0,0,0,0,0,0,0,0,0,0,0,0,0,0,0,0,0,0,0,
RegressionTest0::test0430, 0,0,1,0.5,0,0,0.5,0.5,0.5,0.5,0.5,0.5,1,0.5,0,0,0.5,0.5,0.5,0.5,1,0.5,0,0,0,0,0,0,0,1,1,0.5,0,0,0,0,0,0,0,1,0.5,1,0.5,0,0.5,0,0,0,0,0,0,0,1,0,0,0.5,0,0,0,0,0,0,0,0,0,0,0,0,0,0,0,0,0,0,0,
RegressionTest0::test0431, 0,0,1,0.5,0,0,0.5,0,0,0,0,0,0,0,0,0,0,0,0,0,0,0,0,0,0,0,0,0,0,0,0,0,0,0,0,0,0,0,0,0,0,0,0,0,0,0,0,0,0,0,0,0,0,0,0,0,0,0,0,0,0,0,0,0,0,0,0,0,0,0,0,0,0,0,0,
RegressionTest0::test0432, 0,0,0,0,0,0,0,0,0,0,0,0,0,0,0,0,0,0,0,0,0,0,0,0,0,0,0,0,0,0,0,0,0,0,0,0,0,0,0,0,0,0,0,0,0,0,0,0,0,0,0,0,0,0,0,0,0,0,0,0,0,0,0,0,0,0,0,0,0,0,0,0,0,0,0,
RegressionTest0::test0433, 0,0,1,0.5,0,0,0.5,0.5,0.5,0.5,0.5,0.5,1,0.5,0,0,0,0.5,0.5,0.5,1,0.5,0,0,0,0,0,0,1,1,1,0.5,0,0,0,0,0,0,0,1,0.5,1,0.5,0,0.5,0,0,0,0,0,0,0,1,0,0,0.5,0,0,0,0,0,0,0,0,0,0,0,0,0,0,0,0,0,0,0,
RegressionTest0::test0434, 0,0,0,0,0,0,0,0,0,0,0,0,0,0,0,0,0,0,0,0,0,0,0,0,0,0,0,0,0,0,0,0,0,0,0,0,0,0,0,0,0,0,0,0,0,0,0,0,0,0,0,0,0,0,0,0,0,0,0,0,0,0,0,0,0,0,0,0,0,0,0,0,0,0,0,
RegressionTest0::test0435, 0,0,0,0,0,0,0,0,0,0,0,0,0,0,0,0,0,0,0,0,0,0,0,0,0,0,0,0,0,0,0,0,0,0,0,0,0,0,0,0,0,0,0,0,0,0,0,0,0,0,0,0,0,0,0,0,0,0,0,0,0,0,0,0,0,0,0,0,0,0,0,0,0,0,0,
RegressionTest0::test0436, 1,1,1,0.5,0,0,1,0,0,0,0,0,0,0,0,0,0,0.5,0.5,0.5,1,0.5,0,1,0,0,0,0,1,1,1,0.5,0,0,0,0,0,0,0,0,0,0,0,0,0,0,0,0,0,0,0,0,1,0,0,0.5,0,0,1,0,0,0,0,0,0,0,0,0,0,0,0,0,0,0,0,
RegressionTest0::test0437, 0,0,1,0.5,0,0,0.5,0,0,0,0,0,0,0,0,0,0,0.5,0.5,0.5,1,0.5,0,0,0,0,0,0,0,1,1,0.5,0,0,0,0,0,0,0,0,0,0,0,0,0,0,0,0,0,0,0,0,1,0,0,0.5,0,0,0,0,0,0,0,0,0,0,0,0,0,0,0,0,0,0,0,
RegressionTest0::test0438, 1,0.5,1,0.5,0,0,1,0,0,0,0,0,0,0,0,0,0,1,1,1,1,0.5,0,0,0,0,1,0.5,1,1,1,0.5,0,0,1,1,0.5,0,0,0,0,0,0,0,0,1,0.5,0,0,0,0,0,1,0,0,1,0.5,0,0,0,0,0,0,0,0.5,0.5,0,0,0,0,0,0,0,0,0,
RegressionTest0::test0439, 0,0,0,0,0,0,0,0,0,0,0,0,0,0,0,0,0,0,0,0,0,0,0,0,0,0,0,0,0,0,0,0,0,0,0,0,0,0,0,0,0,0,0,0,0,0,0,0,0,0,0,0,0,0,0,0,0,0,0,0,0,0,0,0,0,0,0,0,0,0,0,0,0,0,0,
RegressionTest0::test0440, 0,0,1,0.5,0,0,0.5,0,0,0,0,0,0,0,0,0,0,0.5,0.5,0.5,1,0.5,0,0,0,0,0,0,0,0,0,0,0,0,0,0,0,0,0,0,0,0,0,0,0,0,0,0,0,0,0,0,0,0,0,0,0,0,0,0,0,0,0,0,0,0,0,0,0,0,0,0,0,0,0,
RegressionTest0::test0441, 0,0,0,0,0,0,0,0,0,0,0,0,0,0,0,0,0,0,0,0,0,0,0,0,0,0,0,0,0,0,0,0,0,0,0,0,0,0,0,0,0,0,0,0,0,0,0,0,0,0,0,0,0,0,0,0,0,0,0,0,0,0,0,0,0,0,0,0,0,0,0,0,0,0,0,
RegressionTest0::test0442, 0,0,1,0.5,0,0,0.5,0.5,0.5,0.5,0.5,0.5,1,0.5,0,0,0,0.5,0.5,0.5,1,0.5,0,0,0,0,0,0,1,1,1,0.5,0,0,0,0,0,0,0,1,0.5,1,0.5,0,0.5,0,0,0,0,0,0,0,1,0,0,0.5,0,0,0,0,0,0,0,0,0,0,0,0,0,0,0,0,0,0,0,
RegressionTest0::test0443, 1,1,1,0.5,0,0,1,0,0,0,0,0,0,0,0,0,0,0.5,0.5,0.5,1,0.5,0,0,0,0,0,0,0,1,1,0.5,0,0,0,0,0,0,0,0,0,0,0,0,0,0,0,0,0,0,0,0,1,0,0,0.5,0,0,0,0,0,0,0,0,0,0,0,0,0,0,0,0,0,0,0,
RegressionTest0::test0444, 0,0,0,0,0,0,0,0,0,0,0,0,0,0,0,0,0,0,0,0,0,0,0,0,0,0,0,0,0,0,0,0,0,0,0,0,0,0,0,0,0,0,0,0,0,0,0,0,0,0,0,0,0,0,0,0,0,0,0,0,0,0,0,0,0,0,0,0,0,0,0,0,0,0,0,
RegressionTest0::test0445, 0,0,1,1,0,0,1,0,0,0,0,0,0,0,0,0,0,0.5,0.5,0.5,1,0.5,0,0,0,0,0,0,0,1,1,0.5,0,0,0,0,0,0,0,1,0.5,1,0.5,0,0.5,0,0,0,0,0,0,0,1,0,0,0.5,0,0,0,0,0,0,0,0,0.5,1,0,0,0,0,0,0,0,0,0,
RegressionTest0::test0446, 0,0,0,0,0,0,0,0,0,0,0,0,0,0,0,0,0,0,0,0,0,0,0,0,0,0,0,0,0,0,0,0,0,0,0,0,0,0,0,0,0,0,0,0,0,0,0,0,0,0,0,0,0,0,0,0,0,0,0,0,0,0,0,0,0,0,0,0,0,0,0,0,0,0,0,
RegressionTest0::test0447, 0,0,0,0,0,0,0,0,0,0,0,0,0,0,0,0,0,0,0,0,0,0,0,0,0,0,0,0,0,0,0,0,0,0,0,0,0,0,0,0,0,0,0,0,0,0,0,0,0,0,0,0,0,0,0,0,0,0,0,0,0,0,0,0,0,0,0,0,0,0,0,0,0,0,0,
RegressionTest0::test0448, 0,0,0,0,0,0,0,0,0,0,0,0,0,0,0,0,0,0,0,0,0,0,0,0,0,0,0,0,0,0,0,0,0,0,0,0,0,0,0,0,0,0,0,0,0,0,0,0,0,0,0,0,0,0,0,0,0,0,0,0,0,0,0,0,0,0,0,0,0,0,0,0,0,0,0,
RegressionTest0::test0449, 0,0,1,0.5,0,0,0.5,0,0,0,0,0,0,0,0,0,0,0.5,0.5,0.5,1,0.5,0,0,0,0,0,0,0,1,1,0.5,0,0,1,1,0.5,0,0,0,0,0,0,0,0,0,0,0,0,0,0,0,1,0,0,0.5,0,0,1,0,0,0,0,0,0,0,0,0,0,0,0,0,0,0,0,
RegressionTest0::test0450, 0,0,1,1,0,0,1,0,0,0,0,0,0,0,0,0,0,0.5,0.5,0.5,1,0.5,0,0,0,0,0,0,1,1,1,0.5,0,0,0,0,0,0,0,0,0,0,0,0,0,1,0.5,0,0,0,0,0,1,0,0,0.5,0,0,0,0,0,0,0,0,0,0,0,0,0,0,0,0,0,0,0,
RegressionTest0::test0451, 0,0,0,0,0,0,0,0,0,0,0,0,0,0,0,0,0,0,0,0,0,0,0,0,0,0,0,0,0,0,0,0,0,0,0,0,0,0,0,0,0,0,0,0,0,0,0,0,0,0,0,0,0,0,0,0,0,0,0,0,0,0,0,0,0,0,0,0,0,0,0,0,0,0,0,
RegressionTest0::test0452, 0,0,1,0.5,0,0,0.5,0,0,0,0,0,0,0,0,0,0,0.5,0.5,0.5,1,0.5,1,0,0,0,0,0,0,0,0,0,0,0,0,0,0,0,0,0,0,0,0,0,0,0,0,1,0.5,0.5,0,0,1,0,0,0.5,0,0,0,0,0,0,0,0,0,0,0,0.5,0.5,0,0,0,0,0,0,
RegressionTest0::test0453, 1,1,1,0.5,0,0,1,0,0,0,0,0,0,0,0,0,0,0.5,0.5,0.5,1,0.5,0,0,0,0,0,0,0,0,0,0,0,0,0,0,0,0,0,0,0,0,0,0,0,0,0,0,0,0,0,0,0,0,0,0,0,0,0,0,0,0,0,0,0,0,0,0,0,0,0,0,0,0,0,
RegressionTest0::test0454, 1,1,1,0.5,0,0,1,0,0,0,0,0,0,0,1,0.5,0,0.5,0.5,0.5,1,0.5,0,1,0,0,0,0,1,0,0,0,0,0,0,0,0,0,0,0,0,0,0,0,0,0,0,0,0,0,0,0,1,0,0,0.5,0,0,1,0,0,0,0,0,0.5,1,0,0,0,0,0,0,0,0,0,
RegressionTest0::test0455, 0,0,0,0,0,0,0,0,0,0,0,0,0,0,0,0,0,0,0,0,0,0,0,0,0,0,0,0,0,0,0,0,0,0,0,0,0,0,0,0,0,0,0,0,0,0,0,0,0,0,0,0,0,0,0,0,0,0,0,0,0,0,0,0,0,0,0,0,0,0,0,0,0,0,0,
RegressionTest0::test0456, 0,0,1,0.5,0,0,0.5,0,0,0,0,0,0,0,0,0,0,0.5,0.5,0.5,1,0.5,1,0,0,0,0,0,0,1,1,0.5,0,0,0,0,0,0,0,1,0.5,1,0.5,0,0.5,0,0,1,0.5,0.5,0,0,1,0,0,0.5,0,0,0,0,0,0,0,0,0,0,0,0.5,0.5,0,0,0,0,0,0,
RegressionTest0::test0457, 0,0,1,0.5,0,0,0.5,0,0,0,0,0,0,0,0,0,0,0.5,0.5,0.5,1,0.5,0,1,0,0,0,0,1,1,1,0.5,0,0,0,0,0,0,0,0,0,0,0,0,0,0,0,0,0,0,0,0,1,0,0,0.5,0,0,0,0,0,0,1,0.5,0,0,0,0,0,0,0,0,0,0,0,
RegressionTest0::test0458, 0,0,1,0.5,0,0,0.5,0.5,0.5,0.5,0.5,0.5,1,0.5,1,0.5,0,0.5,0.5,0.5,1,0.5,0,0,0,0,0,0,0,1,1,0.5,0,0,1,1,0.5,0.5,0,1,0.5,1,0.5,0,0.5,0,0,0,0,0,0,0,1,0,0,0.5,0,0,1,0,0,0,0,0,0.5,0.5,0,0,0,0,0,0,0,0,0,
RegressionTest0::test0459, 0,0,1,0.5,0,0,0.5,0,0,0,0,0,0,0,1,0.5,0,0.5,0.5,0.5,1,0.5,1,0,0,0,0,0,0,1,1,0.5,0,0,0,0,0,0,0,1,0.5,1,0.5,0,0.5,0,0,1,0.5,0.5,0,0,1,0,0,0.5,0,0,1,0,0,0,0,0,0,0,0,0,0,0,0,0,0,0,0,
RegressionTest0::test0460, 0,0,1,0.5,0,0,0.5,0.5,0.5,0.5,0.5,0.5,1,0.5,1,0,0,0.5,0.5,0.5,1,0.5,0,0,0,0,0,0,0,1,1,0.5,0,0,0,0,0,0,0,1,0.5,1,0.5,0,0.5,0,0,0,0,0,0,0,1,0,0,0.5,0,0,0,0,0,0,0,0,0,0,0,0,0,0,0,0,0,0,0,
RegressionTest0::test0461, 0,0,1,0.5,0,0,0.5,0,0,0,0,0,0,0,0,0,0,0.5,0.5,0.5,1,0.5,1,0,0,0,0,0,0,1,1,0.5,0,0,0,0,0,0,0,1,0.5,1,0.5,0,0.5,0,0,1,0.5,0.5,0,0,1,0,0,0.5,0,0,0,0,0,0,0,0,0,0,0,0.5,0.5,0,0,0,0,0,0,
RegressionTest0::test0462, 0,0,1,0.5,0,0,0.5,0,0,0,0,0,0,0,0,0,0,0.5,0.5,0.5,1,0.5,0,0,0,0,0,0,1,1,1,0.5,0,0,0,0,0,0,0,0,0,0,0,0,0,0,0,0,0,0,0,0,1,0,0,0.5,0,0,0,0,0,0,0,0,0,0,0,0,0,0,0,0,0,0,0,
RegressionTest0::test0463, 0,0,1,0.5,0,0,0.5,0.5,0.5,0.5,0.5,0.5,1,0.5,0,0,0,0.5,0.5,0.5,1,0.5,0,0,0,0,0,0,1,1,1,0.5,0,0,0,0,0,0,0,0,0,0,0,0,0,1,0.5,0,0,0,0,0,1,0,0,0.5,0,0,1,0,0,0,0,0,0,0,0,0,0,0,0,0,0,0,0,
RegressionTest0::test0464, 0,0,1,0.5,0,0,0.5,0,0,0,0,0,0,0,1,0.5,0,0.5,0.5,0.5,1,0.5,1,0,0,0,0,0,0,1,1,0.5,0,0,0,0,0,0,0,1,0.5,1,0.5,0,0.5,0,0,1,0.5,0.5,0,0,1,0,0,0.5,0,0,0,0,0,0,0,0,0,0,0,0,0,0,0,0,0,0,0,
RegressionTest0::test0465, 0,0,1,0.5,0,0,0.5,0,0,0,0,0,0,0,0,0,0,0.5,0.5,0.5,1,0.5,0,0,0,0,0,0,0,0,0,0,0,0,0,0,0,0,0,0,0,0,0,0,0,0,0,0,0,0,0,0,0,0,0,0,0,0,0,0,0,0,0,0,0,0,0,0,0,0,0,0,0,0,0,
RegressionTest0::test0466, 0,0,1,0.5,0,0,0.5,0.5,0.5,0.5,0.5,0.5,1,0.5,0,0,0,0.5,0.5,0.5,1,0.5,0,0,0,0,0,0,1,1,1,0.5,0,0,0,0,0,0,0,1,0.5,1,0.5,0,0.5,0,0,0,0,0,0,0,1,0,0,0.5,0,0,0,0,0,0,0,0,0,0,0,0,0,0,0,0,0,0,0,
RegressionTest0::test0467, 1,0.5,1,0.5,0,0,0.5,0,0,0,0,0,0,0,0,0,0,1,1,1,1,0.5,0,0,0,0,0,0,1,1,1,0.5,0,0,1,1,0.5,0,0,0,0,0,0,0,0,1,0.5,0,0,0,0,0,1,0,0,0.5,0,0,1,0,0,0,0,0,0,0,0,0,0,0,0,0,0,0,0,
RegressionTest0::test0468, 0,0,0,0,0,0,0,0,0,0,0,0,0,0,0,0,0,0,0,0,0,0,0,0,0,0,0,0,0,0,0,0,0,0,0,0,0,0,0,0,0,0,0,0,0,0,0,0,0,0,0,0,0,0,0,0,0,0,0,0,0,0,0,0,0,0,0,0,0,0,0,0,0,0,0,
RegressionTest0::test0469, 0,0,1,0.5,0,0,0.5,0,0,0,0,0,0,0,0,0,0,0,0,0,0,0,0,0,0,0,0,0,0,0,0,0,0,0,0,0,0,0,0,0,0,0,0,0,0,0,0,0,0,0,0,0,0,0,0,0.5,0,0,0,0,0,0,0,0,0.5,0.5,0,0,0,0,0,0,0,0,0,
RegressionTest0::test0470, 0,0,1,0.5,0,0,0.5,0,0,0,0,0,0,0,0,0,0,0.5,0.5,0.5,1,0.5,0,0,0,0,0,0,1,0,0,0,0,0,0,0,0,0,0,0,0,0,0,0,0,0,0,0,0,0,0,0,1,0,0,0.5,0,0,0,0,0,0,0,0,0,0,0,0,0,0,0,0,0,0,0,
RegressionTest0::test0471, 0,0,1,0.5,0,0,0.5,0,0,0,0,0,0,0,0,0,0,0.5,0.5,0.5,1,0.5,0,0,0,0,0,0,1,0,0,0,0,0,0,0,0,0,0,0,0,0,0,0,0,0,0,0,0,0,0,0,0,0,0,0,0,0,0,0,0,0,0,0,0,0,0,0,0,0,0,0,0,0,0,
RegressionTest0::test0472, 0,0,0,0,0,0,0,0,0,0,0,0,0,0,0,0,0,0,0,0,0,0,0,0,0,0,0,0,0,0,0,0,0,0,0,0,0,0,0,0,0,0,0,0,0,0,0,0,0,0,0,0,0,0,0,0,0,0,0,0,0,0,0,0,0,0,0,0,0,0,0,0,0,0,0,
RegressionTest0::test0473, 0,0,0,0,0,0,0,0,0,0,0,0,0,0,0,0,0,0,0,0,0,0,0,0,0,0,0,0,0,0,0,0,0,0,0,0,0,0,0,0,0,0,0,0,0,0,0,0,0,0,0,0,0,0,0,0,0,0,0,0,0,0,0,0,0,0,0,0,0,0,0,0,0,0,0,
RegressionTest0::test0474, 0,0,0,0,0,0,0,0,0,0,0,0,0,0,0,0,0,0,0,0,0,0,0,0,0,0,0,0,0,0,0,0,0,0,0,0,0,0,0,0,0,0,0,0,0,0,0,0,0,0,0,0,0,0,0,0,0,0,0,0,0,0,0,0,0,0,0,0,0,0,0,0,0,0,0,
RegressionTest0::test0475, 0,0,1,0.5,0,0,0.5,0,0,0,0,0,0,0,0,0,0,0.5,0.5,0.5,1,0.5,1,0,0,0,0,0,0,1,1,0.5,0.5,0,0,0,0,0,0,1,0.5,1,0.5,0,0.5,0,0,1,0.5,0.5,0,0,1,0,0,0.5,0,0,0,0,0,0,0,0,0.5,1,0,0,0,0,0,0,0,0,0,
RegressionTest0::test0476, 0,0,0,0,0,0,0,0,0,0,0,0,0,0,0,0,0,0,0,0,0,0,0,0,0,0,0,0,0,0,0,0,0,0,0,0,0,0,0,0,0,0,0,0,0,0,0,0,0,0,0,0,0,0,0,0,0,0,0,0,0,0,0,0,0,0,0,0,0,0,0,0,0,0,0,
RegressionTest0::test0477, 0,0,1,0.5,0,0,0.5,0,0,0,0,0,0,0,0,0,0,0.5,0.5,0.5,1,0.5,1,0,0,0,0,0,0,1,1,0.5,0,0,0,0,0,0,0,1,0.5,1,0.5,0,0.5,0,0,1,0.5,0.5,1,0.5,1,0,0,0.5,0,0,0,0,0,0,0,0,0,0,0,0,0,0,0,0,0,0,0,
RegressionTest0::test0478, 0,0,0,0,0,0,0,0,0,0,0,0,0,0,0,0,0,0,0,0,0,0,0,0,0,0,0,0,0,0,0,0,0,0,0,0,0,0,0,0,0,0,0,0,0,0,0,0,0,0,0,0,0,0,0,0,0,0,0,0,0,0,0,0,0,0,0,0,0,0,0,0,0,0,0,
RegressionTest0::test0479, 0,0,1,0.5,0,0,0.5,0.5,0.5,0.5,0.5,0.5,1,0.5,0,0,0,0.5,0.5,0.5,1,0.5,0,0,0,0,0,0,1,1,1,0.5,0,0,0,0,0,0,0,0,0,0,0,0,0,0,0,0,0,0,0,0,1,0,0,0.5,0,0,0,1,0.5,0.5,0,0,0.5,1,0,0,0,0,0,0,0,0,0,
RegressionTest0::test0480, 0,0,0,0,0,0,0,0,0,0,0,0,0,0,0,0,0,0,0,0,0,0,0,0,0,0,0,0,0,0,0,0,0,0,0,0,0,0,0,0,0,0,0,0,0,0,0,0,0,0,0,0,0,0,0,0,0,0,0,0,0,0,0,0,0,0,0,0,0,0,0,0,0,0,0,
RegressionTest0::test0481, 0,0,1,0.5,0,0,0.5,0.5,0.5,0.5,0.5,0.5,1,0.5,1,0.5,0,0.5,0.5,0.5,1,0.5,0,0,0,0,0,0,0,1,1,0.5,0,0,0,0,0,0,0,1,0.5,1,0.5,0,0.5,0,0,0,0,0,0,0,1,0,0,0.5,0,0,1,0,0,0,0,0,0,0,0,0,0,0,0,0,0,0,0,
RegressionTest0::test0482, 0,0,0,0,0,0,0,0,0,0,0,0,0,0,0,0,0,0,0,0,0,0,0,0,0,0,0,0,0,0,0,0,0,0,0,0,0,0,0,0,0,0,0,0,0,0,0,0,0,0,0,0,0,0,0,0,0,0,0,0,0,0,0,0,0,0,0,0,0,0,0,0,0,0,0,
RegressionTest0::test0483, 1,0.5,1,0.5,0,0,1,0.5,0.5,0.5,0.5,0.5,1,0.5,0,0,0,0.5,0.5,0.5,1,0.5,0,0,0,0,0,0,1,1,1,0.5,0,0,0,0,0,0,0,1,0.5,1,1,0.5,0.5,0,0,0,0,0,0,0,1,0,0,0.5,0,0,1,0,0,0,0,0,0,0,0,0,0,0,0,0,0,0,0,
RegressionTest0::test0484, 0,0,1,0.5,0,0,0.5,0,0,0,0,0,0,0,1,0.5,0,0.5,0.5,0.5,1,0.5,1,0,0,0,0,0,0,1,1,0.5,0,0,0,0,0,0,0,1,0.5,1,0.5,0,0.5,0,0,1,0.5,0.5,0,0,1,0,0,0.5,0,0,0,0,0,0,0,0,0,0,0,0,0,0,0,0,0,0,0,
RegressionTest0::test0485, 0,0,1,0.5,0,0,0.5,0,0,0,0,0,0,0,0,0,0,0.5,0.5,0.5,1,0.5,1,0,0,0,0,0,0,1,1,0.5,0,0,0,0,0,0,0,1,0.5,1,0.5,0,0.5,0,0,1,0.5,0.5,1,0.5,1,0,0,0.5,0,0,0,0,0,0,0,0,0,0,0,0,0,0,0,0,0,0,0,
RegressionTest0::test0486, 0,0,1,1,0,0,1,0,0,0,0,0,0,0,0,0,0,0.5,0.5,0.5,1,0.5,0,0,0,0,0,0,0,1,1,0.5,0,0,0,0,0,0,0,1,0.5,1,0.5,0,0.5,0,0,0,0,0,0,0,1,0,0,0.5,0,0,0,0,0,0,0,0,0.5,1,0,0,0,0,0,0,0,0,0,
RegressionTest0::test0487, 0,0,0,0,0,0,0,0,0,0,0,0,0,0,0,0,0,0,0,0,0,0,0,0,0,0,0,0,0,0,0,0,0,0,0,0,0,0,0,0,0,0,0,0,0,0,0,0,0,0,0,0,0,0,0,0,0,0,0,0,0,0,0,0,0,0,0,0,0,0,0,0,0,0,0,
RegressionTest0::test0488, 0,0,1,0.5,0,0,0.5,0,0,0,0,0,0,0,0,0,0,0.5,0.5,0.5,1,0.5,0,0,0,0,0,0,0,0,0,0,0,0,0,0,0,0,0,0,0,0,0,0,0,0,0,0,0,0,0,0,0,0,0,0.5,0,0,0,0,0,0,0,0,0,0,0,0,0,0,0,0,0,0,0,
RegressionTest0::test0489, 0,0,1,0.5,0,0,0.5,0.5,0.5,0.5,0.5,0.5,1,0.5,0,0,0,0.5,0.5,0.5,1,0.5,0,0,0,0,0,0,1,1,1,0.5,0,0,1,1,0.5,0,0,0,0,0,0,0,0,1,0.5,0,0,0,0,0,1,0,0,0.5,0,0,0,0,0,0,0,0,0.5,1,0,0,0,0,0,0,0,0,0,
RegressionTest0::test0490, 0,0,1,0.5,0,0,0.5,0,0,0,0,0,0,0,0,0,0,0.5,0.5,0.5,1,0.5,0,0,0,0,0,0,1,1,1,0.5,0,0,0,0,0,0,0,1,0.5,1,0.5,0,0.5,0,0,0,0,0,0,0,1,0,0,0.5,0,0,0,0,0,0,0,0,0,0,0,0,0,0,0,0,0,0,0,
RegressionTest0::test0491, 0,0,0,0,0,0,0,0,0,0,0,0,0,0,0,0,0,0,0,0,0,0,0,0,0,0,0,0,0,0,0,0,0,0,0,0,0,0,0,0,0,0,0,0,0,0,0,0,0,0,0,0,0,0,0,0,0,0,0,0,0,0,0,0,0,0,0,0,0,0,0,0,0,0,0,
RegressionTest0::test0492, 0,0,1,0.5,0,0,0.5,0,0,0,0,0,0,0,0,0,0,0.5,0.5,0.5,1,0.5,0,0,0,0,0,0,1,1,1,0.5,0,0,1,1,0.5,0,0,0,0,0,0,0,0,1,0.5,0,0,0,0,0,1,0,0,0.5,0,0,0,0,0,0,0,0,0,0,0,0,0,0,0,0,0,0,0,
RegressionTest0::test0493, 0,0,1,0.5,0,0,0.5,0,0,0,0,0,0,0,1,0.5,0,0.5,0.5,0.5,1,0.5,1,0,0,0,0,0,0,1,1,0.5,0,0,0,0,0,0,0,1,0.5,1,0.5,0,0.5,0,0,1,0.5,0.5,0,0,1,0,0,0.5,0,0,0,0,0,0,0,0,0,0,0,0,0,0,0,0,0,0,0,
RegressionTest0::test0494, 0,0,0,0,0,0,0,0,0,0,0,0,0,0,0,0,0,0,0,0,0,0,0,0,0,0,0,0,0,0,0,0,0,0,0,0,0,0,0,0,0,0,0,0,0,0,0,0,0,0,0,0,0,0,0,0,0,0,0,0,0,0,0,0,0,0,0,0,0,0,0,0,0,0,0,
RegressionTest0::test0495, 0,0,0,0,0,0,0,0,0,0,0,0,0,0,0,0,0,0,0,0,0,0,0,0,0,0,0,0,0,0,0,0,0,0,0,0,0,0,0,0,0,0,0,0,0,0,0,0,0,0,0,0,0,0,0,0,0,0,0,0,0,0,0,0,0,0,0,0,0,0,0,0,0,0,0,
RegressionTest0::test0496, 0,0,0,0,0,0,1,0,0,0,0,0,0,0,0,0,0,0,0,0,0,0,0,0,0,0,0,0,0,0,0,0,0,0,0,0,0,0,0,0,0,0,0,0,0,0,0,0,0,0,0,0,1,0,0,0.5,0,0,0,0,0,0,0,0,0.5,0,0,0,0,0,0,0,0,0,0,
RegressionTest0::test0497, 0,0,1,0.5,0,0,0.5,0.5,0.5,0.5,0.5,0.5,1,0.5,0,0,0.5,0.5,0.5,0.5,1,0.5,0,0,0,0,0,0,0,1,1,0.5,0,0,0,0,0,0,0,1,0.5,1,0.5,0,0.5,0,0,0,0,0,0,0,1,0,0,0.5,0,0,0,0,0,0,0,0,0,0,0,0,0,0,0,0,0,0,0,
RegressionTest0::test0498, 0,0,1,0.5,0,0,0.5,0,0,0,0,0,0,0,0,0,0,0.5,0.5,0.5,1,0.5,1,0,0,0,0,0,0,1,1,0.5,0,0,0,0,0,0,0,1,0.5,1,0.5,0,0.5,0,0,1,0.5,0.5,0,0,1,0,0,0.5,0,0,0,0,0,0,0,0,0,0,0,0,0,0,0,0,0,0,0,
RegressionTest0::test0499, 1,0.5,1,0.5,0,0,1,0,0,0,0,0,0,0,0,0,0,0.5,0.5,0.5,1,0.5,0,0,0,0,0,0,1,1,1,0.5,0,0,0,0,0,0,0,0,0,0,0,0,0,0,0,0,0,0,0,0,1,0,0,0.5,0,0,0,0,0,0,0,0,0,0,0,0,0,0,0,0,0,0,0,
RegressionTest0::test0500, 1,0.5,1,0.5,0,0,0.5,0,0,0,0,0,0,0,0,0,0,0.5,0.5,0.5,1,0.5,1,1,0,0,0,0,1,0,0,0,0,0,0,0,0,0,0,0,0,0,0,0,0,0,0,1,0.5,0.5,0,0,1,0,0,0.5,0,0,0,0,0,0,0,0,0,0,0,0,0,0,0,0,0,0,0,
RegressionTest1::test0501, 0,0,0,0,0,0,0,0,0,0,0,0,0,0,0,0,0,0,0,0,0,0,0,0,0,0,0,0,0,0,0,0,0,0,0,0,0,0,0,0,0,0,0,0,0,0,0,0,0,0,0,0,0,0,0,0,0,0,0,0,0,0,0,0,0,0,0,0,0,0,0,0,0,0,0,
RegressionTest1::test0502, 0,0,1,0.5,0,0,0.5,0,0,0,0,0,0,0,0,0,0,0.5,0.5,0.5,1,0.5,0,1,0,0,0,0,1,0,0,0,0,0,0,0,0,0,0,0,0,0,0,0,0,0,0,0,0,0,0,0,0,0,0,0.5,0,0,1,0,0,0,0,0,0.5,1,0,0,0,0,0,0,0,0,0,
RegressionTest1::test0503, 0,0,0,0,0,0,0,0,0,0,0,0,0,0,0,0,0,0,0,0,0,0,0,0,0,0,0,0,0,0,0,0,0,0,0,0,0,0,0,0,0,0,0,0,0,0,0,0,0,0,0,0,0,0,0,0,0,0,0,0,0,0,0,0,0,0,0,0,0,0,0,0,0,0,0,
RegressionTest1::test0504, 0,0,1,0.5,0,0,0.5,0,0,0,0,0,0,0,0,0,0,0.5,0.5,0.5,1,0.5,1,0,0,0,0,0,0,1,1,0.5,0,0,0,0,0,0,0,1,0.5,1,0.5,0,0.5,0,0,1,0.5,0.5,0,0,1,0,0,0.5,0,0,0,0,0,0,0,0,0,0,0,0.5,0.5,0,0,0,0,0,0,
RegressionTest1::test0505, 0,0,0,0,0,0,0,0,0,0,0,0,0,0,0,0,0,0,0,0,0,0,0,0,0,0,0,0,0,0,0,0,0,0,0,0,0,0,0,0,0,0,0,0,0,0,0,0,0,0,0,0,0,0,0,0,0,0,0,0,0,0,0,0,0,0,0,0,0,0,0,0,0,0,0,
RegressionTest1::test0506, 1,0.5,1,0.5,0,0,1,0,0,0,0,0,0,0,0,0,0,0.5,0.5,0.5,1,0.5,0,0,0,0,0,0,1,1,1,0.5,0,0,0,0,0,0,0,0,0,0,0,0,0,0,0,0,0,0,0,0,1,0,0,0.5,0,0,0,0,0,0,0,0,0,0,0,0,0,0,0,0,0,0,0,
RegressionTest1::test0507, 0,0,1,0.5,0,0,0.5,0,0,0,0,0,0,0,0,0,0,0.5,0.5,0.5,1,0.5,0,0,0,0,0,0,0,0.5,0,0,0,0,0,0,0,0,0,0,0,0,0,0,0,0,0,0,0,0,0,0,0,0,0,0.5,0,0,0,0,0,0,0,0,0,0,0,0,0,0,0,0,0,0,0,
RegressionTest1::test0508, 0,0,0,0,0,0,0,0,0,0,0,0,0,0,0,0,0,0,0,0,0,0,0,0,0,0,0,0,0,0,0,0,0,0,0,0,0,0,0,0,0,0,0,0,0,0,0,0,0,0,0,0,0,0,0,0,0,0,0,0,0,0,0,0,0,0,0,0,0,0,0,0,0,0,0,
RegressionTest1::test0509, 1,1,1,0.5,0,0,1,0,0,0,0,0,0,0,0,0,0,0.5,0.5,0.5,1,0.5,0,0,0,0,0,0,1,1,1,0.5,0,0,0,0,0,0,0,0,0,0,0,0,0,0,0,0,0,0,0,0,1,1,1,0.5,0,0,0,0,0,0,0,0,0,0,0,0,0,0,0,0,0,0,0,
RegressionTest1::test0510, 0,0,1,0.5,0,0,0.5,0,0,0,0,0,0,0,0,0,0,0.5,0.5,0.5,1,0.5,0,0,0,0,0,0,1,1,1,0.5,0,0,1,1,0.5,0,0,0,0,0,0,0,0,1,0.5,0,0,0,0,0,1,0,0,0.5,0,0,0,0,0,0,0,0,0,0,0,0,0,0,0,0,0,0,0,
RegressionTest1::test0511, 0,0,0,0,0,0,0,0,0,0,0,0,0,0,0,0,0,0,0,0,0,0,0,0,0,0,0,0,0,0,0,0,0,0,0,0,0,0,0,0,0,0,0,0,0,0,0,0,0,0,0,0,0,0,0,0,0,0,0,0,0,0,0,0,0,0,0,0,0,0,0,0,0,0,0,
RegressionTest1::test0512, 0,0,0,0,0,0,0,0,0,0,0,0,0,0,0,0,0,0,0,0,0,0,0,0,0,0,0,0,0,0,0,0,0,0,0,0,0,0,0,0,0,0,0,0,0,0,0,0,0,0,0,0,0,0,0,0,0,0,0,0,0,0,0,0,0,0,0,0,0,0,0,0,0,0,0,
RegressionTest1::test0513, 0,0,1,0.5,0,0,0.5,0,0,0,0,0,0,0,0,0,0,0.5,0.5,0.5,1,0.5,0,0,0,0,0,0,0,0,0,0,0,0,0,0,0,0,0,0,0,0,0,0,0,0,0,0,0,0,0,0,0,0,0,0,0,0,0,0,0,0,0,0,0,0,0,0,0,0,0,0,0,0,0,
RegressionTest1::test0514, 0,0,1,0.5,0,0,0.5,0,0,0,0,0,0,0,0,0,0,0.5,0.5,0.5,1,0.5,0,0,0,0,0,0,1,1,1,0.5,0,0,1,1,0.5,0,0,0,0,0,0,0,0,1,0.5,0,0,0,0,0,1,0,0,0.5,0,0,0,0,0,0,0,0,0,0,0,0,0,0,0,0,0,0,0,
RegressionTest1::test0515, 0,0,0,0,0,0,0,0,0,0,0,0,0,0,0,0,0,0,0,0,0,0,0,0,0,0,0,0,0,0,0,0,0,0,0,0,0,0,0,0,0,0,0,0,0,0,0,0,0,0,0,0,0,0,0,0,0,0,0,0,0,0,0,0,0,0,0,0,0,0,0,0,0,0,0,
RegressionTest1::test0516, 0,0,1,0.5,0,0,0.5,0,0,0,0,0,0,0,0,0,0,0.5,0.5,0.5,1,0.5,0,0,0,0,0,0,0,0,0,0,0,0,0,0,0,0,0,0,0,0,0,0,0,0,0,0,0,0,0,0,0,0,0,0,0,0,0,0,0,0,0,0,0,0,0,0,0,0,0,0,0,0,0,
RegressionTest1::test0517, 0,0,1,0.5,0,0,0.5,0,0,0,0,0,0,0,0,0,0,0,0,0,0,0,0,0,0,0,0,0,0,0,0,0,0,0,0,0,0,0,0,0,0,0,0,0,0,0,0,0,0,0,0,0,1,0,0,0.5,0,0,1,0,0,0,0,0,0.5,1,0,0,0,0,0,0,0,0,0,
RegressionTest1::test0518, 0,0,1,0.5,0,0,0.5,0,0,0,0,0,0,0,0,0,0,0.5,0.5,0.5,1,0.5,1,0,0,0,0,0,0,1,1,0.5,0,0,0,0,0,0,0,1,0.5,1,0.5,0,0.5,0,0,1,0.5,0.5,0,0,1,0,0,0.5,0,0,0,0,0,0,0,0,0,0,0,0.5,0.5,0,0,0,0,0,0,
RegressionTest1::test0519, 0,0,1,0.5,0,0,0.5,0.5,0.5,0.5,0.5,0.5,1,0.5,0,0,0,0.5,0.5,0.5,1,1,0,0,0,0,0,0,1,1,1,0.5,0,0,0,0,0,0,0,1,0.5,1,0.5,0,0.5,0,0,0,0,0,1,0.5,1,0,0,0.5,0,0,0,0,0,0,0,0,0,0,0,0.5,0.5,0,0,0,0,0,0,
RegressionTest1::test0520, 0,0,1,0.5,0,0,0.5,0,0,0,0,0,0,0,0,0,0,0.5,0.5,0.5,1,0.5,0,1,0,0,0,0,1,1,1,0.5,0,0,0,0,0,0,0,0,0,0,0,0,0,0,0,0,0,0,0,0,1,0,0,0.5,0,0,0,0,0,0,0,0,0.5,1,0,0,0,0,0,0,0,0,0,
RegressionTest1::test0521, 0,0,1,0.5,0,0,0.5,0,0,0,0,0,0,0,0,0,0,0.5,0.5,0.5,1,0.5,0,1,0,0,0,0,1,1,1,0.5,0,0,0,0,0,0,0,0,0,0,0,0,0,0,0,0,0,0,0,0,0,0,0,0.5,0,0,0,0,0,0,0,0,0.5,1,0,0,0,0,0,0,0,0,0,
RegressionTest1::test0522, 0,0,0,0,0,0,0,0,0,0,0,0,0,0,0,0,0,0,0,0,0,0,0,0,0,0,0,0,0,0,0,0,0,0,0,0,0,0,0,0,0,0,0,0,0,0,0,0,0,0,0,0,0,0,0,0,0,0,0,0,0,0,0,0,0,0,0,0,0,0,0,0,0,0,0,
RegressionTest1::test0523, 0,0,0,0,0,0,0,0,0,0,0,0,0,0,0,0,0,0,0,0,0,0,0,0,0,0,0,0,0,0,0,0,0,0,0,0,0,0,0,0,0,0,0,0,0,0,0,0,0,0,0,0,0,0,0,0,0,0,0,0,0,0,0,0,0,0,0,0,0,0,0,0,0,0,0,
RegressionTest1::test0524, 0,0,1,0.5,0,0,0.5,0,0,0,0,0,0,0,0,0,0,0.5,0.5,0.5,1,0.5,0,0,0,0,0,0,1,1,1,0.5,0,0,0,0,0,0,0,1,0.5,1,0.5,0,0.5,0,0,0,0,0,0,0,1,0,0,0.5,0,0,0,0,0,0,0,0,0,0,0,0,0,0,0,0,0,0,0,
RegressionTest1::test0525, 1,0.5,1,0.5,0,0,1,0,0,0,0,0,0,0,0,0,0,0.5,0.5,0.5,1,0.5,0,0,0,0,0,0,1,1,1,0.5,0,0,0,0,0,0,0,0,0,0,0,0,0,0,0,0,0,0,0,0,1,0,0,0.5,0,0,0,0,0,0,0,0,0,0,0,0,0,0,0,0,0,0,0,
RegressionTest1::test0526, 0,0,0,0,0,0,0,0,0,0,0,0,0,0,0,0,0,0,0,0,0,0,0,0,0,0,0,0,0,0,0,0,0,0,0,0,0,0,0,0,0,0,0,0,0,0,0,0,0,0,0,0,0,0,0,0,0,0,0,0,0,0,0,0,0,0,0,0,0,0,0,0,0,0,0,
RegressionTest1::test0527, 0,0,1,0.5,0,0,0.5,0,0,0,0,0,0,0,1,0.5,0,0.5,0.5,0.5,1,0.5,1,1,0,0,0,0,1,1,1,0.5,0,0,0,0,0,0,0,0,0,0,0,0,0,0,0,1,0.5,0.5,0,0,1,0,0,0.5,0,0,0,0,0,0,0,0,0.5,1,0,0,0,0,0,0,0,0,0,
RegressionTest1::test0528, 0,0,1,0.5,0,0,0.5,0,0,0,0,0,0,0,0,0,0,0.5,0.5,0.5,1,0.5,1,0,0,0,0,0,0,0,0,0,0,0,0,0,0,0,0,0,0,0,0,0,0,0,0,1,0.5,0.5,0,0,1,0,0,0.5,0,0,0,0,0,0,0,0,0,0,0,0.5,0.5,0,0,0,0,0,0,
RegressionTest1::test0529, 0,0,1,0.5,0,0,0.5,0.5,0.5,0.5,0.5,0.5,1,0.5,0,0,0,0.5,0.5,0.5,1,0.5,1,0,0,0,0,0,0,1,1,0.5,0,0,1,1,0.5,0,0,0,0,0,0,0,0,0,0,1,0.5,0.5,0,0,1,0,0,0.5,0,0,0,0,0,0,0,0,0,0,0,0,0,0,0,0,0,0,0,
RegressionTest1::test0530, 0,0,0,0,0,0,0,0,0,0,0,0,0,0,0,0,0,0,0,0,0,0,0,0,0,0,0,0,0,0,0,0,0,0,0,0,0,0,0,0,0,0,0,0,0,0,0,0,0,0,0,0,0,0,0,0,0,0,0,0,0,0,0,0,0,0,0,0,0,0,0,0,0,0,0,
RegressionTest1::test0531, 0,0,1,0.5,0,0,0.5,0,0,0,0,0,0,0,0,0,0,0.5,0.5,0.5,1,0.5,0,0,0,0,0,0,0,1,1,0.5,0,0,0,0,0,0,0,0,0,0,0,0,0,0,0,0,0,0,0,0,1,0,0,0.5,0,0,0,0,0,0,0,0,0,0,0,0,0,0,0,0,0,0,0,
RegressionTest1::test0532, 0,0,0,0,0,0,0,0,0,0,0,0,0,0,0,0,0,0,0,0,0,0,0,0,0,0,0,0,0,0,0,0,0,0,0,0,0,0,0,0,0,0,0,0,0,0,0,0,0,0,0,0,0,0,0,0,0,0,0,0,0,0,0,0,0,0,0,0,0,0,0,0,0,0,0,
RegressionTest1::test0533, 0,0,1,0.5,0,0,0.5,0,0,0,0,0,0,0,0,0,0,0.5,0.5,0.5,1,0.5,0,0,0,0,0,0,0,1,1,0.5,0,0,0,0,0,0,0,1,0.5,1,0.5,0,0.5,0,0,0,0,0,0,0,1,0,0,0.5,0,0,0,0,0,0,0,0,0.5,1,0,0,0,0,0,0,0,0,0,
RegressionTest1::test0534, 0,0,1,0.5,0,0,0.5,0,0,0,0,0,0,0,0,0,0,0,0,0,0,0,0,0,0,0,0,0,0,0,0,0,0,0,1,1,0.5,0.5,0,0,0,0,0,0,0,0,0,0,0,0,0,0,1,0,0,0.5,0,0,0,0,0,0,0,0,0,0,0,0,0,0,0,0,0,0,0,
RegressionTest1::test0535, 0,0,1,0.5,0,0,0.5,0.5,0.5,0.5,0.5,0.5,1,0.5,0,0,0,0.5,0.5,0.5,1,1,0,0,0,0,0,0,1,1,1,0.5,0,0,0,0,0,0,0,1,0.5,1,0.5,0,0.5,0,0,0,0,0,1,0.5,1,0,0,0.5,0,0,0,0,0,0,0,0,0.5,1,0,0,0,0,0,0,0,0,0,
RegressionTest1::test0536, 0,0,1,0.5,0,0,0.5,0.5,0.5,0.5,0.5,0.5,1,0.5,0,0,0,0.5,0.5,0.5,1,0.5,0,0,0,0,0,0,0,1,1,0.5,0,0,0,0,0,0,0,1,0.5,1,0.5,0,0.5,0,0,0,0,0,0,0,1,0,0,0.5,0,0,0,0,0,0,0,0,0,0,0,0,0,0,0,0,0,0,0,
RegressionTest1::test0537, 0,0,1,0.5,0,0,0.5,0.5,0.5,0.5,0.5,0.5,1,0.5,0,0,0,0.5,0.5,0.5,1,0.5,0,0,0,0,0,0,0,1,1,0.5,0,0,0,0,0,0,0,1,0.5,1,0.5,0,0.5,0,0,0,0,0,0,0,1,0,0,0.5,0,0,0,0,0,0,0,0,0,0,0,0,0,0,0,0,0,0,0,
RegressionTest1::test0538, 1,1,1,0.5,0,0,1,0,0,0,0,0,0,0,0,0,0,0.5,0.5,0.5,1,0.5,0,1,0,0,0,0,1,1,1,0.5,0,0,0,0,0,0,0,0,0,0,0,0,0,0,0,0,0,0,0,0,1,1,1,0.5,0,0,1,0,0,0,0,0,0,0,0,0,0,0,0,0,0,0,0,
RegressionTest1::test0539, 0,0,1,0.5,0,0,0.5,0,0,0,0,0,0,0,0,0,0,0.5,0.5,0.5,1,0.5,1,0,0,0,0,0,1,1,1,0.5,0,0,0,0,0,0,0,1,0.5,1,0.5,0,0.5,0,0,1,0.5,0.5,0,0,1,0,0,0.5,0,0,0,0,0,0,0,0,0,0,0,0.5,0.5,0,0,0,0,0,0,
RegressionTest1::test0540, 0,0,1,0.5,0,0,0.5,0.5,0.5,0.5,0.5,0.5,1,0.5,1,0.5,0,0.5,0.5,0.5,1,0.5,0,0,0,0,0,0,0,1,1,0.5,0,0,0,0,0,0,0,1,0.5,1,0.5,0,0.5,0,0,0,0,0,0,0,1,0,0,0.5,0,0,1,0,0,0,0,0,0,0,0,0,0,0,0,0,0,0,0,
RegressionTest1::test0541, 0,0,0,0,0,0,0,0,0,0,0,0,0,0,0,0,0,0,0,0,0,0,0,0,0,0,0,0,0,0,0,0,0,0,0,0,0,0,0,0,0,0,0,0,0,0,0,0,0,0,0,0,0,0,0,0,0,0,0,0,0,0,0,0,0,0,0,0,0,0,0,0,0,0,0,
RegressionTest1::test0542, 0,0,1,0.5,0,0,0.5,0,0,0,0,0,0,0,0,0,0,0.5,0.5,0.5,1,0.5,0,0,0,0,0,0,1,1,1,0.5,0,0,0,0,0,0,0,0,0,0,0,0,0,0,0,0,0,0,0,0,1,0,0,0.5,0,0,0,0,0,0,0,0,0,0,0,0,0,0,0,0,0,0,0,
RegressionTest1::test0543, 0,0,0,0,0,0,0,0,0,0,0,0,0,0,0,0,0,0,0,0,0,0,0,0,0,0,0,0,0,0,0,0,0,0,0,0,0,0,0,0,0,0,0,0,0,0,0,0,0,0,0,0,0,0,0,0,0,0,0,0,0,0,0,0,0,0,0,0,0,0,0,0,0,0,0,
RegressionTest1::test0544, 0,0,0,0,0,0,0.5,0,0,0,0,0,0,0,0,0,0,0,0,0,0,0,0,0,0,0,0,0,0,0,0,0,0,0,0,0,0,0,0,0,0,0,0,0,0,0,0,0,0,0,0,0,1,0,0,0.5,0,0,0,0,0,0,0,0,0,0,0,0,0,0,0,0,0,0,0,
RegressionTest1::test0545, 0,0,1,0.5,0,0,0.5,0.5,0.5,0.5,0.5,0.5,1,0.5,1,0.5,0,0.5,0.5,0.5,1,0.5,0,0,0,0,0,0,0,1,1,0.5,0,0,0,0,0,0,0,1,0.5,1,0.5,0,0.5,0,0,0,0,0,0,0,1,0,0,0.5,0,0,1,0,0,0,0,0,0,0,0,0,0,0,0,0,0,0,0,
RegressionTest1::test0546, 0,0,0,0,0,0,0,0,0,0,0,0,0,0,0,0,0,0,0,0,0,0,0,0,0,0,0,0,0,0,0,0,0,0,0,0,0,0,0,0,0,0,0,0,0,0,0,0,0,0,0,0,0,0,0,0,0,0,0,0,0,0,0,0,0,0,0,0,0,0,0,0,0,0,0,
RegressionTest1::test0547, 0,0,0,0,0,0,0,0,0,0,0,0,0,0,0,0,0,0,0,0,0,0,0,0,0,0,0,0,0,0,0,0,0,0,0,0,0,0,0,0,0,0,0,0,0,0,0,0,0,0,0,0,0,0,0,0,0,0,0,0,0,0,0,0,0,0,0,0,0,0,0,0,0,0,0,
RegressionTest1::test0548, 0,0,1,0.5,0,0,0.5,0.5,0.5,0.5,0.5,0.5,1,0.5,1,0.5,0,0.5,0.5,0.5,1,0.5,0,0,0,0,0,0,0,1,1,0.5,0,0,0,0,0,0,0,1,0.5,1,0.5,0,0.5,0,0,0,0,0,0,0,1,0,0,0.5,0,0,1,0,0,0,0,0,0,0,0,0,0,0,0,0,0,0,0,
RegressionTest1::test0549, 0,0,1,0.5,0,0,0.5,0,0,0,0,0,0,0,0,0,0,0.5,0.5,0.5,1,0.5,0,0,0,0,0,0,0,1,1,0.5,0,0,0,0,0,0,0,1,0.5,1,0.5,0,0.5,0,0,0,0,0,0,0,1,0,0,0.5,0,0,0,0,0,0,0,0,0.5,1,0,0,0,0,0,0,0,0,0,
RegressionTest1::test0550, 1,0.5,1,0.5,0,0,0.5,0,0,0,0,0,0,0,0,0,0,0.5,0.5,0.5,1,0.5,0,0,0,0,0,0,1,1,1,0.5,0,0,1,1,0.5,0,0,0,0,0,0,0,0,1,0.5,0,0,0,0,0,1,0,0,0.5,0,0,0,0,0,0,0,0,0,0,0,0,0,0,0,0,0,0,0,
RegressionTest1::test0551, 0,0,1,0.5,0,0,0.5,0,0,0,0,0,0,0,0,0,0,0.5,0.5,0.5,1,0.5,0,0,0,0,0,0,0,1,1,0.5,0,0,0,0,0,0,0,0,0,0,0,0,0,0,0,0,0,0,0,0,0,0,0,0,0,0,0,0,0,0,0,0,0,0,0,0,0,0,0,0,0,0,0,
RegressionTest1::test0552, 0,0,0,0,0,0,0,0,0,0,0,0,0,0,0,0,0,0,0,0,0,0,0,0,0,0,0,0,0,0,0,0,0,0,0,0,0,0,0,0,0,0,0,0,0,0,0,0,0,0,0,0,0,0,0,0,0,0,0,0,0,0,0,0,0,0,0,0,0,0,0,0,0,0,0,
RegressionTest1::test0553, 0,0,0,0,0,0,0,0,0,0,0,0,0,0,0,0,0,0,0,0,0,0,0,0,0,0,0,0,0,0,0,0,0,0,0,0,0,0,0,0,0,0,0,0,0,0,0,0,0,0,0,0,0,0,0,0,0,0,0,0,0,0,0,0,0,0,0,0,0,0,0,0,0,0,0,
RegressionTest1::test0554, 1,1,1,0.5,0,0,1,0,0,0,0,0,0,0,0,0,0,0.5,0.5,0.5,1,0.5,0,1,0,0,0,0,1,1,1,0.5,0,0,0,0,0,0,0,0,0,0,0,0,0,0,0,0,0,0,0,0,1,1,1,0.5,0,0,1,0,0,0,0,0,0,0,0,0,0,0,0,0,0,0,0,
RegressionTest1::test0555, 0,0,1,0.5,0,0,0.5,0.5,0.5,0.5,0.5,0.5,1,0.5,1,0.5,0,0.5,0.5,0.5,1,0.5,0,1,0,0,0,0,1,1,1,0.5,0,0,1,1,0.5,0.5,0,1,0.5,1,0.5,0,0.5,0,0,0,0,0,0,0,1,0,0,0.5,0,0,1,0,0,0,0,0,0,0,0,0,0,0,0,0,0,0,0,
RegressionTest1::test0556, 0,0,0,0,0,0,0,0,0,0,0,0,0,0,0,0,0,0,0,0,0,0,0,0,0,0,0,0,0,0,0,0,0,0,0,0,0,0,0,0,0,0,0,0,0,0,0,0,0,0,0,0,0,0,0,0,0,0,0,0,0,0,0,0,0,0,0,0,0,0,0,0,0,0,0,
RegressionTest1::test0557, 1,0.5,1,0.5,0,0,0.5,0,0,0,0,0,0,0,1,0.5,0,1,1,1,1,0.5,0,0,0,0,0,0,1,1,1,0.5,0,0,1,1,0.5,0,0,0,0,0,0,0,0,1,0.5,0,0,0,0,0,1,0,0,0.5,0,0,0,0,0,0,0,0,0,0,0,0,0,0,0,0,0,0,0,
RegressionTest1::test0558, 0,0,0,0,0,0,0,0,0,0,0,0,0,0,0,0,0,0,0,0,0,0,0,0,0,0,0,0,0,0,0,0,0,0,0,0,0,0,0,0,0,0,0,0,0,0,0,0,0,0,0,0,0,0,0,0,0,0,0,0,0,0,0,0,0,0,0,0,0,0,0,0,0,0,0,
RegressionTest1::test0559, 0,0,1,0.5,0,0,0.5,0,0,0,0,0,0,0,0,0,0,0.5,0.5,0.5,1,0.5,0,0,0,0,0,0,1,1,1,0.5,0,0,1,1,0.5,0,0,0,0,0,0,0,0,1,0.5,0,0,0,0,0,1,0,0,0.5,0,0,0,0,0,0,0,0,0,0,0,0,0,0,0,0,0,0,0,
RegressionTest1::test0560, 0,0,1,0.5,0,0,0.5,0,0,0,0,0,0,0,0,0,0,0.5,0.5,0.5,1,0.5,1,0,0,0,0,0,0,0,0,0,0,0,0,0,0,0,0,0,0,0,0,0,0,0,0,1,0.5,0.5,0,0,1,0,0,0.5,0,0,0,0,0,0,0,0,0.5,0.5,0,0,0,0,0,0,0,0,0,
RegressionTest1::test0561, 1,0.5,1,0.5,0,0,1,0,0,0,0,0,0,0,0,0,0,0.5,0.5,0.5,1,0.5,0,0,0,0,0,0,1,1,1,0.5,0,0,0,0,0,0,0,0,0,0,0,0,0,0,0,0,0,0,0,0,1,0,0,0.5,0,0,0,0,0,0,0,0,0,0,0,0,0,0,0,0,0,0,0,
RegressionTest1::test0562, 0,0,1,0.5,0,0,0.5,0,0,0,0,0,0,0,0,0,0,0.5,0.5,0.5,1,0.5,1,1,0,0,0,0,1,1,1,0.5,0,0,1,1,0.5,0,0,0,0,0,0,0,0,1,0.5,1,0.5,0.5,0,0,1,0,0,0.5,0,0,0,0,0,0,0,0,0,0,0,0,0,0,0,0,0,0,0,
RegressionTest1::test0563, 0,0,1,0.5,0,0,0.5,0,0,0,0,0,0,0,0,0,0,0.5,0.5,0.5,1,0.5,0,1,0,0,0,0,1,1,1,0.5,0,0,0,0,0,0,0,0,0,0,0,0,0,0,0,0,0,0,0,0,1,1,1,0.5,0,0,0,0,0,0,0,0,0,0,0,0,0,0,0,0,0,0,0,
RegressionTest1::test0564, 0,0,1,0.5,0,0,0.5,0.5,0.5,0.5,0.5,0.5,0.5,0,0,0,0,0.5,0.5,0.5,1,0.5,1,0,0,0,0,0,0,1,1,0.5,0,0,0,0,0,0,0,1,0.5,1,0.5,0,0.5,0,0,1,0.5,0.5,0,0,1,0,0,0.5,0,0,1,1,0.5,0.5,0,0,0.5,1,0,0,0,0,0,0,0,0,0,
RegressionTest1::test0565, 1,0.5,0,0,0,0,0.5,0,0,0,0,0,0,0,0,0,0,0,0,0,0,0,0,0,0,0,0,0,0,0,0,0,0,0,0,0,0,0,0,0,0,0,0,0,0,0,0,0,0,0,0,0,0,0,0,0,0,0,0,0,0,0,0,0,0,0,0,0,0,0,0,0,0,0,0,
RegressionTest1::test0566, 0,0,0,0,0,0,0.5,0,0,0,0,0,0,0,0,0,0,0,0,0,0,0,0,0,0,0,0,0,0,0,0,0,0,0,0,0,0,0,0,0,0,0,0,0,0,0,0,0,0,0,0,0,0,0,0,0,0,0,0,0,0,0,0,0,0.5,0.5,0,0,0,0,0,0,0,0,0,
RegressionTest1::test0567, 0,0,0,0,0,0,0,0,0,0,0,0,0,0,0,0,0,0,0,0,0,0,0,0,0,0,0,0,0,0,0,0,0,0,0,0,0,0,0,0,0,0,0,0,0,0,0,0,0,0,0,0,0,0,0,0,0,0,0,0,0,0,0,0,0,0,0,0,0,0,0,0,0,0,0,
RegressionTest1::test0568, 0,0,1,0.5,0,0,0.5,0,0,0,0,0,0,0,0,0,0,0.5,0.5,0.5,1,0.5,1,0,0,0,0,0,0,1,1,0.5,0,0,0,0,0,0,0,1,0.5,1,0.5,0,0.5,0,0,1,0.5,0.5,0,0,1,0,0,0.5,0,0,0,0,0,0,0,0,0,0,0,0.5,0.5,0,0,0,0,0,0,
RegressionTest1::test0569, 0,0,1,0.5,0,0,0.5,0.5,0.5,0.5,0.5,0.5,1,0.5,1,0.5,0,0.5,0.5,0.5,1,0.5,0,0,0,0,0,0,0,1,1,0.5,0,0,0,0,0,0,0,1,0.5,1,0.5,0,0.5,0,0,0,0,0,0,0,1,0,0,0.5,0,0,1,0,0,0,0,0,0,0,0,0,0,0,0,0,0,0,0,
RegressionTest1::test0570, 0,0,1,0.5,0,0,0.5,0,0,0,0,0,0,0,0,0,0,0,0,0,0,0,0,0,0,0,0,0,0,0,0,0,0,0,0,0,0,0,0,0,0,0,0,0,0,0,0,0,0,0,0,0,0,0,0,0,0,0,0,0,0,0,0,0,0,0,0,0,0,0,0,0,0,0,0,
RegressionTest1::test0571, 0,0,1,0.5,0,0,0.5,0.5,0.5,0.5,0.5,0.5,1,0.5,0,0,0.5,0.5,0.5,0.5,1,0.5,0,0,0,0,0,0,0,1,1,0.5,0,0,0,0,0,0,0,1,0.5,1,0.5,0,0.5,0,0,0,0,0,0,0,1,0,0,0.5,0,0,0,0,0,0,0,0,0,0,0,0,0,0,0,0,0,0,0,
RegressionTest1::test0572, 0,0,1,0.5,0,0,0.5,0,0,0,0,0,0,0,0,0,0,0.5,0.5,0.5,1,0.5,1,0,0,0,0,0,1,0,0,0,0,0,0,0,0,0,0,0,0,0,0,0,0,0,0,1,0.5,0.5,0,0,1,0,0,0.5,0,0,1,0,0,0,0,0,0.5,1,0,0,0,0,0,0,0,0,0,
RegressionTest1::test0573, 0,0,0,0,0,0,0,0,0,0,0,0,0,0,0,0,0,0,0,0,0,0,0,0,0,0,0,0,0,0,0,0,0,0,0,0,0,0,0,0,0,0,0,0,0,0,0,0,0,0,0,0,0,0,0,0,0,0,0,0,0,0,0,0,0,0,0,0,0,0,0,0,0,0,0,
RegressionTest1::test0574, 0,0,0,0,0,0,0.5,0,0,0,0,0,0,0,0,0,0,0,0,0,0,0,0,0,0,0,0,0,0,0,0,0,0,0,0,0,0,0,0,0,0,0,0,0,0,0,0,0,0,0,0,0,0,0,0,0,0,0,0,0,0,0,0,0,0.5,0.5,0,0,0,0,0,0,0,0,0,
RegressionTest1::test0575, 0,0,0,0,0,0,0,0,0,0,0,0,0,0,0,0,0,0,0,0,0,0,0,0,0,0,0,0,0,0,0,0,0,0,0,0,0,0,0,0,0,0,0,0,0,0,0,0,0,0,0,0,0,0,0,0,0,0,0,0,0,0,0,0,0,0,0,0,0,0,0,0,0,0,0,
RegressionTest1::test0576, 0,0,0,0,0,0,0.5,0,0,0,0,0,0,0,0,0,0,0,0,0,0,0,0,0,0,0,0,0,0,0,0,0,0,0,0,0,0,0,0,0,0,0,0,0,0,0,0,0,0,0,0,0,1,0,0,0.5,0,0,0,0,0,0,0,0,0.5,0.5,0,0,0,0,0,0,0,0,0,
RegressionTest1::test0577, 0,0,1,0.5,0,0,0.5,0.5,0.5,0.5,0.5,0.5,1,0.5,0,0,0.5,0.5,0.5,0.5,1,0.5,0,0,0,0,0,0,0,1,1,0.5,0,0,0,0,0,0,0,1,0.5,1,0.5,0,0.5,0,0,0,0,0,0,0,1,0,0,0.5,0,0,0,0,0,0,0,0,0,0,0,0,0,0,0,0,0,0,0,
RegressionTest1::test0578, 1,1,1,0.5,0,0,1,0,0,0,0,0,0,0,0,0,0,0.5,0.5,0.5,1,0.5,0,0,0,0,0,0,0,1,1,0.5,0,0,0,0,0,0,0,1,0.5,1,0.5,0,0.5,0,0,0,0,0,0,0,1,0,0,0.5,0,0,0,0,0,0,0,0,0.5,1,0,0,0,0,0,0,0,0,0,
RegressionTest1::test0579, 0,0,1,0.5,0,0,0.5,0.5,0.5,0.5,0.5,0.5,1,0.5,0,0,0,0.5,0.5,0.5,1,1,0,0,0,0,0,0,1,1,1,0.5,0,0,1,1,0.5,0.5,0,1,0.5,1,0.5,0,0.5,0,0,1,0.5,0.5,1,0.5,1,0,0,0.5,0,0,0,0,0,0,0,0,0,0,0,0.5,0.5,0,0,0,0,0,0,
RegressionTest1::test0580, 0,0,0,0,0,0,0,0,0,0,0,0,0,0,0,0,0,0,0,0,0,0,0,0,0,0,0,0,0,0,0,0,0,0,0,0,0,0,0,0,0,0,0,0,0,0,0,0,0,0,0,0,0,0,0,0,0,0,0,0,0,0,0,0,0,0,0,0,0,0,0,0,0,0,0,
RegressionTest1::test0581, 0,0,1,0.5,0,0,0.5,0.5,0.5,0.5,0.5,0.5,1,0.5,1,0,0,0.5,0.5,0.5,1,0.5,0,0,0,0,0,0,0,1,1,0.5,0,0,0,0,0,0,0,1,0.5,1,0.5,0,0.5,0,0,0,0,0,0,0,1,0,0,0.5,0,0,0,0,0,0,0,0,0,0,0,0,0,0,0,0,0,0,0,
RegressionTest1::test0582, 0,0,0,0,0,0,0,0,0,0,0,0,0,0,0,0,0,0,0,0,0,0,0,0,0,0,0,0,0,0,0,0,0,0,0,0,0,0,0,0,0,0,0,0,0,0,0,0,0,0,0,0,0,0,0,0,0,0,0,0,0,0,0,0,0,0,0,0,0,0,0,0,0,0,0,
RegressionTest1::test0583, 0,0,1,0.5,0,0,0.5,0,0,0,0,0,0,0,0,0,0,0.5,0.5,0.5,1,0.5,0,0,0,0,0,0,0,1,1,0.5,0,0,0,0,0,0,0,1,0.5,1,0.5,0,0.5,0,0,0,0,0,0,0,1,0,0,0.5,0,0,0,0,0,0,0,0,0,0,0,0,0,0,0,0,0,0,0,
RegressionTest1::test0584, 1,0.5,1,0.5,0,0,1,0,0,0,0,0,0,0,0,0,0,0.5,0.5,0.5,1,0.5,0,0,0,0,0,0,1,1,1,0.5,0,0,0,0,0,0,0,0,0,0,0,0,0,0,0,0,0,0,0,0,1,0,0,0.5,0,0,0,0,0,0,0,0,0,0,0,0,0,0,0,0,0,0,0,
RegressionTest1::test0585, 0,0,1,0.5,0,0,0.5,0,0,0,0,0,0,0,0,0,0,0,0,0,0,0,0,0,0,0,0,0,0,0,0,0,0,0,0,0,0,0,0,1,0.5,1,0.5,0,0.5,0,0,0,0,0,0,0,1,0,0,0.5,0,0,0,0,0,0,0,0,0,0,0,0,0,0,0,0,0,0,0,
RegressionTest1::test0586, 0,0,0,0,0,0,0,0,0,0,0,0,0,0,0,0,0,0,0,0,0,0,0,0,0,0,0,0,0,0,0,0,0,0,0,0,0,0,0,0,0,0,0,0,0,0,0,0,0,0,0,0,0,0,0,0,0,0,0,0,0,0,0,0,0,0,0,0,0,0,0,0,0,0,0,
RegressionTest1::test0587, 0,0,1,1,0,0,1,0.5,0.5,0.5,0.5,0.5,0.5,0,1,0.5,0,0.5,0.5,0.5,1,0.5,1,0,0,0,0,0,1,1,1,0.5,0,0,0,0,0,0,0,1,0.5,1,0.5,0,0.5,0,0,1,0.5,0.5,0,0,1,0,0,1,0.5,0,0,0,0,0,0,0,0,0,0,0,0,0,0,0,0,0,0,
RegressionTest1::test0588, 0,0,1,0.5,0,0,0.5,0.5,0.5,0.5,0.5,0.5,1,0.5,1,0.5,0,0.5,0.5,0.5,1,0.5,0,0,0,0,0,0,0,1,1,0.5,0,0,0,0,0,0,0,1,0.5,1,0.5,0,0.5,0,0,0,0,0,0,0,1,0,0,0.5,0,0,1,0,0,0,0,0,0,0,0,0,0,0,0,0,0,0,0,
RegressionTest1::test0589, 0,0,0,0,0,0,0,0,0,0,0,0,0,0,0,0,0,0,0,0,0,0,0,0,0,0,0,0,0,0,0,0,0,0,0,0,0,0,0,0,0,0,0,0,0,0,0,0,0,0,0,0,0,0,0,0,0,0,0,0,0,0,0,0,0,0,0,0,0,0,0,0,0,0,0,
RegressionTest1::test0590, 0,0,1,0.5,0,0,0.5,0.5,0.5,0.5,0.5,0.5,1,0.5,0,0,0.5,0.5,0.5,0.5,1,0.5,0,0,0,0,0,0,0,1,1,0.5,0,0,0,0,0,0,0,1,0.5,1,0.5,0,0.5,0,0,0,0,0,0,0,1,0,0,0.5,0,0,0,0,0,0,0,0,0,0,0,0,0,0,0,0,0,0,0,
RegressionTest1::test0591, 0,0,1,0.5,0,0,0.5,0,0,0,0,0,0,0,0,0,0,0,0,0,0,0,0,0,0,0,0,0,0,0,0,0,0,0,0,0,0,0,0,0,0,0,0,0,0,0,0,0,0,0,0,0,1,0,0,0.5,0,0,0,0,0,0,0,0,0,0,0,0,0,0,0,0,0,0,0,
RegressionTest1::test0592, 0,0,1,0.5,0,0,0.5,0,0,0,0,0,0,0,0,0,0,0.5,0.5,0.5,1,0.5,1,0,0,0,0,0,0,1,1,0.5,0.5,0,1,1,0.5,0,0,0,0,0,0,0,0,0,0,1,0.5,0.5,0,0,1,0,0,0.5,0,0,0,0,0,0,0,0,0,0,0,0,0,0,0,0,0,0,0,
RegressionTest1::test0593, 0,0,0,0,0,0,0,0,0,0,0,0,0,0,0,0,0,0,0,0,0,0,0,0,0,0,0,0,0,0,0,0,0,0,0,0,0,0,0,0,0,0,0,0,0,0,0,0,0,0,0,0,0,0,0,0,0,0,0,0,0,0,0,0,0,0,0,0,0,0,0,0,0,0,0,
RegressionTest1::test0594, 0,0,1,0.5,0,0,0.5,0,0,0,0,0,0,0,0,0,0,0.5,0.5,0.5,1,0.5,0,0,0,0,0,0,1,1,1,0.5,0,0,0,0,0,0,0,0,0,0,0,0,0,0,0,0,0,0,0,0,1,0,0,0.5,0,0,0,0,0,0,0,0,0,0,0,0,0,0,0,0,0,0,0,
RegressionTest1::test0595, 0,0,0,0,0,0,0,0,0,0,0,0,0,0,0,0,0,0,0,0,0,0,0,0,0,0,0,0,0,0,0,0,0,0,0,0,0,0,0,0,0,0,0,0,0,0,0,0,0,0,0,0,0,0,0,0,0,0,0,0,0,0,0,0,0,0,0,0,0,0,0,0,0,0,0,
RegressionTest1::test0596, 0,0,1,0.5,0,0,0.5,0.5,0.5,0.5,0.5,0.5,1,0.5,0,0,0,0.5,0.5,0.5,1,0.5,0,0,0,0,0,0,1,1,1,0.5,0,0,0,0,0,0,0,1,0.5,1,0.5,0,0.5,0,0,0,0,0,0,0,1,0,0,0.5,0,0,0,0,0,0,0,0,0,0,0,0,0,0,0,0,0,0,0,
RegressionTest1::test0597, 0,0,1,0.5,0,0,0.5,0.5,0.5,0.5,0.5,0.5,1,0.5,1,0.5,0,0.5,0.5,0.5,1,0.5,0,0,0,0,0,0,0,1,1,0.5,0,0,0,0,0,0,0,1,0.5,1,0.5,0,0.5,0,0,0,0,0,0,0,1,0,0,0.5,0,0,1,0,0,0,0,0,0,0,0,0,0,0,0,0,0,0,0,
RegressionTest1::test0598, 0,0,1,0.5,0,0,0.5,0,0,0,0,0,0,0,0,0,0,0.5,0.5,0.5,1,0.5,1,0,0,0,0,0,0,1,1,0.5,0,0,0,0,0,0,0,1,0.5,1,0.5,0,0.5,0,0,1,0.5,0.5,0,0,1,0,0,0.5,0,0,0,0,0,0,0,0,0,0,0,0.5,0.5,0,0,0,0,0,0,
RegressionTest1::test0599, 0,0,0,0,0,0,0,0,0,0,0,0,0,0,0,0,0,0,0,0,0,0,0,0,0,0,0,0,0,0,0,0,0,0,0,0,0,0,0,0,0,0,0,0,0,0,0,0,0,0,0,0,0,0,0,0,0,0,0,0,0,0,0,0,0,0,0,0,0,0,0,0,0,0,0,
RegressionTest1::test0600, 0,0,0,0,0,0,0,0,0,0,0,0,0,0,0,0,0,0,0,0,0,0,0,0,0,0,0,0,0,0,0,0,0,0,0,0,0,0,0,0,0,0,0,0,0,0,0,0,0,0,0,0,0,0,0,0,0,0,0,0,0,0,0,0,0,0,0,0,0,0,0,0,0,0,0,
RegressionTest1::test0601, 0,0,1,0.5,0,0,0.5,0,0,0,0,0,0,0,0,0,0,0.5,0.5,0.5,1,0.5,0,0,0,0,0,0,0.5,1,1,0.5,0,0,0,0,0,0,0,0,0,0,0,0,0,0,0,0,0,0,0,0,1,0,0,0.5,0,0,0,0,0,0,0,0,0,0,0,0,0,0,0,0,0,0,0,
RegressionTest1::test0602, 0,0,1,0.5,0,0,0.5,0,0,0,0,0,0,0,0,0,0,0.5,0.5,0.5,1,0.5,0,0,0,0,0,0,1,1,1,0.5,0,0,0,0,0,0,0,0,0,0,0,0,0,0,0,0,0,0,0,0,0,0,0,0.5,0,0,0,1,0.5,0.5,0,0,0.5,1,0,0.5,0.5,0,0,0,0,0,0,
RegressionTest1::test0603, 1,1,1,0.5,0,0,1,0,0,0,0,0,0,0,0,0,0,0.5,0.5,0.5,1,0.5,1,0,0,0,0,0,1,1,1,0.5,0,0,0,0,0,0,0,0,0,0,0,0,0,0,0,1,0.5,0.5,0,0,1,0,0,0.5,0,0,1,0,0,0,0,0,0,0,0,0,0,0,0,0,0,0,0,
RegressionTest1::test0604, 0,0,1,0.5,0,0,0.5,0.5,0.5,0.5,0.5,0.5,1,0.5,0,0,0.5,0.5,0.5,0.5,1,0.5,0,0,0,0,0,0,0,1,1,0.5,0,0,0,0,0,0,0,1,0.5,1,0.5,0,0.5,0,0,0,0,0,0,0,1,0,0,0.5,0,0,0,0,0,0,0,0,0,0,0,0,0,0,0,0,0,0,0,
RegressionTest1::test0605, 0,0,1,0.5,0,0,0.5,0,0,0,0,0,0,0,0,0,0,0.5,0.5,0.5,1,0.5,0,0,0,0,0,0,1,1,1,0.5,0,0,0,0,0,0,0,0,0,0,0,0,0,0,0,0,0,0,0,0,1,0,0,0.5,0,0,0,0,0,0,0,0,0,0,0,0,0,0,0,0,0,0,0,
RegressionTest1::test0606, 0,0,1,0.5,0,0,0.5,0,0,0,0,0,0,0,0,0,0,0,0,0,0,0,0,0,0,0,0,0,0,0,0,0,0,0,0,0,0,0,0,0,0,0,0,0,0,0,0,0,0,0,0,0,0,0,0,0.5,0,0,0,0,0,0,0,0,0,0,0,0,0,0,0,0,0,0,0,
RegressionTest1::test0607, 0,0,1,0.5,0,0,0.5,0,0,0,0,0,0,0,0,0,0,0.5,0.5,0.5,1,0.5,1,0,0,0,0,0,0,1,1,0.5,0,0,0,0,0,0,0,1,0.5,1,0.5,0,0.5,0,0,1,0.5,0.5,0,0,1,0,0,0.5,0,0,1,1,0.5,0.5,0,0,0,0,0,0,0,0,0,0,0,0,0,
RegressionTest1::test0608, 0,0,1,0.5,0,0,0.5,0.5,0.5,0.5,0.5,0.5,1,0.5,1,0.5,0,0.5,0.5,0.5,1,0.5,1,0,0,0,0,0,0,1,1,0.5,0,0,0,0,0,0,0,1,0.5,1,0.5,0,0.5,0,0,1,0.5,0.5,0,0,1,0,0,0.5,0,0,1,0,0,0,0,0,0,0,0,0,0,0,0,0,0,0,0,
RegressionTest1::test0609, 0,0,0,0,0,0,0,0,0,0,0,0,0,0,0,0,0,0,0,0,0,0,0,0,0,0,0,0,0,0,0,0,0,0,0,0,0,0,0,0,0,0,0,0,0,0,0,0,0,0,0,0,0,0,0,0,0,0,0,0,0,0,0,0,0,0,0,0,0,0,0,0,0,0,0,
RegressionTest1::test0610, 0,0,0,0,0,0,0,0,0,0,0,0,0,0,0,0,0,0,0,0,0,0,0,0,0,0,0,0,0,0,0,0,0,0,0,0,0,0,0,0,0,0,0,0,0,0,0,0,0,0,0,0,0,0,0,0,0,0,0,0,0,0,0,0,0,0,0,0,0,0,0,0,0,0,0,
RegressionTest1::test0611, 0,0,0,0,0,0,0,0,0,0,0,0,0,0,0,0,0,0,0,0,0,0,0,0,0,0,0,0,0,0,0,0,0,0,0,0,0,0,0,0,0,0,0,0,0,0,0,0,0,0,0,0,0,0,0,0,0,0,0,0,0,0,0,0,0,0,0,0,0,0,0,0,0,0,0,
RegressionTest1::test0612, 0,0,1,0.5,0,0,0.5,0.5,0.5,0.5,0.5,0.5,1,0.5,0,0,0,0.5,0.5,0.5,1,0.5,0,0,0,0,0,0,0,1,1,0.5,0,0,0,0,0,0,0,1,0.5,1,0.5,0,0.5,0,0,0,0,0,0,0,1,0,0,0.5,0,0,0,0,0,0,0,0,0,0,0,0,0,0,0,0,0,0,0,
RegressionTest1::test0613, 0,0,1,0.5,0,0,0.5,0.5,0.5,0.5,0.5,0.5,1,0.5,0,0,0,0.5,0.5,0.5,1,0.5,0,0,0,0,0,0,1,1,1,0.5,0,0,0,0,0,0,0,0,0,0,0,0,0,1,0.5,0,0,0,0,0,1,0,0,0.5,0,0,1,0,0,0,0,0,0,0,0,0,0,0,0,0,0,0,0,
RegressionTest1::test0614, 0,0,0,0,0,0,0,0,0,0,0,0,0,0,0,0,0,0,0,0,0,0,0,0,0,0,0,0,0,0,0,0,0,0,0,0,0,0,0,0,0,0,0,0,0,0,0,0,0,0,0,0,0,0,0,0,0,0,0,0,0,0,0,0,0,0,0,0,0,0,0,0,0,0,0,
RegressionTest1::test0615, 0,0,1,1,0,0,1,0,0,0,0,0,0,0,0,0,0,0,0,0,0,0,0,0,0,0,0,0,0,0,0,0,0,0,0,0,0,0,0,0,0,0,0,0,0,0,0,0,0,0,0,0,0,0,0,0,0,0,0,0,0,0,0,0,0,0,0,0,0,0,0,0,0,0,0,
RegressionTest1::test0616, 0,0,1,0.5,0,0,0.5,0.5,0.5,0.5,0.5,0.5,1,0.5,0,0,0,0.5,0.5,0.5,1,1,0,0,0,0,0,0,1,1,1,0.5,0,0,1,1,0.5,0.5,0,1,0.5,1,0.5,0,0.5,0,0,0,0,0,1,0.5,1,0,0,0.5,0,0,0,0,0,0,0,0,0,0,0,0.5,0.5,0,0,0,0,0,0,
RegressionTest1::test0617, 0,0,1,0.5,0,0,0.5,0,0,0,0,0,0,0,0,0,0,0.5,0.5,0.5,1,0.5,0,0,0,0,0,0,0,1,1,0.5,0,0,0,0,0,0,0,0,0,0,0,0,0,0,0,1,0.5,0.5,0,0,1,0,0,0.5,0,0,0,0,0,0,0,0,0,0,0,0,0,0,0,0,0,0,0,
RegressionTest1::test0618, 0,0,0,0,0,0,0,0,0,0,0,0,0,0,0,0,0,0,0,0,0,0,0,0,0,0,0,0,0,0,0,0,0,0,0,0,0,0,0,0,0,0,0,0,0,0,0,0,0,0,0,0,0,0,0,0,0,0,0,0,0,0,0,0,0,0,0,0,0,0,0,0,0,0,0,
RegressionTest1::test0619, 1,0.5,1,0.5,0,0,1,0,0,0,0,0,0,0,0,0,0,1,1,1,1,0.5,0,0,0,0,0,0,1,1,1,0.5,0,0,1,1,0.5,0,0,0,0,0,0,0,0,1,0.5,0,0,0,0,0,1,0,0,0.5,0,0,0,0,0,0,0,0,0.5,0,0,0,0,0,0,0,0,0,0,
RegressionTest1::test0620, 0,0,0,0,0,0,0,0,0,0,0,0,0,0,0,0,0,0,0,0,0,0,0,0,0,0,0,0,0,0,0,0,0,0,0,0,0,0,0,0,0,0,0,0,0,0,0,0,0,0,0,0,0,0,0,0,0,0,0,0,0,0,0,0,0,0,0,0,0,0,0,0,0,0,0,
RegressionTest1::test0621, 0,0,0,0,0,0,0,0,0,0,0,0,0,0,0,0,0,0,0,0,0,0,0,0,0,0,0,0,0,0,0,0,0,0,0,0,0,0,0,0,0,0,0,0,0,0,0,0,0,0,0,0,0,0,0,0,0,0,0,0,0,0,0,0,0,0,0,0,0,0,0,0,0,0,0,
RegressionTest1::test0622, 0,0,0,0,0,0,0,0,0,0,0,0,0,0,0,0,0,0,0,0,0,0,0,0,0,0,0,0,0,0,0,0,0,0,0,0,0,0,0,0,0,0,0,0,0,0,0,0,0,0,0,0,0,0,0,0,0,0,0,0,0,0,0,0,0,0,0,0,0,0,0,0,0,0,0,
RegressionTest1::test0623, 0,0,0,0,0,0,0,0,0,0,0,0,0,0,0,0,0,0,0,0,0,0,0,0,0,0,0,0,0,0,0,0,0,0,0,0,0,0,0,0,0,0,0,0,0,0,0,0,0,0,0,0,0,0,0,0,0,0,0,0,0,0,0,0,0,0,0,0,0,0,0,0,0,0,0,
RegressionTest1::test0624, 0,0,0,0,0,0,0,0,0,0,0,0,0,0,0,0,0,0,0,0,0,0,0,0,0,0,0,0,0,0,0,0,0,0,0,0,0,0,0,0,0,0,0,0,0,0,0,0,0,0,0,0,0,0,0,0,0,0,0,0,0,0,0,0,0,0,0,0,0,0,0,0,0,0,0,
RegressionTest1::test0625, 1,0.5,1,0.5,0,0,0.5,0,0,0,0,0,0,0,0,0,0,1,1,1,1,0.5,0,0,0,0,0,0,1,1,1,0.5,0,0,1,1,0.5,0.5,0,0,0,0,0,0,0,1,0.5,0,0,0,0,0,1,0,0,0.5,0,0,0,0,0,0,0,0,0,0,0,0,0,0,0,0,0,0,0,
RegressionTest1::test0626, 0,0,0,0,0,0,0,0,0,0,0,0,0,0,0,0,0,0,0,0,0,0,0,0,0,0,0,0,0,0,0,0,0,0,0,0,0,0,0,0,0,0,0,0,0,0,0,0,0,0,0,0,0,0,0,0,0,0,0,0,0,0,0,0,0,0,0,0,0,0,0,0,0,0,0,
RegressionTest1::test0627, 0,0,1,0.5,0,0,0.5,0,0,0,0,0,0,0,0,0,0,0.5,0.5,0.5,1,0.5,0,0,0,0,0,0,1,1,1,0.5,0,0,1,1,0.5,0,0,0,0,0,0,0,0,0,0,0,0,0,0,0,0,1,1,0.5,0,0,1,0,0,0,0,0,0.5,1,0,0,0,0,0,0,0,0,0,
RegressionTest1::test0628, 0,0,1,0.5,0,0,0.5,0,0,0,0,0,0,0,1,0.5,0,0.5,0.5,0.5,1,0.5,0,1,0,0,0,0,1,1,1,0.5,0,0,0,0,0,0,0,0,0,0,0,0,0,0,0,0,0,0,1,0.5,1,0,0,0.5,0,0,0,0,0,0,0,0,0.5,1,0,0,0,0,0,0,0,0,0,
RegressionTest1::test0629, 0,0,0,0,0,0,0,0,0,0,0,0,0,0,0,0,0,0,0,0,0,0,0,0,0,0,0,0,0,0,0,0,0,0,0,0,0,0,0,0,0,0,0,0,0,0,0,0,0,0,0,0,0,0,0,0,0,0,0,0,0,0,0,0,0,0,0,0,0,0,0,0,0,0,0,
RegressionTest1::test0630, 0,0,0,0,0,0,0,0,0,0,0,0,0,0,0,0,0,0,0,0,0,0,0,0,0,0,0,0,0,0,0,0,0,0,0,0,0,0,0,0,0,0,0,0,0,0,0,0,0,0,0,0,0,0,0,0,0,0,0,0,0,0,0,0,0,0,0,0,0,0,0,0,0,0,0,
RegressionTest1::test0631, 0,0,1,0.5,0,0,0.5,0,0,0,0,0,0,0,0,0,0,0.5,0.5,0.5,1,0.5,0,0,0,0,0,0,0,0,0,0,0,0,0,0,0,0,0,0,0,0,0,0,0,0,0,0,0,0,0,0,0,0,0,0,0,0,0,0,0,0,0,0,0.5,1,0,0,0,0,0,0,0,0,0,
RegressionTest1::test0632, 0,0,0,0,0,0,0,0,0,0,0,0,0,0,0,0,0,0,0,0,0,0,0,0,0,0,0,0,0,0,0,0,0,0,0,0,0,0,0,0,0,0,0,0,0,0,0,0,0,0,0,0,0,0,0,0,0,0,0,0,0,0,0,0,0,0,0,0,0,0,0,0,0,0,0,
RegressionTest1::test0633, 1,0.5,1,0.5,0,0,1,0,0,0,0,0,0,0,0,0,0,0.5,0.5,0.5,1,0.5,0,0,0,0,0,0,1,1,1,0.5,0,0,1,1,0.5,0,0,0,0,0,0,0,0,1,0.5,0,0,0,0,0,1,0,0,0.5,0,0,0,0,0,0,0,0,0,0,0,0,0,0,0,0,0,0,0,
RegressionTest1::test0634, 0,0,1,0.5,0,0,0.5,0,0,0,0,0,0,0,0,0,0,0.5,0.5,0.5,1,0.5,0,1,0,0,0,0,1,1,1,0.5,0,0,0,0,0,0,0,0,0,0,0,0,0,0,0,0,0,0,0,0,0,0,0,0.5,0,0,0,0,0,0,0,0,0.5,1,0,0,0,0,0,0,0,0,0,
RegressionTest1::test0635, 0,0,1,0.5,0,0,0.5,0,0,0,0,0,0,0,0,0,0,0.5,0.5,0.5,1,0.5,1,0,0,0,0,0,0,1,1,0.5,0,0,1,1,0.5,0.5,0,1,0.5,1,0.5,0,0.5,0,0,1,0.5,0.5,0,0,1,0,0,0.5,0,0,0,0,0,0,0,0,0,0,0,0,0,0,0,0,0,0,0,
RegressionTest1::test0636, 0,0,0,0,0,0,0,0,0,0,0,0,0,0,0,0,0,0,0,0,0,0,0,0,0,0,0,0,0,0,0,0,0,0,0,0,0,0,0,0,0,0,0,0,0,0,0,0,0,0,0,0,0,0,0,0,0,0,0,0,0,0,0,0,0,0,0,0,0,0,0,0,0,0,0,
RegressionTest1::test0637, 0,0,1,0.5,0,0,0.5,0,0,0,0,0,0,0,0,0,0,0.5,0.5,0.5,1,0.5,0,0,0,0,0,0,1,1,1,0.5,0,0,0,0,0,0,0,0,0,0,0,0,0,0,0,0,0,0,0,0,1,0,0,0.5,0,1,1,0,0,0,0,0,0,0,0,0,0,0,0,0,0,0,0,
RegressionTest1::test0638, 0,0,0,0,0,0,0,0,0,0,0,0,0,0,0,0,0,0,0,0,0,0,0,0,0,0,0,0,0,0,0,0,0,0,0,0,0,0,0,0,0,0,0,0,0,0,0,0,0,0,0,0,0,0,0,0,0,0,0,0,0,0,0,0,0,0,0,0,0,0,0,0,0,0,0,
RegressionTest1::test0639, 0,0,1,0.5,0,0,0.5,0.5,0.5,0.5,0.5,0.5,1,0.5,0,0,0,0.5,0.5,0.5,1,1,0,0,0,0,0,0,1,1,1,0.5,0,0,0,0,0,0,0,1,0.5,1,0.5,0,0.5,0,0,0,0,0,0,0,1,0,0,0.5,0,0,0,0,0,0,0,0,0,0,0,0,0,0,0,0,0,0,0,
RegressionTest1::test0640, 0,0,1,0.5,0,0,0.5,0.5,0.5,0.5,0.5,0.5,1,0.5,0,0,0,0.5,0.5,0.5,1,0.5,1,0,0,0,0,0,0,1,1,0.5,0,0,0,0,0,0,0,1,0.5,1,0.5,0,0.5,0,0,1,0.5,0.5,0,0,1,0,0,0.5,0,0,0,0,0,0,0,0,0,0,0,0.5,0.5,0,0,0,0,0,0,
RegressionTest1::test0641, 0,0,1,0.5,0,0,0.5,0,0,0,0,0,0,0,0,0,0,0.5,0.5,0.5,1,0.5,1,0,0,0,0,0,1,1,1,0.5,0,0,0,0,0,0,0,1,0.5,1,0.5,0,0.5,0,0,1,0.5,0.5,0,0,1,0,0,0.5,0,0,0,0,0,0,0,0,0,0,0,0.5,0.5,0,0,0,0,0,0,
RegressionTest1::test0642, 0,0,0,0,0,0,0,0,0,0,0,0,0,0,0,0,0,0,0,0,0,0,0,0,0,0,0,0,0,0,0,0,0,0,0,0,0,0,0,0,0,0,0,0,0,0,0,0,0,0,0,0,0,0,0,0,0,0,0,0,0,0,0,0,0,0,0,0,0,0,0,0,0,0,0,
RegressionTest1::test0643, 0,0,1,0.5,0,0,0.5,0,0,0,0,0,0,0,0,0,1,0.5,0.5,0.5,1,0.5,1,0,0,0,0,0,1,1,1,0.5,0,0,0,0,0,0,0,1,0.5,1,0.5,0,0.5,0,0,1,0.5,0.5,0,0,1,0,0,0.5,0,0,0,0,0,0,0,0,0.5,1,0,0,0,0,0,0,0,0,0,
RegressionTest1::test0644, 0,0,0,0,0,0,0,0,0,0,0,0,0,0,0,0,0,0,0,0,0,0,0,0,0,0,0,0,0,0,0,0,0,0,0,0,0,0,0,0,0,0,0,0,0,0,0,0,0,0,0,0,0,0,0,0,0,0,0,0,0,0,0,0,0,0,0,0,0,0,0,0,0,0,0,
RegressionTest1::test0645, 1,1,1,0.5,0,0,1,0,0,0,0,0,0,0,0,0,0,0.5,0.5,0.5,1,0.5,0,1,0,0,0,0,1,1,1,0.5,0,0,0,0,0,0,0,0,0,0,0,0,0,0,0,0,0,0,0,0,1,0,0,0.5,0,0,1,0,0,0,0,0,0,0,0,0,0,0,0,0,0,0,0,
RegressionTest1::test0646, 0,0,0,0,0,0,0,0,0,0,0,0,0,0,0,0,0,0,0,0,0,0,0,0,0,0,0,0,0,0,0,0,0,0,0,0,0,0,0,0,0,0,0,0,0,0,0,0,0,0,0,0,0,0,0,0,0,0,0,0,0,0,0,0,0,0,0,0,0,0,0,0,0,0,0,
RegressionTest1::test0647, 1,0.5,1,0.5,0,0,1,0.5,0.5,0.5,0.5,0.5,1,0.5,1,0.5,0,0.5,0.5,0.5,1,0.5,0,0,0,0,0,0,0,1,1,0.5,0,0,0,0,0,0,0,1,0.5,1,0.5,0,0.5,0,0,0,0,0,0,0,1,0,0,0.5,0,0,1,0,0,0,0,0,0,0,0,0,0,0,0,0,0,0,0,
RegressionTest1::test0648, 0,0,0,0,0,0,0,0,0,0,0,0,0,0,0,0,0,0,0,0,0,0,0,0,0,0,0,0,0,0,0,0,0,0,0,0,0,0,0,0,0,0,0,0,0,0,0,0,0,0,0,0,0,0,0,0,0,0,0,0,0,0,0,0,0,0,0,0,0,0,0,0,0,0,0,
RegressionTest1::test0649, 0,0,0,0,0,0,0,0,0,0,0,0,0,0,0,0,0,0,0,0,0,0,0,0,0,0,0,0,0,0,0,0,0,0,0,0,0,0,0,0,0,0,0,0,0,0,0,0,0,0,0,0,0,0,0,0,0,0,0,0,0,0,0,0,0,0,0,0,0,0,0,0,0,0,0,
RegressionTest1::test0650, 0,0,1,0.5,0,0,0.5,0,0,0,0,0,0,0,0,0,0,0.5,0.5,0.5,1,0.5,0,0,0,0,0,0,1,0,0,0,0,0,0,0,0,0,0,0,0,0,0,0,0,0,0,0,0,0,0,0,1,0,0,0.5,0,0,0,0,0,0,0,0,0,0,0,0,0,0,0,0,0,0,0,
RegressionTest1::test0651, 0,0,0,0,0,0,0,0,0,0,0,0,0,0,0,0,0,0,0,0,0,0,0,0,0,0,0,0,0,0,0,0,0,0,0,0,0,0,0,0,0,0,0,0,0,0,0,0,0,0,0,0,0,0,0,0,0,0,0,0,0,0,0,0,0,0,0,0,0,0,0,0,0,0,0,
RegressionTest1::test0652, 1,1,1,0.5,0,0,1,0,0,0,0,0,0,0,0,0,0,0.5,0.5,0.5,1,0.5,0,1,0,0,0,0,1,1,1,0.5,0,0,0,0,0,0,0,0,0,0,0,0,0,0,0,0,0,0,0,0,1,1,1,0.5,0,0,1,0,0,0,0,0,0,0,0,0,0,0,0,0,0,0,0,
RegressionTest1::test0653, 0,0,0,0,0,0,0,0,0,0,0,0,0,0,0,0,0,0,0,0,0,0,0,0,0,0,0,0,0,0,0,0,0,0,0,0,0,0,0,0,0,0,0,0,0,0,0,0,0,0,0,0,0,0,0,0,0,0,0,0,0,0,0,0,0,0,0,0,0,0,0,0,0,0,0,
RegressionTest1::test0654, 1,0.5,1,0.5,0,0,0.5,0,0,0,0,0,0,0,0,0,1,0.5,0.5,0.5,1,0.5,1,1,0,0,0,0,1,1,1,0.5,0,0,0,0,0,0,0,0,0,0,0,0,0,1,0.5,1,0.5,0.5,0,0,1,0,0,0.5,0,0,0,0,0,0,0,0,0,0,0,0,0,0,0,0,0,0,0,
RegressionTest1::test0655, 0,0,1,0.5,0,0,0.5,0,0,0,0,0,0,0,0,0,0,0.5,0.5,0.5,1,0.5,0,0,0,0,0,0,1,1,1,0.5,0,0,0,0,0,0,0,0,0,0,0,0,0,0,0,0,0,0,0,0,0,0,0,0.5,0,0,0,1,0.5,0.5,0,0,0.5,1,0,0.5,0.5,0,0,0,0,0,0,
RegressionTest1::test0656, 0,0,0,0,0,0,0,0,0,0,0,0,0,0,0,0,0,0,0,0,0,0,0,0,0,0,0,0,0,0,0,0,0,0,0,0,0,0,0,0,0,0,0,0,0,0,0,0,0,0,0,0,0,0,0,0,0,0,0,0,0,0,0,0,0,0,0,0,0,0,0,0,0,0,0,
RegressionTest1::test0657, 0,0,0,0,0,0,0,0,0,0,0,0,0,0,0,0,0,0,0,0,0,0,0,0,0,0,0,0,0,0,0,0,0,0,0,0,0,0,0,0,0,0,0,0,0,0,0,0,0,0,0,0,0,0,0,0,0,0,0,0,0,0,0,0,0,0,0,0,0,0,0,0,0,0,0,
RegressionTest1::test0658, 0,0,0,0,0,0,0,0,0,0,0,0,0,0,0,0,0,0,0,0,0,0,0,0,0,0,0,0,0,0,0,0,0,0,0,0,0,0,0,0,0,0,0,0,0,0,0,0,0,0,0,0,0,0,0,0,0,0,0,0,0,0,0,0,0,0,0,0,0,0,0,0,0,0,0,
RegressionTest1::test0659, 0,0,1,0.5,0,0,0.5,0.5,0.5,0.5,0.5,0.5,1,0.5,0,0,0.5,0.5,0.5,0.5,1,0.5,0,0,0,0,0,0,0,1,1,0.5,0,0,0,0,0,0,0,1,0.5,1,0.5,0,0.5,0,0,0,0,0,0,0,1,0,0,0.5,0,0,0,0,0,0,0,0,0,0,0,0,0,0,0,0,0,0,0,
RegressionTest1::test0660, 0,0,0,0,0,0,0,0,0,0,0,0,0,0,0,0,0,0,0,0,0,0,0,0,0,0,0,0,0,0,0,0,0,0,0,0,0,0,0,0,0,0,0,0,0,0,0,0,0,0,0,0,0,0,0,0,0,0,0,0,0,0,0,0,0,0,0,0,0,0,0,0,0,0,0,
RegressionTest1::test0661, 0,0,1,0.5,0,0,0.5,0,0,0,0,0,0,0,0,0,1,0.5,0.5,0.5,1,0.5,0,0,0,0,0,0,1,1,1,0.5,0,0,0,0,0,0,0,0,0,0,0,0,0,1,0.5,1,0.5,0.5,0,0,1,0,0,0.5,0,0,0,0,0,0,0,0,0,0,0,0,0,0,0,0,0,0,0,
RegressionTest1::test0662, 0,0,0,0,0,0,0,0,0,0,0,0,0,0,0,0,0,0,0,0,0,0,0,0,0,0,0,0,0,0,0,0,0,0,0,0,0,0,0,0,0,0,0,0,0,0,0,0,0,0,0,0,0,0,0,0,0,0,0,0,0,0,0,0,0,0,0,0,0,0,0,0,0,0,0,
RegressionTest1::test0663, 0,0,1,0.5,0,0,0.5,0,0,0,0,0,0,0,1,0.5,0,0.5,0.5,0.5,1,0.5,0,0,0,0,0,0,1,1,1,0.5,0,0,0,0,0,0,0,0,0,0,0,0,0,1,0.5,0,0,0,0,0,1,0,0,0.5,0,0,1,1,0.5,0.5,0,0,0.5,1,0,0,0,0,0,0,0,0,0,
RegressionTest1::test0664, 0,0,1,0.5,0,0,0.5,0,0,0,0,0,0,0,0,0,0,0.5,0.5,0.5,1,0.5,1,1,0,0,0,0,1,1,1,0.5,0,0,0,0,0,0,0,1,0.5,1,0.5,0,0.5,0,0,1,0.5,0.5,0,0,1,1,1,0.5,0,0,0,0,0,0,0,0,0.5,1,0,0,0,0,0,0,0,0,0,
RegressionTest1::test0665, 0,0,0,0,0,0,0,0,0,0,0,0,0,0,0,0,0,0,0,0,0,0,0,0,0,0,0,0,0,0,0,0,0,0,0,0,0,0,0,0,0,0,0,0,0,0,0,0,0,0,0,0,0,0,0,0,0,0,0,0,0,0,0,0,0,0,0,0,0,0,0,0,0,0,0,
RegressionTest1::test0666, 0,0,0,0,0,0,0,0,0,0,0,0,0,0,0,0,0,0,0,0,0,0,0,0,0,0,0,0,0,0,0,0,0,0,0,0,0,0,0,0,0,0,0,0,0,0,0,0,0,0,0,0,0,0,0,0,0,0,0,0,0,0,0,0,0,0,0,0,0,0,0,0,0,0,0,
RegressionTest1::test0667, 0,0,1,0.5,0,0,0.5,0,0,0,0,0,0,0,0,0,0,0.5,0.5,0.5,1,0.5,0,0,0,0,0,0,0,1,1,0.5,0,0,0,0,0,0,0,1,0.5,1,0.5,0,0.5,0,0,0,0,0,0,0,1,0,0,0.5,0,0,0,0,0,0,0,0,0.5,1,0,0,0,0,0,0,0,0,0,
RegressionTest1::test0668, 0,0,1,1,0,0,1,0,0,0,0,0,0,0,0,0,0,0.5,0.5,0.5,1,1,0,0,0,0,0,0,1,1,1,0.5,0,0,1,1,0.5,0,0,0,0,0,0,0,0,0,0,0,0,0,0,0,0,0,0,1,0.5,0,1,0,0,0,0,0,0,0,0,0,0,0,0,0,0,0,0,
RegressionTest1::test0669, 0,0,0,0,0,0,0,0,0,0,0,0,0,0,0,0,0,0,0,0,0,0,0,0,0,0,0,0,0,0,0,0,0,0,0,0,0,0,0,0,0,0,0,0,0,0,0,0,0,0,0,0,0,0,0,0,0,0,0,0,0,0,0,0,0,0,0,0,0,0,0,0,0,0,0,
RegressionTest1::test0670, 1,1,0,0,0,0,1,0,0,0,0,0,0,0,0,0,0,0,0,0,0,0,0,0,0,0,0,0,0,0,0,0,0,0,0,0,0,0,0,0,0,0,0,0,0,0,0,0,0,0,0,0,0,0,0,0,0,0,0,0,0,0,0,0,0,0,0,0,0,0,0,0,0,0,0,
RegressionTest1::test0671, 0,0,0,0,0,0,0,0,0,0,0,0,0,0,0,0,0,0,0,0,0,0,0,0,0,0,0,0,0,0,0,0,0,0,0,0,0,0,0,0,0,0,0,0,0,0,0,0,0,0,0,0,0,0,0,0,0,0,0,0,0,0,0,0,0,0,0,0,0,0,0,0,0,0,0,
RegressionTest1::test0672, 0,0,1,0.5,0,0,0.5,0.5,0.5,0.5,0.5,0.5,1,0.5,1,0.5,0,0.5,0.5,0.5,1,0.5,0,0,0,0,0,0,0,1,1,0.5,0,0,0,0,0,0,0,1,0.5,1,0.5,0,0.5,0,0,0,0,0,0,0,1,0,0,0.5,0,0,1,0,0,0,0,0,0,0,0,0,0,0,0,0,0,0,0,
RegressionTest1::test0673, 1,0.5,1,0.5,0,0,0.5,0,0,0,0,0,0,0,0,0,0,0.5,0.5,0.5,1,0.5,1,0,0,0,0,0,1,1,1,0.5,0,0,1,1,0.5,0,0,0,0,0,0,0,0,1,0.5,1,0.5,0.5,0,0,1,0.5,0,0.5,0,0,0,0,0,0,0,0,0,0,0,0,0,0,0,0,0,0,0,
RegressionTest1::test0674, 0,0,0,0,0,0,0,0,0,0,0,0,0,0,0,0,0,0,0,0,0,0,0,0,0,0,0,0,0,0,0,0,0,0,0,0,0,0,0,0,0,0,0,0,0,0,0,0,0,0,0,0,0,0,0,0,0,0,0,0,0,0,0,0,0,0,0,0,0,0,0,0,0,0,0,
RegressionTest1::test0675, 0,0,1,0.5,0,0,0.5,0,0,0,0,0,0,0,0,0,0,0.5,0.5,0.5,1,0.5,0,0,0,0,0,0,0,0,0,0,0,0,0,0,0,0,0,0,0,0,0,0,0,0,0,0,0,0,0,0,0,0,0,0,0,0,0,0,0,0,0,0,0,0,0,0,0,0,0,0,0,0,0,
RegressionTest1::test0676, 0,0,0,0,0,0,0,0,0,0,0,0,0,0,0,0,0,0,0,0,0,0,0,0,0,0,0,0,0,0,0,0,0,0,0,0,0,0,0,0,0,0,0,0,0,0,0,0,0,0,0,0,0,0,0,0,0,0,0,0,0,0,0,0,0,0,0,0,0,0,0,0,0,0,0,
RegressionTest1::test0677, 0,0,1,0.5,0,0,0.5,0,0,0,0,0,0,0,0,0,0,0.5,0.5,0.5,1,0.5,0,0,0,0,0,0,1,1,1,0.5,0,0,0,0,0,0,0,0,0,0,0,0,0,0,0,1,0.5,0.5,0,0,0,0,0,0.5,0,0,0,1,0.5,0.5,0,0,0.5,1,0,0.5,0.5,0,0,0,0,0,0,
RegressionTest1::test0678, 0,0,0,0,0,0,0,0,0,0,0,0,0,0,0,0,0,0,0,0,0,0,0,0,0,0,0,0,0,0,0,0,0,0,0,0,0,0,0,0,0,0,0,0,0,0,0,0,0,0,0,0,0,0,0,0,0,0,0,0,0,0,0,0,0,0,0,0,0,0,0,0,0,0,0,
RegressionTest1::test0679, 0,0,1,0.5,0,0,0.5,0,0,0,0,0,0,0,0,0,0,0.5,0.5,0.5,1,0.5,1,1,0,0,0,0,1,1,1,0.5,0,0,1,1,0.5,0,0,0,0,0,0,0,0,1,0.5,1,0.5,0.5,0,0,1,0,0,0.5,0,0,0,0,0,0,0,0,0,0,0,0,0,0,0,0,0,0,0,
RegressionTest1::test0680, 0,0,1,0.5,0,0,0.5,0,0,0,0,0,0,0,0,0,0,0.5,0.5,0.5,1,0.5,0,1,0,0,0,0,1,1,1,0.5,0,0,0,0,0,0,0,0,0,0,0,0,0,0,0,0,0,0,0,0,1,0,0,0.5,0,0,0,0,0,0,0,0,0.5,1,0,0,0,0,0,0,0,0,0,
RegressionTest1::test0681, 0,0,1,0.5,0,0,0.5,0,0,0,0,0,0,0,0,0,0,0.5,0.5,0.5,1,0.5,0,0,0,0,0,0,0,1,1,0.5,0,0,0,0,0,0,0,0,0,0,0,0,0,0,0,0,0,0,0,0,0,0,0,0.5,0,0,0,0,0,0,0,0,0.5,1,0,0,0,0,0,0,0,0,0,
RegressionTest1::test0682, 0,0,0,0,0,0,0,0,0,0,0,0,0,0,0,0,0,0,0,0,0,0,0,0,0,0,0,0,0,0,0,0,0,0,0,0,0,0,0,0,0,0,0,0,0,0,0,0,0,0,0,0,0,0,0,0,0,0,0,0,0,0,0,0,0,0,0,0,0,0,0,0,0,0,0,
RegressionTest1::test0683, 0,0,1,0.5,0,0,0.5,0.5,0.5,0.5,0.5,0.5,1,0.5,0,0,0,0.5,0.5,0.5,1,1,1,0,0,0,0,0,1,1,1,0.5,0,0,0,0,0,0,0,1,0.5,1,0.5,0,0.5,0,0,1,0.5,0.5,1,0.5,1,0,0,0.5,0,0,0,0,0,0,0,0,0,0,0,0.5,0.5,0,0,0,0,0,0,
RegressionTest1::test0684, 0,0,0,0,0,0,0,0,0,0,0,0,0,0,0,0,0,0,0,0,0,0,0,0,0,0,0,0,0,0,0,0,0,0,0,0,0,0,0,0,0,0,0,0,0,0,0,0,0,0,0,0,0,0,0,0,0,0,0,0,0,0,0,0,0,0,0,0,0,0,0,0,0,0,0,
RegressionTest1::test0685, 0,0,1,0.5,0,0,1,0.5,0.5,0.5,0.5,0.5,1,0.5,0,0,0.5,0.5,0.5,0.5,1,0.5,0,0,0,0,0,0,0,1,1,0.5,0,0,0,0,0,0,0,1,0.5,1,0.5,0,0.5,0,0,0.5,0,0,0,0,1,0,0,1,0.5,0,0,0,0,0,0,0,0,0,0,0,0,0,0,0,0,0,0,
RegressionTest1::test0686, 0,0,0,0,0,0,0,0,0,0,0,0,0,0,0,0,0,0,0,0,0,0,0,0,0,0,0,0,0,0,0,0,0,0,0,0,0,0,0,0,0,0,0,0,0,0,0,0,0,0,0,0,0,0,0,0,0,0,0,0,0,0,0,0,0,0,0,0,0,0,0,0,0,0,0,
RegressionTest1::test0687, 0,0,1,0.5,0,0,0.5,0,0,0,0,0,0,0,0,0,0,0.5,0.5,0.5,1,0.5,1,1,0,0,0,0,1,1,1,0.5,0,0,0,0,0,0,0,0,0,0,0,0,0,0,0,1,0.5,0.5,0,0,1,0,0,0.5,0,0,0,1,0.5,0.5,0,0,0.5,1,0,0,0,0,0,0,0,0,0,
RegressionTest1::test0688, 0,0,0,0,0,0,0,0,0,0,0,0,0,0,0,0,0,0,0,0,0,0,0,0,0,0,0,0,0,0,0,0,0,0,0,0,0,0,0,0,0,0,0,0,0,0,0,0,0,0,0,0,0,0,0,0,0,0,0,0,0,0,0,0,0,0,0,0,0,0,0,0,0,0,0,
RegressionTest1::test0689, 0,0,1,0.5,0,0,0.5,0,0,0,0,0,0,0,0,0,0,0.5,0.5,0.5,1,0.5,0,0,0,0,0,0,1,1,1,0.5,0,0,1,1,0.5,0,0,0,0,0,0,0,0,0,0,0,0,0,0,0,0,0,0,0,0,0,0,0,0,0,0,0,0,0,0,0,0,0,0,0,0,0,0,
RegressionTest1::test0690, 0,0,1,0.5,0,0,0.5,0,0,0,0,0,0,0,0,0,0,0.5,0.5,0.5,1,0.5,0,0,0,0,0,0,0,0,0,0,0,0,0,0,0,0,0,0,0,0,0,0,0,0,0,0,0,0,0,0,0,0,0,0.5,0,0,0,0,0,0,0,0,0,0,0,0,0,0,0,0,0,0,0,
RegressionTest1::test0691, 0,0,1,0.5,0,0,0.5,0,0,0,0,0,0,0,0,0,0,0.5,0.5,0.5,1,0.5,0,0,0,0,0,0,1,1,1,0.5,0,0,1,1,0.5,0,0,0,0,0,0,0,0,0,0,0,0,0,0,0,0,1,1,0.5,0,0,1,0,0,0,0,0,0.5,1,0,0,0,0,0,0,0,0,0,
RegressionTest1::test0692, 0,0,0,0,0,0,0,0,0,0,0,0,0,0,0,0,0,0,0,0,0,0,0,0,0,0,0,0,0,0,0,0,0,0,0,0,0,0,0,0,0,0,0,0,0,0,0,0,0,0,0,0,0,0,0,0,0,0,0,0,0,0,0,0,0,0,0,0,0,0,0,0,0,0,0,
RegressionTest1::test0693, 0,0,1,0.5,0,0,0.5,0,0,0,0,0,0,0,0,0,0,0.5,0.5,0.5,1,0.5,0,1,0,0,0,0,1,1,1,0.5,0,0,1,1,0.5,0.5,0,1,0.5,1,0.5,0,0.5,0,0,0,0,0,0,0,1,0,0,0.5,0,0,0,0,0,0,1,0.5,0,0,0,0,0,0,0,0,0,0,0,
RegressionTest1::test0694, 0,0,0,0,0,0,0,0,0,0,0,0,0,0,0,0,0,0,0,0,0,0,0,0,0,0,0,0,0,0,0,0,0,0,0,0,0,0,0,0,0,0,0,0,0,0,0,0,0,0,0,0,0,0,0,0,0,0,0,0,0,0,0,0,0,0,0,0,0,0,0,0,0,0,0,
RegressionTest1::test0695, 0,0,1,0.5,0,0,0.5,0.5,0.5,0.5,0.5,0.5,1,0.5,0,0,0.5,0.5,0.5,0.5,1,0.5,0,0,0,0,0,0,0,1,1,0.5,0,0,0,0,0,0,0,1,0.5,1,0.5,0,0.5,0,0,0,0,0,0,0,1,0,0,0.5,0,0,0,0,0,0,0,0,0,0,0,0,0,0,0,0,0,0,0,
RegressionTest1::test0696, 0,0,0,0,0,0,0,0,0,0,0,0,0,0,0,0,0,0,0,0,0,0,0,0,0,0,0,0,0,0,0,0,0,0,0,0,0,0,0,0,0,0,0,0,0,0,0,0,0,0,0,0,0,0,0,0,0,0,0,0,0,0,0,0,0,0,0,0,0,0,0,0,0,0,0,
RegressionTest1::test0697, 0,0,1,1,0,0,1,0,0,0,0,0,0,0,0,0,0,0,0,0,0,0,0,0,0,0,0,0,0,0,0,0,0,0,0,0,0,0,0,0,0,0,0,0,0,0,0,0,0,0,0,0,0,0,0,0,0,0,0,0,0,0,0,0,0,0,0,0,0,0,0,0,0,0,0,
RegressionTest1::test0698, 1,1,1,0.5,0,0,1,0,0,0,0,0,0,0,0,0,0,1,1,1,1,0.5,0,0,0,0,0,0,1,1,1,0.5,0,0,1,1,0.5,0.5,0,0,0,0,0,0,0,1,0.5,0,0,0,0,0,1,0,0,0.5,0,0,0,0,0,0,0,0,0,0,0,0,0,0,0,0,0,0,0,
RegressionTest1::test0699, 1,1,1,0.5,0,0,1,0,0,0,0,0,0,0,0,0,0,0.5,0.5,0.5,1,0.5,0,0,0,0,0,0,1,1,1,0.5,0,0,0,0,0,0,0,0,0,0,0,0,0,0,0,0,0,0,0,0,1,0,0,0.5,0,0,1,0,0,0,0,0,0,0,0,0,0,0,0,0,0,0,0,
RegressionTest1::test0700, 0,0,1,1,0,0,1,0,0,0,0,0,0,0,0,0,0,0,0,0,0,0,0,0,0,0,0,0,0,0,0,0,0,0,0,0,0,0,0,0,0,0,0,0,0,0,0,0,0,0,0,0,0,0,0,0,0,0,0,0,0,0,0,0,0,0,0,0,0,0,0,0,0,0,0,
RegressionTest1::test0701, 0,0,0,0,0,0,0,0,0,0,0,0,0,0,0,0,0,0,0,0,0,0,0,0,0,0,0,0,0,0,0,0,0,0,0,0,0,0,0,0,0,0,0,0,0,0,0,0,0,0,0,0,0,0,0,0,0,0,0,0,0,0,0,0,0,0,0,0,0,0,0,0,0,0,0,
RegressionTest1::test0702, 0,0,1,0.5,0,0,0.5,0,0,0,0,0,0,0,0,0,0,0.5,0.5,0.5,1,0.5,0,0,0,0,0,0,0,0,0,0,0,0,0,0,0,0,0,0,0,0,0,0,0,0,0,0,0,0,0,0,0,0,0,0,0,0,0,0,0,0,0,0,0,0,0,0,0,0,0,0,0,0,0,
RegressionTest1::test0703, 1,1,1,0.5,0,0,1,0.5,0.5,0.5,0.5,0.5,1,0.5,1,0.5,0,0.5,0.5,0.5,1,0.5,0,0,0,1,0,0,1,1,1,0.5,0,0,0,0,0,0,0,1,0.5,1,0.5,0,0.5,0,0,0,0,0,0,0,1,0,0,0.5,0,0,1,0,0,0,0,0,0,0,0,0,0,0,0,0,0,0,0,
RegressionTest1::test0704, 0,0,0,0,0,0,0,0,0,0,0,0,0,0,0,0,0,0,0,0,0,0,0,0,0,0,0,0,0,0,0,0,0,0,0,0,0,0,0,0,0,0,0,0,0,0,0,0,0,0,0,0,0,0,0,0,0,0,0,0,0,0,0,0,0,0,0,0,0,0,0,0,0,0,0,
RegressionTest1::test0705, 0,0,1,0.5,0,0,0.5,0,0,0,0,0,0,0,0,0,0,0.5,0.5,0.5,1,0.5,0,0,0,0,0,0,1,1,1,0.5,0,0,0,0,0,0,0,1,0.5,1,0.5,0,0.5,0,0,0,0,0,0,0,1,0,0,0.5,0,0,0,0,0,0,0,0,0.5,1,0,0,0,0,0,0,0,0,0,
RegressionTest1::test0706, 0,0,0,0,0,0,0,0,0,0,0,0,0,0,0,0,0,0,0,0,0,0,0,0,0,0,0,0,0,0,0,0,0,0,0,0,0,0,0,0,0,0,0,0,0,0,0,0,0,0,0,0,0,0,0,0,0,0,0,0,0,0,0,0,0,0,0,0,0,0,0,0,0,0,0,
RegressionTest1::test0707, 0,0,0,0,0,0,0,0,0,0,0,0,0,0,0,0,0,0,0,0,0,0,0,0,0,0,0,0,0,0,0,0,0,0,0,0,0,0,0,0,0,0,0,0,0,0,0,0,0,0,0,0,0,0,0,0,0,0,0,0,0,0,0,0,0,0,0,0,0,0,0,0,0,0,0,
RegressionTest1::test0708, 0,0,1,0.5,0,0,0.5,0.5,0.5,0.5,0.5,0.5,1,0.5,1,0.5,0,0.5,0.5,0.5,1,0.5,1,0,0,0,0,0,0,1,1,0.5,0,0,0,0,0,0,0,1,0.5,1,0.5,0,0.5,0,0,1,0.5,0.5,0,0,1,0,0,0.5,0,0,1,0,0,0,0,0,0,0,0,0,0,0,0,0,0,0,0,
RegressionTest1::test0709, 1,1,1,0.5,0,0,1,0,0,0,0,0,0,0,0,0,0,0.5,0.5,0.5,1,0.5,1,0,0,0,0,0,0,1,1,0.5,0,0,0,0,0,0,0,1,0.5,1,0.5,0,0.5,0,0,1,0.5,0.5,1,0.5,1,0,0,0.5,0,0,0,0,0,0,0,0,0,0,0,0,0,0,0,0,0,0,0,
RegressionTest1::test0710, 0,0,1,0.5,0,0,0.5,0,0,0,0,0,0,0,0,0,0,0.5,0.5,0.5,1,0.5,1,0,0,0,0,0,0,1,1,0.5,0,0,0,0,0,0,0,1,0.5,1,0.5,0,0.5,0,0,1,0.5,0.5,0,0,1,0,0,0.5,0,0,1,1,0.5,0.5,0,0,0,0,0,0,0,0,0,0,0,0,0,
RegressionTest1::test0711, 0,0,1,0.5,0,0,0.5,0.5,0.5,0.5,0.5,0.5,1,0.5,0,0,0.5,0.5,0.5,0.5,1,0.5,0,0,0,0,0,0,0,1,1,0.5,0,0,0,0,0,0,0,1,0.5,1,0.5,0,0.5,0,0,0,0,0,0,0,1,0,0,0.5,0,0,0,0,0,0,0,0,0,0,0,0,0,0,0,0,0,0,0,
RegressionTest1::test0712, 0,0,1,0.5,0,0,0.5,0.5,0.5,0.5,0.5,0.5,1,0.5,0,0,0,0.5,0.5,0.5,1,0.5,0,0,0,0,0,0,1,1,1,0.5,0,0,0,0,0,0,0,1,0.5,1,0.5,0,0.5,0,0,0,0,0,0,0,1,0,0,0.5,0,0,0,0,0,0,0,0,0,0,0,0,0,0,0,0,0,0,0,
RegressionTest1::test0713, 0,0,1,0.5,0,0,0.5,0.5,0.5,0.5,0.5,0.5,1,0.5,0,0,0,0.5,0.5,0.5,1,0.5,0,0,0,0,0,0,0,1,1,0.5,0,0,0,0,0,0,0,1,0.5,1,0.5,0,0.5,0,0,0,0,0,0,0,1,0,0,0.5,0,0,0,0,0,0,0,0,0,0,0,0,0,0,0,0,0,0,0,
RegressionTest1::test0714, 0,0,1,0.5,0,0,0.5,0,0,0,0,0,0,0,0,0,0,0.5,0.5,0.5,1,0.5,0,0,0,0,0,0,0,1,1,0.5,0,0,0,0,0,0,0,0,0,0,0,0,0,0,0,0,0,0,0,0,1,0,0,0.5,0,0,1,0,0,0,0,0,0,0,0,0,0,0,0,0,0,0,0,
RegressionTest1::test0715, 0,0,0,0,0,0,0,0,0,0,0,0,0,0,0,0,0,0,0,0,0,0,0,0,0,0,0,0,0,0,0,0,0,0,0,0,0,0,0,0,0,0,0,0,0,0,0,0,0,0,0,0,0,0,0,0,0,0,0,0,0,0,0,0,0,0,0,0,0,0,0,0,0,0,0,
RegressionTest1::test0716, 0,0,1,0.5,0,0,0.5,0,0,0,0,0,0,0,0,0,0,0,0,0,0,0,0,0,0,0,0,0,0,0,0,0,0,0,0,0,0,0,0,0,0,0,0,0,0,0,0,0,0,0,0,0,0,0,0,0,0,0,0,0,0,0,0,0,0,0,0,0,0,0,0,0,0,0,0,
RegressionTest1::test0717, 0,0,0,0,0,0,0,0,0,0,0,0,0,0,0,0,0,0,0,0,0,0,0,0,0,0,0,0,0,0,0,0,0,0,0,0,0,0,0,0,0,0,0,0,0,0,0,0,0,0,0,0,0,0,0,0,0,0,0,0,0,0,0,0,0,0,0,0,0,0,0,0,0,0,0,
RegressionTest1::test0718, 0,0,1,0.5,0,0,0.5,0,0,0,0,0,0,0,0,0,0,0.5,0.5,0.5,1,0.5,1,1,0,0,0,0,1,1,1,0.5,0,0,1,1,0.5,0,0,0,0,0,0,0,0,1,0.5,1,0.5,0.5,0,0,1,0,0,0.5,0,0,0,0,0,0,0,0,0,0,0,0,0,0,0,0,0,0,0,
RegressionTest1::test0719, 0,0,1,1,0,0,1,0,0,0,0,0,0,0,0,0,0,0,0,0,0,0,0,0,0,0,0,0,0,0,0,0,0,0,0,0,0,0,0,0,0,0,0,0,0,0,0,0,0,0,0,0,0,0,0,0,0,0,0,0,0,0,0,0,0,0,0,0,0,0,0,0,0,0,0,
RegressionTest1::test0720, 0,0,1,0.5,0,0,0.5,0,0,0,0,0,0,0,0,0,0,0.5,0.5,0.5,1,0.5,0,0,0,0,0,0,0,1,1,0.5,0,0,0,0,0,0,0,0,0,0,0,0,0,0,0,0,0,0,0,0,1,0,0,0.5,0,0,0,0,0,0,0,0,0,0,0,0,0,0,0,0,0,0,0,
RegressionTest1::test0721, 0,0,0,0,0,0,0,0,0,0,0,0,0,0,0,0,0,0,0,0,0,0,0,0,0,0,0,0,0,0,0,0,0,0,0,0,0,0,0,0,0,0,0,0,0,0,0,0,0,0,0,0,0,0,0,0,0,0,0,0,0,0,0,0,0,0,0,0,0,0,0,0,0,0,0,
RegressionTest1::test0722, 0,0,1,0.5,0,0,0.5,0,0,0,0,0,0,0,0,0,0,0,0,0,0,0,0,0,0,0,0,0,0,0,0,0,0,0,0,0,0,0,0,0,0,0,0,0,0,0,0,0,0,0,0,0,0,0,0,0,0,0,0,0,0,0,0,0,0,0,0,0,0,0,0,0,0,0,0,
RegressionTest1::test0723, 0,0,1,0.5,0,0,0.5,0,0,0,0,0,0,0,0,0,0,0.5,0.5,0.5,1,0.5,0,0,0,0,0,0,1,1,1,0.5,0,0,0,0,0,0,0,1,0.5,1,0.5,0,0.5,0,0,0,0,0,0,0,1,0,0,0.5,0,0,0,0,0,0,0,0,0,0,0,0,0,0,0,0,0,0,0,
RegressionTest1::test0724, 0,0,1,0.5,0,0,0.5,0.5,0.5,0.5,0.5,0.5,1,0.5,1,0.5,0,0.5,0.5,0.5,1,0.5,0,0,0,0,0,0,0,1,1,0.5,0,0,0,0,0,0,0,1,0.5,1,0.5,0,0.5,0,0,0,0,0,0,0,1,0,0,0.5,0,0,1,0,0,0,0,0,0.5,1,0,0.5,0.5,0.5,0.5,1,0.5,1,0.5,
RegressionTest1::test0725, 0,0,1,0.5,0,0,0.5,0,0,0,0,0,0,0,0,0,0,0.5,0.5,0.5,1,0.5,0,0,0,0,0,0,0,0,0,0,0,0,0,0,0,0,0,0,0,0,0,0,0,0,0,0,0,0,0,0,0,0,0,0,0,0,0,0,0,0,0,0,0,0,0,0,0,0,0,0,0,0,0,
RegressionTest1::test0726, 0,0,0,0,0,0,0,0,0,0,0,0,0,0,0,0,0,0,0,0,0,0,0,0,0,0,0,0,0,0,0,0,0,0,0,0,0,0,0,0,0,0,0,0,0,0,0,0,0,0,0,0,0,0,0,0,0,0,0,0,0,0,0,0,0,0,0,0,0,0,0,0,0,0,0,
RegressionTest1::test0727, 0,0,1,0.5,0,0,0.5,0,0,0,0,0,0,0,0,0,0,0.5,0.5,0.5,1,0.5,1,0,0,0,0,0,0,1,1,0.5,0,0,0,0,0,0,0,1,0.5,1,0.5,0,0.5,0,0,1,0.5,0.5,0,0,1,0,0,0.5,0,0,1,1,0.5,0.5,0,0,0.5,1,0,0,0,0,0,0,0,0,0,
RegressionTest1::test0728, 0,0,0,0,0,0,0,0,0,0,0,0,0,0,0,0,0,0,0,0,0,0,0,0,0,0,0,0,0,0,0,0,0,0,0,0,0,0,0,0,0,0,0,0,0,0,0,0,0,0,0,0,0,0,0,0,0,0,0,0,0,0,0,0,0,0,0,0,0,0,0,0,0,0,0,
RegressionTest1::test0729, 0,0,1,1,0,0,1,0,0,0,0,0,0,0,0,0,0,0.5,0.5,0.5,1,0.5,0,0,0,0,0,0,0,1,1,0.5,0,0,0,0,0,0,0,1,0.5,1,0.5,0,0.5,0,0,0,0,0,0,0,1,0,0,0.5,0,0,0,0,0,0,0,0,0.5,1,0,0,0,0,0,0,0,0,0,
RegressionTest1::test0730, 0,0,1,0.5,0,0,0.5,0.5,0.5,0.5,0.5,0.5,1,0.5,0,0,0,0.5,0.5,0.5,1,0.5,1,0,0,0,0,0,0,1,1,0.5,0,0,0,0,0,0,0,1,0.5,1,0.5,0,0.5,0,0,1,0.5,0.5,0,0,1,0,0,0.5,0,0,0,0,0,0,0,0,0,0,0,0.5,0.5,0,0,0,0,0,0,
RegressionTest1::test0731, 0,0,0,0,0,0,0,0,0,0,0,0,0,0,0,0,0,0,0,0,0,0,0,0,0,0,0,0,0,0,0,0,0,0,0,0,0,0,0,0,0,0,0,0,0,0,0,0,0,0,0,0,0,0,0,0,0,0,0,0,0,0,0,0,0,0,0,0,0,0,0,0,0,0,0,
RegressionTest1::test0732, 0,0,1,0.5,0,0,0.5,0,0,0,0,0,0,0,0,0,0,0.5,0.5,0.5,1,0.5,1,1,0,0,0,0,1,1,1,0.5,0,0,0,0,0,0,0,0,0,0,0,0,0,1,0.5,1,0.5,0.5,0,0,1,0,0,0.5,0,0,0,0,0,0,0,0,0,0,0,0,0,0,0,0,0,0,0,
RegressionTest1::test0733, 1,0.5,1,0.5,0,0,1,0,0,0,0,0,0,0,0,0,0,0.5,0.5,0.5,1,0.5,0,0,0,0,0,0,1,1,1,0.5,0,0,0,0,0,0,0,0,0,0,0,0,0,0,0,0,0,0,0,0,1,0,0,0.5,0,0,0,0,0,0,0,0,0,0,0,0,0,0,0,0,0,0,0,
RegressionTest1::test0734, 0,0,1,0.5,0,0,1,0.5,0.5,0.5,0.5,0.5,1,0.5,0,0,0,0.5,0.5,0.5,1,1,0,0,0,0,0,0,1,1,1,0.5,0,0,1,1,0.5,0.5,0,1,0.5,1,0.5,0,0.5,0,0,0,0,0,1,0.5,1,0,0,1,0.5,0,1,0,0,0,0,0,0,0,0,0.5,0.5,0,0,0,0,0,0,
RegressionTest1::test0735, 0,0,1,0.5,0,0,0.5,0.5,0.5,0.5,0.5,0.5,0.5,0,0,0,0,0.5,0.5,0.5,1,0.5,1,0,0,0,0,0,0,1,1,0.5,0,0,0,0,0,0,0,1,0.5,1,0.5,0,0.5,0,0,1,0.5,0.5,0,0,1,0,0,0.5,0,0,1,1,0.5,0.5,0,0,0.5,1,0,0,0,0,0,0,0,0,0,
RegressionTest1::test0736, 0,0,0,0,0,0,0,0,0,0,0,0,0,0,0,0,0,0,0,0,0,0,0,0,0,0,0,0,0,0,0,0,0,0,0,0,0,0,0,0,0,0,0,0,0,0,0,0,0,0,0,0,0,0,0,0,0,0,0,0,0,0,0,0,0,0,0,0,0,0,0,0,0,0,0,
RegressionTest1::test0737, 0,0,1,0.5,0,0,0.5,0,0,0,0,0,0,0,0,0,0,0.5,0.5,0.5,1,0.5,0,0,0,0,0,0,0,0,0,0,0,0,0,0,0,0,0,0,0,0,0,0,0,0,0,0,0,0,0,0,0,0,0,0.5,0,0,1,0,0,0,0,0,0.5,1,0,0,0,0,0,0,0,0,0,
RegressionTest1::test0738, 0,0,0,0,0,0,0,0,0,0,0,0,0,0,0,0,0,0,0,0,0,0,0,0,0,0,0,0,0,0,0,0,0,0,0,0,0,0,0,0,0,0,0,0,0,0,0,0,0,0,0,0,0,0,0,0,0,0,0,0,0,0,0,0,0,0,0,0,0,0,0,0,0,0,0,
RegressionTest1::test0739, 0,0,0,0,0,0,0,0,0,0,0,0,0,0,0,0,0,0,0,0,0,0,0,0,0,0,0,0,0,0,0,0,0,0,0,0,0,0,0,0,0,0,0,0,0,0,0,0,0,0,0,0,0,0,0,0,0,0,0,0,0,0,0,0,0,0,0,0,0,0,0,0,0,0,0,
RegressionTest1::test0740, 0,0,1,0.5,0,0,0.5,0.5,0.5,0.5,0.5,0.5,1,0.5,0,0,0,0.5,0.5,0.5,1,0.5,0,0,0,0,0,0,0,1,1,0.5,0,0,0,0,0,0,0,1,0.5,1,0.5,0,0.5,0,0,0,0,0,0,0,1,0,0,0.5,0,0,0,0,0,0,0,0,0,0,0,0,0,0,0,0,0,0,0,
RegressionTest1::test0741, 0,0,0,0,0,0,0,0,0,0,0,0,0,0,0,0,0,0,0,0,0,0,0,0,0,0,0,0,0,0,0,0,0,0,0,0,0,0,0,0,0,0,0,0,0,0,0,0,0,0,0,0,0,0,0,0,0,0,0,0,0,0,0,0,0,0,0,0,0,0,0,0,0,0,0,
RegressionTest1::test0742, 0,0,1,0.5,0,0,0.5,0.5,0.5,0.5,0.5,0.5,1,0.5,0,0,0,0.5,0.5,0.5,1,0.5,0,0,0,0,0,0,0,1,1,0.5,0,0,0,0,0,0,0,1,0.5,1,0.5,0,0.5,0,0,0,0,0,0,0,1,0,0,0.5,0,0,0,0,0,0,0,0,0,0,0,0,0,0,0,0,0,0,0,
RegressionTest1::test0743, 0,0,0,0,0,0,0,0,0,0,0,0,0,0,0,0,0,0,0,0,0,0,0,0,0,0,0,0,0,0,0,0,0,0,0,0,0,0,0,0,0,0,0,0,0,0,0,0,0,0,0,0,0,0,0,0,0,0,0,0,0,0,0,0,0,0,0,0,0,0,0,0,0,0,0,
RegressionTest1::test0744, 0,0,1,1,0,0,1,0,0,0,0,0,0,0,0,0,0,0,0,0,0,0,0,0,0,0,0,0,0,0,0,0,0,0,0,0,0,0,0,0,0,0,0,0,0,0,0,0,0,0,0,0,0,0,0,0,0,0,0,0,0,0,0,0,0,0,0,0,0,0,0,0,0,0,0,
RegressionTest1::test0745, 0,0,1,0.5,0,0,0.5,0,0,0,0,0,0,0,0,0,0,0.5,0.5,0.5,1,0.5,0,0,0,0,0,0,1,0,0,0,0,0,0,0,0,0,0,0,0,0,0,0,0,0,0,0,0,0,0,0,1,0,0,0.5,0,0,0,0,0,0,0,0,0,0,0,0,0,0,0,0,0,0,0,
RegressionTest1::test0746, 0,0,1,0.5,0,0,0.5,0.5,0.5,0.5,0.5,0.5,1,0.5,1,0.5,0,0.5,0.5,0.5,1,0.5,0,0,0,0,0,0,0,1,1,0.5,0,0,0,0,0,0,0,1,0.5,1,0.5,0,0.5,0,0,0,0,0,0,0,1,0,0,0.5,0,0,1,0,0,0,0,0,0,0,0,0,0,0,0,0,0,0,0,
RegressionTest1::test0747, 0,0,0,0,0,0,0,0,0,0,0,0,0,0,0,0,0,0,0,0,0,0,0,0,0,0,0,0,0,0,0,0,0,0,0,0,0,0,0,0,0,0,0,0,0,0,0,0,0,0,0,0,0,0,0,0,0,0,0,0,0,0,0,0,0,0,0,0,0,0,0,0,0,0,0,
RegressionTest1::test0748, 0,0,1,0.5,0,0,0.5,0,0,0,0,0,0,0,0,0,0,0.5,0.5,0.5,1,0.5,1,0,0,0,0,0,0,0,0,0,0,0,0,0,0,0,0,0,0,0,0,0,0,0,0,1,0.5,0.5,0,0,1,0,0,0.5,0,0,0,0,0,0,0,0,0,0,0,0.5,0.5,0,0,0,0,0,0,
RegressionTest1::test0749, 1,0.5,1,0.5,0,0,1,0,0,0,0,0,0,0,0,0,0,0.5,0.5,0.5,1,0.5,0,0,0,0,0,0,1,1,1,0.5,0,0,0,0,0,0,0,0,0,0,0,0,0,0,0,0,0,0,0,0,1,0,0,0.5,0,0,0,0,0,0,0,0,0,0,0,0,0,0,0,0,0,0,0,
RegressionTest1::test0750, 0,0,1,0.5,0,0,0.5,0.5,0.5,0.5,0.5,0.5,1,0.5,1,0.5,0,0.5,0.5,0.5,1,0.5,0,0,0,0,0,0,0,1,1,0.5,0,0,0,0,0,0,0,1,0.5,1,0.5,0,0.5,0,0,0,0,0,0,0,1,0,0,0.5,0,0,1,0,0,0,0,0,0,0,0,0,0,0,0,0,0,0,0,
RegressionTest1::test0751, 0,0,1,0.5,0,0,0.5,0,0,0,0,0,0,0,0,0,0,0,0,0,0,0,0,0,0,0,0,0,0,0,0,0,0,0,0,0,0,0,0,0,0,0,0,0,0,0,0,0,0,0,0,0,0,0,0,0,0,0,0,0,0,0,0,0,0,0,0,0,0,0,0,0,0,0,0,
RegressionTest1::test0752, 0,0,0,0,0,0,0,0,0,0,0,0,0,0,0,0,0,0,0,0,0,0,0,0,0,0,0,0,0,0,0,0,0,0,0,0,0,0,0,0,0,0,0,0,0,0,0,0,0,0,0,0,0,0,0,0,0,0,0,0,0,0,0,0,0,0,0,0,0,0,0,0,0,0,0,
RegressionTest1::test0753, 0,0,1,0.5,0,0,0.5,0,0,0,0,0,0,0,0,0,0,0.5,0.5,0.5,1,0.5,1,0,0,0,0,0,0,1,1,0.5,0,0,0,0,0,0,0,1,0.5,1,0.5,0,0.5,0,0,1,0.5,0.5,0,0,1,0,0,0.5,0,0,1,1,0.5,0.5,0,0,0.5,1,0,0,0,0,0,0,0,0,0,
RegressionTest1::test0754, 0,0,1,0.5,0,0,0.5,0.5,0.5,0.5,0.5,0.5,1,0.5,1,0.5,0,0.5,0.5,0.5,1,0.5,0,0,0,1,0,0,1,1,1,0.5,0,0,0,0,0,0,0,1,0.5,1,0.5,0,0.5,0,0,0,0,0,0,0,1,0,0,0.5,0,0,1,0,0,0,0,0,0,0,0,0,0,0,0,0,0,0,0,
RegressionTest1::test0755, 0,0,1,0.5,0,0,0.5,0,0,0,0,0,0,0,0,0,0,0.5,0.5,0.5,1,0.5,0,0,0,0,0,0,1,1,1,0.5,0,0,1,1,0.5,0,0,0,0,0,0,0,0,1,0.5,0,0,0,0,0,1,0,0,0.5,0,0,0,0,0,0,0,0,0,0,0,0,0,0,0,0,0,0,0,
RegressionTest1::test0756, 0,0,1,0.5,0,0,0.5,0,0,0,0,0,0,0,0,0,0,0.5,0.5,0.5,1,0.5,0,0,0,0,0,0,0,1,1,0.5,0,0,0,0,0,0,0,1,0.5,1,0.5,0,0.5,0,0,0,0,0,0,0,1,0,0,0.5,0,0,0,0,0,0,0,0,0.5,1,0,0,0,0,0,0,0,0,0,
RegressionTest1::test0757, 0,0,0,0,0,0,0,0,0,0,0,0,0,0,0,0,0,0,0,0,0,0,0,0,0,0,0,0,0,0,0,0,0,0,0,0,0,0,0,0,0,0,0,0,0,0,0,0,0,0,0,0,0,0,0,0,0,0,0,0,0,0,0,0,0,0,0,0,0,0,0,0,0,0,0,
RegressionTest1::test0758, 1,1,1,0.5,0,0,1,0.5,0.5,0.5,0.5,0.5,1,0.5,0,0,0,0.5,0.5,0.5,1,0.5,0,0,0,0,0,0,1,1,1,0.5,0,0,0,0,0,0,0,1,0.5,1,0.5,0,0.5,1,0.5,0,0,0,0,0,1,0,0,0.5,0,0,1,0,0,0,0,0,0,0,0,0,0,0,0,0,0,0,0,
RegressionTest1::test0759, 0,0,1,0.5,0,0,0.5,0,0,0,0,0,0,0,0,0,0,0.5,0.5,0.5,1,0.5,1,0,0,0,0,0,0,1,1,0.5,0,0,0,0,0,0,0,1,0.5,1,0.5,0,0.5,0,0,1,0.5,0.5,0,0,1,0,0,0.5,0,0,0,0,0,0,0,0,0,0,0,0,0,0,0,0,0,0,0,
RegressionTest1::test0760, 0,0,1,0.5,0,0,0.5,0.5,0.5,0.5,0.5,0.5,1,0.5,0,0,0,0.5,0.5,0.5,1,0.5,0,0,0,0,0,0,1,1,1,0.5,0,0,0,0,0,0,0,1,0.5,1,0.5,0,0.5,0,0,0,0,0,0,0,1,0,0,0.5,0,0,0,0,0,0,0,0,0,0,0,0,0,0,0,0,0,0,0,
RegressionTest1::test0761, 0,0,0,0,0,0,0,0,0,0,0,0,0,0,0,0,0,0,0,0,0,0,0,0,0,0,0,0,0,0,0,0,0,0,0,0,0,0,0,0,0,0,0,0,0,0,0,0,0,0,0,0,0,0,0,0,0,0,0,0,0,0,0,0,0,0,0,0,0,0,0,0,0,0,0,
RegressionTest1::test0762, 0,0,1,0.5,0,0,0.5,0,0,0,0,0,0,0,0,0,0,0.5,0.5,0.5,1,0.5,0,0,0,0,0,0,1,1,1,0.5,0,0,1,1,0.5,0,0,1,0.5,1,0.5,0,0.5,0,0,0,0,0,0,0,1,0,0,0.5,0,1,1,0,0,0,0,0,0,0,0,0,0,0,0,0,0,0,0,
RegressionTest1::test0763, 0,0,0,0,0,0,0,0,0,0,0,0,0,0,0,0,0,0,0,0,0,0,0,0,0,0,0,0,0,0,0,0,0,0,0,0,0,0,0,0,0,0,0,0,0,0,0,0,0,0,0,0,0,0,0,0,0,0,0,0,0,0,0,0,0,0,0,0,0,0,0,0,0,0,0,
RegressionTest1::test0764, 0,0,1,0.5,0,0,0.5,0,0,0,0,0,0,0,0,0,0,0.5,0.5,0.5,1,0.5,0,0,0,0,0,0,0,1,1,0.5,0,0,0,0,0,0,0,0,0,0,0,0,0,0,0,0,0,0,0,0,1,0,0,0.5,0,0,0,0,0,0,0,0,0.5,1,0,0,0,0,0,0,0,0,0,
RegressionTest1::test0765, 0,0,1,0.5,0,0,0.5,0,0,0,0,0,0,0,0,0,0,0.5,0.5,0.5,1,0.5,0,0,0,0,0,0,1,1,1,0.5,0,0,1,1,0.5,0,0,0,0,0,0,0,0,1,0.5,0,0,0,0,0,1,0,0,0.5,0,0,0,0,0,0,0,0,0,0,0,0,0,0,0,0,0,0,0,
RegressionTest1::test0766, 0,0,0,0,0,0,0,0,0,0,0,0,0,0,0,0,0,0,0,0,0,0,0,0,0,0,0,0,0,0,0,0,0,0,0,0,0,0,0,0,0,0,0,0,0,0,0,0,0,0,0,0,0,0,0,0,0,0,0,0,0,0,0,0,0,0,0,0,0,0,0,0,0,0,0,
RegressionTest1::test0767, 0,0,0,0,0,0,0,0,0,0,0,0,0,0,0,0,0,0,0,0,0,0,0,0,0,0,0,0,0,0,0,0,0,0,0,0,0,0,0,0,0,0,0,0,0,0,0,0,0,0,0,0,0,0,0,0,0,0,0,0,0,0,0,0,0,0,0,0,0,0,0,0,0,0,0,
RegressionTest1::test0768, 1,1,1,0.5,0,0,1,0,0,0,0,0,0,0,0,0,0,0.5,0.5,0.5,1,0.5,1,0,0,0,0,0,1,1,1,0.5,0,0,0,0,0,0,0,1,0.5,1,0.5,0,0.5,0,0,1,0.5,0.5,0,0,1,0,0,0.5,0,0,0,0,0,0,0,0,0,0,0,0.5,0.5,0,0,0,0,0,0,
RegressionTest1::test0769, 0,0,1,0.5,0,0,0.5,0,0,0,0,0,0,0,1,0.5,0,0.5,0.5,0.5,1,0.5,0,0,0,0,0,0,0,0,0,0,0,0,0,0,0,0,0,0,0,0,0,0,0,0,0,0,0,0,1,0.5,0,0,0,0.5,0,0,0,0,0,0,0,0,0.5,1,0,0,0,0,0,0,0,0,0,
RegressionTest1::test0770, 0,0,0,0,0,0,0,0,0,0,0,0,0,0,0,0,0,0,0,0,0,0,0,0,0,0,0,0,0,0,0,0,0,0,0,0,0,0,0,0,0,0,0,0,0,0,0,0,0,0,0,0,0,0,0,0,0,0,0,0,0,0,0,0,0,0,0,0,0,0,0,0,0,0,0,
RegressionTest1::test0771, 0,0,1,0.5,0,0,0.5,0,0,0,0,0,0,0,0,0,0,0.5,0.5,0.5,1,0.5,1,0,0,0,0,0,0,1,1,0.5,0,0,0,0,0,0,0,1,0.5,1,0.5,0,0.5,0,0,1,0.5,0.5,0,0,1,0,0,0.5,0,0,0,0,0,0,0,0,0,0,0,0.5,0.5,0,0,0,0,0,0,
RegressionTest1::test0772, 0,0,0,0,0,0,0,0,0,0,0,0,0,0,0,0,0,0,0,0,0,0,0,0,0,0,0,0,0,0,0,0,0,0,0,0,0,0,0,0,0,0,0,0,0,0,0,0,0,0,0,0,0,0,0,0,0,0,0,0,0,0,0,0,0,0,0,0,0,0,0,0,0,0,0,
RegressionTest1::test0773, 0,0,1,0.5,0,0,0.5,0,0,0,0,0,0,0,0,0,0,0.5,0.5,0.5,1,0.5,0,0,0,0,0,0,1,1,1,0.5,0,0,0,0,0,0,0,0,0,0,0,0,0,0,0,0,0,0,0,0,1,0,0,0.5,0,1,0,0,0,0,0,0,0,0,0,0,0,0,0,0,0,0,0,
RegressionTest1::test0774, 0,0,0,0,0,0,0.5,0,0,0,0,0,0,0,0,0,0,0,0,0,0,0,0,0,0,0,0,0,0,0,0,0,0,0,0,0,0,0,0,0,0,0,0,0,0,0,0,0,0,0,0,0,0,0,0,0,0,0,0,0,0,0,0,0,0.5,0.5,0,0,0,0,0,0,0,0,0,
RegressionTest1::test0775, 0,0,0,0,0,0,0,0,0,0,0,0,0,0,0,0,0,0,0,0,0,0,0,0,0,0,0,0,0,0,0,0,0,0,0,0,0,0,0,0,0,0,0,0,0,0,0,0,0,0,0,0,0,0,0,0,0,0,0,0,0,0,0,0,0,0,0,0,0,0,0,0,0,0,0,
RegressionTest1::test0776, 0,0,0,0,0,0,0,0,0,0,0,0,0,0,0,0,0,0,0,0,0,0,0,0,0,0,0,0,0,0,0,0,0,0,0,0,0,0,0,0,0,0,0,0,0,0,0,0,0,0,0,0,0,0,0,0,0,0,0,0,0,0,0,0,0,0,0,0,0,0,0,0,0,0,0,
RegressionTest1::test0777, 0,0,0,0,0,0,0,0,0,0,0,0,0,0,0,0,0,0,0,0,0,0,0,0,0,0,0,0,0,0,0,0,0,0,0,0,0,0,0,0,0,0,0,0,0,0,0,0,0,0,0,0,0,0,0,0,0,0,0,0,0,0,0,0,0,0,0,0,0,0,0,0,0,0,0,
RegressionTest1::test0778, 0,0,1,0.5,0,0,0.5,0,0,0,0,0,0,0,0,0,0,0.5,0.5,0.5,1,0.5,1,0,0,0,0,0,0,1,1,0.5,0,0,0,0,0,0,0,1,0.5,1,0.5,0,0.5,0,0,1,0.5,0.5,0,0,1,0,0,0.5,0,0,0,0,0,0,0,0,0,0,0,0.5,0.5,0,0,0,0,0,0,
RegressionTest1::test0779, 0,0,1,0.5,0,0,0.5,0,0,0,0,0,0,0,0,0,0,0.5,0.5,0.5,1,0.5,0,0,0,0,0,0,0,1,1,0.5,0,0,0,0,0,0,0,0,0,0,0,0,0,0,0,0,0,0,0,0,0,0,0,0.5,0,0,0,0,0,0,0,0,0,0,0,0,0,0,0,0,0,0,0,
RegressionTest1::test0780, 0,0,0,0,0,0,0,0,0,0,0,0,0,0,0,0,0,0,0,0,0,0,0,0,0,0,0,0,0,0,0,0,0,0,0,0,0,0,0,0,0,0,0,0,0,0,0,0,0,0,0,0,0,0,0,0,0,0,0,0,0,0,0,0,0,0,0,0,0,0,0,0,0,0,0,
RegressionTest1::test0781, 0,0,1,0.5,0,0,0.5,0,0,0,0,0,0,0,0,0,0,0.5,0.5,0.5,1,0.5,0,0,0,0,0,0,1,0,0,0,0,0,0,0,0,0,0,0,0,0,0,0,0,0,0,0,0,0,0,0,1,0,0,0.5,0,0,0,0,0,0,0,0,0,0,0,0,0,0,0,0,0,0,0,
RegressionTest1::test0782, 0,0,0,0,0,0,0,0,0,0,0,0,0,0,0,0,0,0,0,0,0,0,0,0,0,0,0,0,0,0,0,0,0,0,0,0,0,0,0,0,0,0,0,0,0,0,0,0,0,0,0,0,0,0,0,0,0,0,0,0,0,0,0,0,0,0,0,0,0,0,0,0,0,0,0,
RegressionTest1::test0783, 0,0,0,0,0,0,0,0,0,0,0,0,0,0,0,0,0,0,0,0,0,0,0,0,0,0,0,0,0,0,0,0,0,0,0,0,0,0,0,0,0,0,0,0,0,0,0,0,0,0,0,0,0,0,0,0,0,0,0,0,0,0,0,0,0,0,0,0,0,0,0,0,0,0,0,
RegressionTest1::test0784, 0,0,1,0.5,0,0,0.5,0.5,0.5,0.5,0.5,0.5,1,0.5,0,0,0,0.5,0.5,0.5,1,0.5,0,0,0,0,0,0,0,1,1,0.5,0,0,0,0,0,0,0,1,0.5,1,0.5,0,0.5,0,0,0,0,0,0,0,1,0,0,0.5,0,0,0,0,0,0,0,0,0,0,0,0,0,0,0,0,0,0,0,
RegressionTest1::test0785, 0,0,1,0.5,0,0,0.5,0.5,0.5,0.5,0.5,0.5,1,0.5,0,0,0.5,0.5,0.5,0.5,1,0.5,0,0,0,0,0,0,0,1,1,0.5,0,0,0,0,0,0,0,1,0.5,1,0.5,0,0.5,0,0,0,0,0,0,0,1,0,0,0.5,0,0,0,0,0,0,0,0,0,0,0,0,0,0,0,0,0,0,0,
RegressionTest1::test0786, 0,0,1,0.5,0,0,0.5,0.5,0.5,0.5,0.5,0.5,1,0.5,0,0,0,0.5,0.5,0.5,1,0.5,0,0,0,0,0,0,1,1,1,0.5,0,0,0,0,0,0,0,1,0.5,1,0.5,0,0.5,0,0,0,0,0,0,0,1,0,0,0.5,0,0,0,0,0,0,0,0,0,0,0,0,0,0,0,0,0,0,0,
RegressionTest1::test0787, 0,0,0,0,0,0,0,0,0,0,0,0,0,0,0,0,0,0,0,0,0,0,0,0,0,0,0,0,0,0,0,0,0,0,0,0,0,0,0,0,0,0,0,0,0,0,0,0,0,0,0,0,0,0,0,0,0,0,0,0,0,0,0,0,0,0,0,0,0,0,0,0,0,0,0,
RegressionTest1::test0788, 0,0,1,0.5,0,0,0.5,0,0,0,0,0,0,0,0,0,0,0.5,0.5,0.5,1,0.5,1,0,0,0,0,0,1,1,1,0.5,0,0,1,1,0.5,0,0,0,0,0,0,0,0,1,0.5,1,0.5,0.5,0,0,1,0,0,0.5,0,0,0,0,0,0,0,0,0,0,0,0,0,0,0,0,0,0,0,
RegressionTest1::test0789, 0,0,1,0.5,0,0,0.5,0.5,0.5,0.5,0.5,0.5,1,0.5,0,0,0,0.5,0.5,0.5,1,0.5,0,0,0,0,0,0,0,1,1,0.5,0,0,0,0,0,0,0,1,0.5,1,0.5,0,0.5,0,0,0,0,0,0,0,1,0,0,0.5,0,0,0,0,0,0,0,0,0,0,0,0,0,0,0,0,0,0,0,
RegressionTest1::test0790, 0,0,1,0.5,0,0,0.5,0,0,0,0,0,0,0,0,0,0,0.5,0.5,0.5,1,0.5,0,0,0,0,0,0,0,1,0.5,0,0,0,0,0,0,0,0,0,0,0,0,0,0,0,0,0,0,0,1,0.5,0,0,0,0,0,0,0,0,0,0,0,0,0,0,0,0,0,0,0,0,0,0,0,
RegressionTest1::test0791, 0,0,1,0.5,0,0,0.5,0.5,0.5,0.5,0.5,0.5,1,0.5,0,0,0.5,0.5,0.5,0.5,1,0.5,0,0,0,0,0,0,0,1,1,0.5,0,0,0,0,0,0,0,1,0.5,1,0.5,0,0.5,0,0,0,0,0,0,0,1,0,0,0.5,0,0,0,0,0,0,0,0,0,0,0,0,0,0,0,0,0,0,0,
RegressionTest1::test0792, 0,0,0,0,0,0,0,0,0,0,0,0,0,0,0,0,0,0,0,0,0,0,0,0,0,0,0,0,0,0,0,0,0,0,0,0,0,0,0,0,0,0,0,0,0,0,0,0,0,0,0,0,0,0,0,0,0,0,0,0,0,0,0,0,0,0,0,0,0,0,0,0,0,0,0,
RegressionTest1::test0793, 0,0,1,0.5,0,0,0.5,0,0,0,0,0,0,0,0,0,0,0.5,0.5,0.5,1,0.5,0,0,0,0,0,0,0,1,1,0.5,0,0,0,0,0,0,0,1,0.5,1,0.5,0,0.5,0,0,0,0,0,0,0,1,0,0,0.5,0,0,0,0,0,0,0,0,0.5,1,0,0,0,0,0,0,0,0,0,
RegressionTest1::test0794, 0,0,1,0.5,0,0,0.5,0,0,0,0,0,0,0,0,0,0,0.5,0.5,0.5,1,0.5,0,0,0,0,0,0,0,0,0,0,0,0,0,0,0,0,0,0,0,0,0,0,0,0,0,0,0,0,0,0,0,0,0,0.5,0,0,1,0,0,0,0,0,0,0,0,0,0,0,0,0,0,0,0,
RegressionTest1::test0795, 0,0,1,0.5,0,0,0.5,0,0,0,0,0,0,0,0,0,0,0.5,0.5,0.5,1,0.5,0,0,0,0,0,0,0,0,0,0,0,0,0,0,0,0,0,0,0,0,0,0,0,0,0,0,0,0,1,0.5,1,0,0,0.5,0,0,0,0,0,0,0,0,0,0,0,0,0,0,0,0,0,0,0,
RegressionTest1::test0796, 0,0,1,1,0,0,1,0,0,0,0,0,0,0,0,0,0,0.5,0.5,0.5,1,0.5,0,0,0,0,0,0,1,1,1,0.5,0,0,0,0,0,0,0,0,0,0,0,0,0,1,0.5,0,0,0,0,0,1,0,0,0.5,0,0,0,0,0,0,0,0,0,0,0,0,0,0,0,0,0,0,0,
RegressionTest1::test0797, 0,0,0,0,0,0,0,0,0,0,0,0,0,0,0,0,0,0,0,0,0,0,0,0,0,0,0,0,0,0,0,0,0,0,0,0,0,0,0,0,0,0,0,0,0,0,0,0,0,0,0,0,0,0,0,0,0,0,0,0,0,0,0,0,0,0,0,0,0,0,0,0,0,0,0,
RegressionTest1::test0798, 0,0,1,0.5,0,0,0.5,0,0,0,0,0,0,0,0,0,0,0.5,0.5,0.5,1,0.5,0,0,0,0,0,0,0,1,1,0.5,0.5,0,0,0,0,0,0,0,0,0,0,0,0,0,0,0,0,0,0,0,1,0,0,0.5,0,0,0,0,0,0,0,0,0,0,0,0,0,0,0,0,0,0,0,
RegressionTest1::test0799, 0,0,1,0.5,0,0,0.5,0,0,0,0,0,0,0,0,0,0,0.5,0.5,0.5,1,0.5,0,0,0,0,0,0,1,1,1,0.5,0,0,0,0,0,0,0,0,0,0,0,0,0,0,0,0,0,0,0,0,0,0,0,0.5,0,0,0,1,0.5,0.5,0,0,0.5,1,0,0,0,0,0,0,0,0,0,
RegressionTest1::test0800, 0,0,1,0.5,0,0,0.5,0,0,0,0,0,0,0,0,0,0,0.5,0.5,0.5,1,0.5,0,0,0,0,0,0,0,1,1,0.5,0,0,0,0,0,0,0,1,0.5,1,0.5,0,0.5,0,0,0,0,0,0,0,1,0,0,0.5,0,0,0,0,0,0,0,0,0.5,1,0,0,0,0,0,0,0,0,0,
RegressionTest1::test0801, 0,0,0,0,0,0,0,0,0,0,0,0,0,0,0,0,0,0,0,0,0,0,0,0,0,0,0,0,0,0,0,0,0,0,0,0,0,0,0,0,0,0,0,0,0,0,0,0,0,0,0,0,0,0,0,0,0,0,0,0,0,0,0,0,0,0,0,0,0,0,0,0,0,0,0,
RegressionTest1::test0802, 1,0.5,1,0.5,0,0,0.5,0,0,0,0,0,0,0,0,0,0,0.5,0.5,0.5,1,0.5,0,1,0,0,0,0,1,1,1,0.5,0,0,1,1,0.5,0,0,0,0,0,0,0,0,1,0.5,0,0,0,0,0,1,0,0,0.5,0,0,1,0,0,0,0,0,0,0,0,0,0,0,0,0,0,0,0,
RegressionTest1::test0803, 0,0,1,0.5,0,0,0.5,0,0,0,0,0,0,0,0,0,0,0.5,0.5,0.5,1,0.5,1,0,0,0,0,0,0,0,0,0,0,0,0,0,0,0,0,0,0,0,0,0,0,0,0,1,0.5,0.5,0,0,1,0,0,0.5,0,0,0,0,0,0,0,0,0.5,1,0,0,0,0,0,0,0,0,0,
RegressionTest1::test0804, 0,0,0,0,0,0,0,0,0,0,0,0,0,0,0,0,0,0,0,0,0,0,0,0,0,0,0,0,0,0,0,0,0,0,0,0,0,0,0,0,0,0,0,0,0,0,0,0,0,0,0,0,0,0,0,0,0,0,0,0,0,0,0,0,0,0,0,0,0,0,0,0,0,0,0,
RegressionTest1::test0805, 0,0,1,0.5,0,0,0.5,0,0,0,0,0,0,0,0,0,0,0.5,0.5,0.5,1,0.5,0,1,0,0,0,0,1,1,1,0.5,0,0,0,0,0,0,0,0,0,0,0,0,0,0,0,0,0,0,0,0,1,0,0,0.5,0,0,0,0,0,0,1,0.5,0,0,0,0,0,0,0,0,0,0,0,
RegressionTest1::test0806, 0,0,1,0.5,0,0,0.5,0,0,0,0,0,0,0,0,0,0,0.5,0.5,0.5,1,0.5,0,0,0,0,0,0,0,0,0,0,0,0,0,0,0,0,0,0,0,0,0,0,0,0,0,0,0,0,0,0,0,0,0,0,0,0,0,0,0,0,0,0,0,0,0,0,0,0,0,0,0,0,0,
RegressionTest1::test0807, 1,0.5,1,0.5,0,0,1,0,0,0,0,0,0,0,0,0,0,0.5,0.5,0.5,1,0.5,0,1,0,0,0,0,1,1,1,0.5,0,0,0,0,0,0,0,0,0,0,0,0,0,0,0,0,0,0,0,0,1,0,0,0.5,0,0,0,1,0.5,0.5,0,0,0.5,1,0,0.5,0.5,0,0,0,0,0,0,
RegressionTest1::test0808, 1,0.5,1,0.5,0,0,0.5,0,0,0,0,0,0,0,0,0,0,1,1,1,1,0.5,0,0,0,0,0,0,1,1,1,0.5,0,0,1,1,0.5,0,0,0,0,0,0,0,0,1,0.5,0,0,0,0,0,1,0,0,0.5,0,0,0,0,0,0,0,0,0.5,0.5,0,0,0,0,0,0,0,0,0,
RegressionTest1::test0809, 0,0,1,0.5,0,0,0.5,0,0,0,0,0,0,0,0,0,0,0.5,0.5,0.5,1,0.5,1,0,0,0,0,0,0,0,0,0,0,0,0,0,0,0,0,0,0,0,0,0,0,0,0,1,0.5,0.5,0,0,1,0,0,0.5,0,0,0,0,0,0,0,0,0,0,0,0,0,0,0,0,0,0,0,
RegressionTest1::test0810, 0,0,1,0.5,0,0,0.5,0.5,0.5,0.5,0.5,0.5,1,0.5,1,0.5,0,0.5,0.5,0.5,1,0.5,0,1,0,0,0,0,1,1,1,0.5,0,0,1,1,0.5,0.5,0,1,0.5,1,0.5,0,0.5,0,0,0,0,0,0,0,1,0,0,0.5,0,0,1,0,0,0,0,0,0,0,0,0,0,0,0,0,0,0,0,
RegressionTest1::test0811, 0,0,1,0.5,0,0,0.5,0,0,0,0,0,0,0,0,0,0,0.5,0.5,0.5,1,0.5,0,0,0,0,0,0,0,1,1,0.5,0,0,1,1,0.5,0,0,0,0,0,0,0,0,0,0,0,0,0,0,0,1,0,0,0.5,0,0,1,0,0,0,0,0,0,0,0,0,0,0,0,0,0,0,0,
RegressionTest1::test0812, 0,0,1,0.5,0,0,0.5,0.5,0.5,0.5,0.5,0.5,0.5,0,0,0,0,0.5,0.5,0.5,1,0.5,1,0,0,0,0,0,0,1,1,0.5,0,0,0,0,0,0,0,1,0.5,1,0.5,0,0.5,0,0,1,0.5,0.5,0,0,1,0,0,0.5,0,0,1,1,0.5,0.5,0,0,0.5,1,0,0,0,0,0,0,0,0,0,
RegressionTest1::test0813, 0,0,1,0.5,0,0,0.5,0,0,0,0,0,0,0,0,0,0,0.5,0.5,0.5,1,0.5,0,0,0,0,0,0,1,1,1,0.5,0,0,0,0,0,0,0,0,0,0,0,0,0,0,0,1,0.5,0.5,0,0,0,0,0,0.5,0,0,0,1,0.5,0.5,0,0,0.5,1,0,0.5,0.5,0,0,0,0,0,0,
RegressionTest1::test0814, 0,0,0,0,0,0,0,0,0,0,0,0,0,0,0,0,0,0,0,0,0,0,0,0,0,0,0,0,0,0,0,0,0,0,0,0,0,0,0,0,0,0,0,0,0,0,0,0,0,0,0,0,0,0,0,0,0,0,0,0,0,0,0,0,0,0,0,0,0,0,0,0,0,0,0,
RegressionTest1::test0815, 0,0,1,0.5,0,0,0.5,0,0,0,0,0,0,0,0,0,0,0.5,0.5,0.5,1,0.5,1,0,0,0,0,0,0,1,1,0.5,0,0,0,0,0,0,0,1,0.5,1,0.5,0,0.5,0,0,1,0.5,0.5,0,0,1,0,0,0.5,0,0,1,1,0.5,0.5,0,0,0,0,0,0,0,0,0,0,0,0,0,
RegressionTest1::test0816, 0,0,1,1,0,0,1,0,0,0,0,0,0,0,0,0,0,0,0,0,0,0,0,0,0,0,0,0,0,0,0,0,0,0,0,0,0,0,0,0,0,0,0,0,0,0,0,0,0,0,0,0,0,0,0,0,0,0,0,0,0,0,0,0,0,0,0,0,0,0,0,0,0,0,0,
RegressionTest1::test0817, 0,0,0,0,0,0,0,0,0,0,0,0,0,0,0,0,0,0,0,0,0,0,0,0,0,0,0,0,0,0,0,0,0,0,0,0,0,0,0,0,0,0,0,0,0,0,0,0,0,0,0,0,0,0,0,0,0,0,0,0,0,0,0,0,0,0,0,0,0,0,0,0,0,0,0,
RegressionTest1::test0818, 0,0,1,0.5,0,0,0.5,0.5,0.5,0.5,0.5,0.5,1,0.5,0,0,0,0.5,0.5,0.5,1,0.5,0,0,0,0,0,0,1,1,1,0.5,0,0,0,0,0,0,0,0,0,0,0,0,0,0,0,0,0,0,0,0,1,0,0,0.5,0,0,0,1,0.5,0.5,0,0,0.5,1,0,0,0,0,0,0,0,0,0,
RegressionTest1::test0819, 0,0,1,0.5,0,0,0.5,0.5,0.5,0.5,0.5,0.5,1,0.5,1,0.5,0,0.5,0.5,0.5,1,0.5,0,0,0,0,0,0,0,1,1,0.5,0,0,0,0,0,0,0,1,0.5,1,0.5,0,0.5,0,0,0,0,0,0,0,1,0,0,0.5,0,0,1,0,0,0,0,0,0,0,0,0,0,0,0,0,0,0,0,
RegressionTest1::test0820, 0,0,1,0.5,0,0,0.5,0,0,0,0,0,0,0,0,0,1,0.5,0.5,0.5,1,0.5,0,0,0,0,0,0,1,1,1,0.5,0,0,0,0,0,0,0,0,0,0,0,0,0,1,0.5,0,0,0,0,0,1,0,0,0.5,0,0,0,0,0,0,0,0,0,0,0,0,0,0,0,0,0,0,0,
RegressionTest1::test0821, 0,0,0,0,0,0,0,0,0,0,0,0,0,0,0,0,0,0,0,0,0,0,0,0,0,0,0,0,0,0,0,0,0,0,0,0,0,0,0,0,0,0,0,0,0,0,0,0,0,0,0,0,0,0,0,0,0,0,0,0,0,0,0,0,0,0,0,0,0,0,0,0,0,0,0,
RegressionTest1::test0822, 0,0,0,0,0,0,0,0,0,0,0,0,0,0,0,0,0,0,0,0,0,0,0,0,0,0,0,0,0,0,0,0,0,0,0,0,0,0,0,0,0,0,0,0,0,0,0,0,0,0,0,0,0,0,0,0,0,0,0,0,0,0,0,0,0,0,0,0,0,0,0,0,0,0,0,
RegressionTest1::test0823, 0,0,1,0.5,0,0,0.5,0,0,0,0,0,0,0,1,0.5,0,0.5,0.5,0.5,1,0.5,1,0,0,0,0,0,0,1,1,0.5,0,0,0,0,0,0,0,1,0.5,1,0.5,0,0.5,0,0,1,0.5,0.5,0,0,1,0,0,0.5,0,0,1,0,0,0,0,0,0,0,0,0,0,0,0,0,0,0,0,
RegressionTest1::test0824, 0,0,1,0.5,0,0,0.5,0.5,0.5,0.5,0.5,0.5,0.5,0,0,0,0,0.5,0.5,0.5,1,0.5,1,0,0,0,0,0,0,1,1,0.5,0,0,0,0,0,0,0,1,0.5,1,0.5,0,0.5,0,0,1,0.5,0.5,0,0,1,0,0,0.5,0,0,1,1,0.5,0.5,0,0,0.5,1,0,0,0,0,0,0,0,0,0,
RegressionTest1::test0825, 0,0,1,0.5,0,0,0.5,0,0,0,0,0,0,0,0,0,0,0,0,0,0,0,0,0,0,0,0,0,0,0,0,0,0,0,1,1,0.5,0.5,0,0,0,0,0,0,0,0,0,0,0,0,0,0,1,0,0,0.5,0,0,0,0,0,0,0,0,0,0,0,0,0,0,0,0,0,0,0,
RegressionTest1::test0826, 0,0,1,0.5,0,0,0.5,0,0,0,0,0,0,0,0,0,1,0.5,0.5,0.5,1,0.5,0,0,0,0,0,0,1,1,1,0.5,0,0,0,0,0,0,0,0,0,0,0,0,0,1,0.5,0,0,0,0,0,1,0,0,0.5,0,0,0,0,0,0,0,0,0,0,0,0,0,0,0,0,0,0,0,
RegressionTest1::test0827, 0,0,1,0.5,0,0,0.5,0.5,0.5,0.5,0.5,0.5,1,0.5,0,0,0,0.5,0.5,0.5,1,0.5,0,0,0,0,0,0,1,1,1,0.5,0,0,0,0,0,0,0,1,0.5,1,0.5,0,0.5,0,0,0,0,0,0,0,1,0,0,0.5,0,0,0,0,0,0,0,0,0,0,0,0,0,0,0,0,0,0,0,
RegressionTest1::test0828, 0,0,0,0,0,0,0,0,0,0,0,0,0,0,0,0,0,0,0,0,0,0,0,0,0,0,0,0,0,0,0,0,0,0,0,0,0,0,0,0,0,0,0,0,0,0,0,0,0,0,0,0,0,0,0,0,0,0,0,0,0,0,0,0,0,0,0,0,0,0,0,0,0,0,0,
RegressionTest1::test0829, 0,0,1,0.5,0,0,0.5,0,0,0,0,0,0,0,0,0,0,0.5,0.5,0.5,1,0.5,1,0,0,0,0,0,1,1,1,0.5,0,0,0,0,0,0,0,1,0.5,1,0.5,0,0.5,0,0,1,0.5,0.5,0,0,1,0,0,0.5,0,0,0,0,0,0,0,0,0,0,0,0.5,0.5,0,0,0,0,0,0,
RegressionTest1::test0830, 0,0,0,0,0,0,0.5,0,0,0,0,0,0,0,0,0,0,0,0,0,0,0,0,0,0,0,0,0,0,0,0,0,0,0,0,0,0,0,0,0,0,0,0,0,0,0,0,0,0,0,0,0,0,0,0,0,0,0,0,0,0,0,0,0,0,0,0,0,0,0,0,0,0,0,0,
RegressionTest1::test0831, 0,0,1,0.5,0,0,0.5,0.5,0.5,0.5,0.5,0.5,1,0.5,0,0,0.5,0.5,0.5,0.5,1,0.5,0,0,0,0,0,0,0,1,1,0.5,0,0,0,0,0,0,0,1,0.5,1,0.5,0,0.5,0,0,0,0,0,0,0,1,0,0,0.5,0,0,0,0,0,0,0,0,0,0,0,0,0,0,0,0,0,0,0,
RegressionTest1::test0832, 1,0.5,1,0.5,0,0,1,0,0,0,0,0,0,0,0,0,0,0.5,0.5,0.5,1,0.5,0,0,0,0,0,0,1,1,1,0.5,0,0,0,0,0,0,0,0,0,0,0,0,0,0,0,0,0,0,0,0,1,0,0,0.5,0,0,0,0,0,0,0,0,0,0,0,0,0,0,0,0,0,0,0,
RegressionTest1::test0833, 0,0,1,0.5,0,0,0.5,0,0,0,0,0,0,0,0,0,0,0.5,0.5,0.5,1,0.5,0,0,0,0,0,0,1,1,1,0.5,0,0,0,0,0,0,0,0,0,0,0,0,0,0,0,1,0.5,0.5,0,0,0,0,0,0,0,0,0,0,0,0,0,0,0.5,1,0,0,0,0,0,0,0,0,0,
RegressionTest1::test0834, 0,0,0,0,0,0,0,0,0,0,0,0,0,0,0,0,0,0,0,0,0,0,0,0,0,0,0,0,0,0,0,0,0,0,0,0,0,0,0,0,0,0,0,0,0,0,0,0,0,0,0,0,0,0,0,0,0,0,0,0,0,0,0,0,0,0,0,0,0,0,0,0,0,0,0,
RegressionTest1::test0835, 0,0,0,0,0,0,0,0,0,0,0,0,0,0,0,0,0,0,0,0,0,0,0,0,0,0,0,0,0,0,0,0,0,0,0,0,0,0,0,0,0,0,0,0,0,0,0,0,0,0,0,0,0,0,0,0,0,0,0,0,0,0,0,0,0,0,0,0,0,0,0,0,0,0,0,
RegressionTest1::test0836, 0,0,1,0.5,0,0,0.5,0,0,0,0,0,0,0,0,0,0,0.5,0.5,0.5,1,0.5,0,0,0,0,0,0,1,0,0,0,0,0,0,0,0,0,0,0,0,0,0,0,0,0,0,0,0,0,0,0,0,0,0,0,0,0,0,0,0,0,0,0,0,0,0,0.5,0.5,0,0,0,0,0,0,
RegressionTest1::test0837, 0,0,1,0.5,0,0,0.5,0,0,0,0,0,0,0,0,0,0,0.5,0.5,0.5,1,0.5,0,0,0,0,0,0,0,1,1,0.5,0,0,1,1,0.5,0,0,1,0.5,1,0.5,0,0.5,0,0,0,0,0,1,0.5,0,0,0,0.5,0,0,1,0,0,0,0,0,0,0,0,0,0,0,0,0,0,0,0,
RegressionTest1::test0838, 0,0,0,0,0,0,0,0,0,0,0,0,0,0,0,0,0,0,0,0,0,0,0,0,0,0,0,0,0,0,0,0,0,0,0,0,0,0,0,0,0,0,0,0,0,0,0,0,0,0,0,0,0,0,0,0,0,0,0,0,0,0,0,0,0,0,0,0,0,0,0,0,0,0,0,
RegressionTest1::test0839, 0,0,1,0.5,0,0,0.5,0.5,0.5,0.5,0.5,0.5,1,0.5,0,0,0,0.5,0.5,0.5,1,0.5,0,0,0,0,0,0,0,1,1,0.5,0,0,0,0,0,0,0,1,0.5,1,0.5,0,0.5,0,0,0,0,0,0,0,1,0,0,0.5,0,0,0,0,0,0,0,0,0,0,0,0,0,0,0,0,0,0,0,
RegressionTest1::test0840, 0,0,0,0,0,0,0,0,0,0,0,0,0,0,0,0,0,0,0,0,0,0,0,0,0,0,0,0,0,0,0,0,0,0,0,0,0,0,0,0,0,0,0,0,0,0,0,0,0,0,0,0,0,0,0,0,0,0,0,0,0,0,0,0,0,0,0,0,0,0,0,0,0,0,0,
RegressionTest1::test0841, 0,0,1,0.5,0,0,0.5,0,0,0,0,0,0,0,0,0,0,0.5,0.5,0.5,1,0.5,1,1,0,0,0,0,1,1,1,0.5,0,0,1,1,0.5,0,0,0,0,0,0,0,0,1,0.5,1,0.5,0.5,0,0,1,0,0,0.5,0,0,0,0,0,0,0,0,0,0,0,0,0,0,0,0,0,0,0,
RegressionTest1::test0842, 0,0,1,0.5,0,0,0.5,0.5,0.5,0.5,0.5,0.5,1,0.5,0,0,0.5,0.5,0.5,0.5,1,0.5,0,0,0,0,0,0,0,1,1,0.5,0,0,0,0,0,0,0,1,0.5,1,0.5,0,0.5,0,0,0,0,0,0,0,1,0,0,0.5,0,0,0,0,0,0,0,0,0,0,0,0,0,0,0,0,0,0,0,
RegressionTest1::test0843, 0,0,0,0,0,0,0.5,0,0,0,0,0,0,0,0,0,0,0,0,0,0,0,0,0,0,0,0,0,0.5,0,0,0,0,0,0,0,0,0,0,0,0,0,0,0,0,0,0,0,0,0,0,0,0,0,0,0,0,0,0,0,0,0,0,0,0.5,0.5,0,0,0,0,0,0,0,0,0,
RegressionTest1::test0844, 0,0,0,0,0,0,0,0,0,0,0,0,0,0,0,0,0,0,0,0,0,0,0,0,0,0,0,0,0,0,0,0,0,0,0,0,0,0,0,0,0,0,0,0,0,0,0,0,0,0,0,0,0,0,0,0,0,0,0,0,0,0,0,0,0,0,0,0,0,0,0,0,0,0,0,
RegressionTest1::test0845, 0,0,0,0,0,0,0,0,0,0,0,0,0,0,0,0,0,0,0,0,0,0,0,0,0,0,0,0,0,0,0,0,0,0,0,0,0,0,0,0,0,0,0,0,0,0,0,0,0,0,0,0,0,0,0,0,0,0,0,0,0,0,0,0,0,0,0,0,0,0,0,0,0,0,0,
RegressionTest1::test0846, 0,0,1,0.5,0,0,0.5,0,0,0,0,0,0,0,0,0,0,0.5,0.5,0.5,1,0.5,0,0,0,0,0,0,1,1,1,0.5,0,0,1,1,0.5,0,0,0,0,0,0,0,0,1,0.5,0,0,0,0,0,1,0,0,0.5,0,0,0,0,0,0,0,0,0,0,0,0,0,0,0,0,0,0,0,
RegressionTest1::test0847, 0,0,1,0.5,0,0,0.5,0,0,0,0,0,0,0,0,0,0,0.5,0.5,0.5,1,0.5,1,0,0,0,0,0,1,1,1,0.5,0,0,1,1,0.5,0,0,0,0,0,0,0,0,1,0.5,1,0.5,0.5,0,0,1,0,0,0.5,0,0,0,0,0,0,0,0,0,0,0,0,0,0,0,0,0,0,0,
RegressionTest1::test0848, 1,1,1,0.5,0,0,1,0,0,0,0,0,0,0,0,0,0,0.5,0.5,0.5,1,0.5,0,0,0,0,0,0,1,1,1,0.5,0,0,1,1,0.5,0,0,1,0.5,1,0.5,0,0.5,0,0,0,0,0,0,0,1,0,0,0.5,0,0,1,0,0,0,0,0,0,0,0,0,0,0,0,0,0,0,0,
RegressionTest1::test0849, 1,0.5,1,0.5,0,0,1,0.5,0.5,0.5,0.5,0.5,1,0.5,0,0,0,0.5,0.5,0.5,1,0.5,0,0,0,0,0,0,1,1,1,0.5,0,0,0,0,0,0,0,1,0.5,1,1,0.5,0.5,0,0,0,0,0,0,0,1,0,0,0.5,0,0,0,0,0,0,0,0,0,0,0,0,0,0,0,0,0,0,0,
RegressionTest1::test0850, 1,0.5,1,0.5,0,0,0.5,0,0,0,0,0,0,0,0,0,0,0.5,0.5,0.5,1,0.5,1,1,0,1,0,0,1,1,1,0.5,0,0,0,0,0,0,0,0,0,0,0,0,0,0,0,1,0.5,0.5,0,0,1,0,0,0.5,0,0,0,0,0,0,0,0,0.5,1,0,0,0,0,0,0,0,0,0,
RegressionTest1::test0851, 0,0,0,0,0,0,0,0,0,0,0,0,0,0,0,0,0,0,0,0,0,0,0,0,0,0,0,0,0,0,0,0,0,0,0,0,0,0,0,0,0,0,0,0,0,0,0,0,0,0,0,0,0,0,0,0,0,0,0,0,0,0,0,0,0,0,0,0,0,0,0,0,0,0,0,
RegressionTest1::test0852, 0,0,0,0,0,0,0.5,0,0,0,0,0,0,0,0,0,0,0,0,0,0,0,0,0,0,0,0,0,0,0,0,0,0,0,0,0,0,0,0,0,0,0,0,0,0,0,0,0,0,0,0,0,0,0,0,0.5,0,0,0,0,0,0,0,0,0,0,0,0,0,0,0,0,0,0,0,
RegressionTest1::test0853, 0,0,1,0.5,0,0,0.5,0,0,0,0,0,0,0,0,0,0,0,0,0,0,0,0,0,0,0,0,0,0,0,0,0,0,0,0,0,0,0,0,0,0,0,0,0,0,0,0,0,0,0,0,0,0,0,0,0.5,0,0,0,0,0,0,0,0,0,0,0,0,0,0,0,0,0,0,0,
RegressionTest1::test0854, 0,0,0,0,0,0,0,0,0,0,0,0,0,0,0,0,0,0,0,0,0,0,0,0,0,0,0,0,0,0,0,0,0,0,0,0,0,0,0,0,0,0,0,0,0,0,0,0,0,0,0,0,0,0,0,0,0,0,0,0,0,0,0,0,0,0,0,0,0,0,0,0,0,0,0,
RegressionTest1::test0855, 0,0,1,0.5,0,0,0.5,0,0,0,0,0,0,0,0,0,0,0.5,0.5,0.5,1,0.5,0,0,0,0,0,0,1,0,0,0,0,0,0,0,0,0,0,0,0,0,0,0,0,0,0,0,0,0,0,0,1,0,0,0.5,0,0,0,0,0,0,0,0,0,0,0,0,0,0,0,0,0,0,0,
RegressionTest1::test0856, 0,0,0,0,0,0,0,0,0,0,0,0,0,0,0,0,0,0,0,0,0,0,0,0,0,0,0,0,0,0,0,0,0,0,0,0,0,0,0,0,0,0,0,0,0,0,0,0,0,0,0,0,0,0,0,0,0,0,0,0,0,0,0,0,0,0,0,0,0,0,0,0,0,0,0,
RegressionTest1::test0857, 0,0,1,0.5,0,0,0.5,0,0,0,0,0,0,0,0,0,0,0.5,0.5,0.5,1,0.5,0,1,0,0,0,0,1,1,1,0.5,0,0,0,0,0,0,0,0,0,0,0,0,0,0,0,0,0,0,0,0,1,1,1,0.5,0,0,0,0,0,0,0,0,0,0,0,0,0,0,0,0,0,0,0,
RegressionTest1::test0858, 0,0,1,0.5,0,0,0.5,0.5,0.5,0.5,0.5,0.5,0.5,0,0,0,0,0.5,0.5,0.5,1,0.5,1,0,0,0,0,0,0,1,1,0.5,0,0,0,0,0,0,0,1,0.5,1,0.5,0,0.5,0,0,1,0.5,0.5,0,0,1,0,0,0.5,0,0,1,1,0.5,0.5,0,0,0.5,1,0,0,0,0,0,0,0,0,0,
RegressionTest1::test0859, 1,1,0,0,0,0,1,0,0,0,0,0,0,0,0,0,0,0,0,0,0,0,0,0,0,0,0,0,0,0,0,0,0,0,0,0,0,0,0,0,0,0,0,0,0,0,0,1,0.5,0.5,0,0,1,0,0,0.5,0,0,0,0,0,0,0,0,0,0,0,0,0,0,0,0,0,0,0,
RegressionTest1::test0860, 0,0,1,0.5,0,0,0.5,0.5,0.5,0.5,0.5,0.5,1,0.5,0,0,0.5,0.5,0.5,0.5,1,0.5,0,0,0,0,0,0,0,1,1,0.5,0,0,0,0,0,0,0,1,0.5,1,0.5,0,0.5,0,0,0,0,0,0,0,1,0,0,0.5,0,0,0,0,0,0,0,0,0,0,0,0,0,0,0,0,0,0,0,
RegressionTest1::test0861, 0,0,0,0,0,0,0,0,0,0,0,0,0,0,0,0,0,0,0,0,0,0,0,0,0,0,0,0,0,0,0,0,0,0,0,0,0,0,0,0,0,0,0,0,0,0,0,0,0,0,0,0,0,0,0,0,0,0,0,0,0,0,0,0,0,0,0,0,0,0,0,0,0,0,0,
RegressionTest1::test0862, 0,0,0,0,0,0,0,0,0,0,0,0,0,0,0,0,0,0,0,0,0,0,0,0,0,0,0,0,0,0,0,0,0,0,0,0,0,0,0,0,0,0,0,0,0,0,0,0,0,0,0,0,0,0,0,0,0,0,0,0,0,0,0,0,0,0,0,0,0,0,0,0,0,0,0,
RegressionTest1::test0863, 0,0,1,0.5,0,0,0.5,0,0,0,0,0,0,0,0,0,0,0.5,0.5,0.5,1,0.5,0,0,0,0,0,0,1,1,1,0.5,0,0,1,1,0.5,0,0,0,0,0,0,0,0,0,0,0,0,0,0,0,1,0,0,0.5,0,1,0,0,0,0,0,0,0,0,0,0,0,0,0,0,0,0,0,
RegressionTest1::test0864, 0,0,1,0.5,0,0,0.5,0,0,0,0,0,0,0,0,0,0,0.5,0.5,0.5,1,0.5,0,0,0,0,0,0,0,0,0,0,0,0,0,0,0,0,0,0,0,0,0,0,0,0,0,0,0,0,0,0,0,0,0,0,0,0,0,0,0,0,0,0,0.5,1,0,0,0,0,0,0,0,0,0,
RegressionTest1::test0865, 0,0,1,0.5,0,0,0.5,0,0,0,0,0,0,0,0,0,0,0.5,0.5,0.5,1,0.5,1,1,0,0,0,0,1,1,1,0.5,0,0,0,0,0,0,0,0,0,0,0,0,0,1,0.5,1,0.5,0.5,0,0,1,0,0,0.5,0,0,0,0,0,0,0,0,0,0,0,0,0,0,0,0,0,0,0,
RegressionTest1::test0866, 0,0,1,0.5,0,0,0.5,0,0,0,0,0,0,0,0,0,0,0.5,0.5,0.5,1,0.5,0,0,0,0,0,0,1,1,1,0.5,0,0,1,1,0.5,0,0,0,0,0,0,0,0,1,0.5,0,0,0,0,0,1,0,0,0.5,0,0,0,0,0,0,0,0,0,0,0,0,0,0,0,0,0,0,0,
RegressionTest1::test0867, 0,0,0,0,0,0,0,0,0,0,0,0,0,0,0,0,0,0,0,0,0,0,0,0,0,0,0,0,0,0,0,0,0,0,0,0,0,0,0,0,0,0,0,0,0,0,0,0,0,0,0,0,0,0,0,0,0,0,0,0,0,0,0,0,0,0,0,0,0,0,0,0,0,0,0,
RegressionTest1::test0868, 0,0,1,0.5,0,0,0.5,0,0,0,0,0,0,0,0,0,1,0.5,0.5,0.5,1,0.5,0,0,0,0,0,0,1,1,1,0.5,0,0,0,0,0,0,0,0,0,0,0,0,0,1,0.5,0,0,0,0,0,1,0,0,0.5,0,0,0,0,0,0,0,0,0,0,0,0,0,0,0,0,0,0,0,
RegressionTest1::test0869, 0,0,0,0,0,0,0,0,0,0,0,0,0,0,0,0,0,0,0,0,0,0,0,0,0,0,0,0,0,0,0,0,0,0,0,0,0,0,0,0,0,0,0,0,0,0,0,0,0,0,0,0,0,0,0,0,0,0,0,0,0,0,0,0,0,0,0,0,0,0,0,0,0,0,0,
RegressionTest1::test0870, 0,0,1,0.5,0,0,0.5,0.5,0.5,0.5,0.5,0.5,1,0.5,0,0,0,0.5,0.5,0.5,1,0.5,1,0,0,0,0,0,0,1,1,0.5,0,0,0,0,0,0,0,1,0.5,1,0.5,0,0.5,0,0,1,0.5,0.5,0,0,1,0,0,0.5,0,0,1,1,0.5,0.5,0,0,0,0,0,0,0,0,0,0,0,0,0,
RegressionTest1::test0871, 0,0,0,0,0,0,0,0,0,0,0,0,0,0,0,0,0,0,0,0,0,0,0,0,0,0,0,0,0,0,0,0,0,0,0,0,0,0,0,0,0,0,0,0,0,0,0,0,0,0,0,0,0,0,0,0,0,0,0,0,0,0,0,0,0,0,0,0,0,0,0,0,0,0,0,
RegressionTest1::test0872, 0,0,1,1,1,0.5,1,0,0,0,0,0,0,0,0,0,0,0.5,0.5,0.5,1,0.5,0,0,0,0,0,0,0,1,1,0.5,0,0,0,0,0,0,0,0,0,0,0,0,0,0,0,0,0,0,0,0,1,0,0,0.5,0,0,0,0,0,0,0,0,0.5,1,0,0,0,0,0,0,0,0,0,
RegressionTest1::test0873, 0,0,1,0.5,0,0,0.5,0,0,0,0,0,0,0,0,0,0,0.5,0.5,0.5,1,0.5,1,1,0,0,0,0,1,1,1,0.5,0,0,0,0,0,0,0,0,0,0,0,0,0,1,0.5,1,0.5,0.5,0,0,1,0,0,0.5,0,0,0,0,0,0,0,0,0,0,0,0,0,0,0,0,0,0,0,
RegressionTest1::test0874, 0,0,1,0.5,0,0,0.5,0.5,0.5,0.5,0.5,0.5,1,0.5,1,0.5,0,0.5,0.5,0.5,1,0.5,0,1,0,0,0,0,1,1,1,0.5,0,0,0,0,0,0,0,0,0,0,0,0,0,0,0,0,0,0,0,0,0,0,0,0.5,0,0,0,0,0,0,0,0,0.5,1,0,0,0,0,0,0,0,0,0,
RegressionTest1::test0875, 0,0,1,0.5,0,0,0.5,0.5,0.5,0.5,0.5,0.5,1,0.5,1,0.5,0,0.5,0.5,0.5,1,0.5,0,0,0,0,0,0,0,1,1,0.5,0,0,0,0,0,0,0,1,0.5,1,0.5,0,0.5,0,0,0,0,0,0,0,1,0,0,0.5,0,0,1,0,0,0,0,0,0,0,0,0,0,0,0,0,0,0,0,
RegressionTest1::test0876, 0,0,1,1,0,0,1,0,0,0,0,0,0,0,0,0,0,0,0,0,0,0,0,0,0,0,0,0,0,0,0,0,0,0,0,0,0,0,0,0,0,0,0,0,0,0,0,0,0,0,0,0,0,0,0,0,0,0,0,0,0,0,0,0,0,0,0,0,0,0,0,0,0,0,0,
RegressionTest1::test0877, 0,0,0,0,0,0,0,0,0,0,0,0,0,0,0,0,0,0,0,0,0,0,0,0,0,0,0,0,0,0,0,0,0,0,0,0,0,0,0,0,0,0,0,0,0,0,0,0,0,0,0,0,0,0,0,0,0,0,0,0,0,0,0,0,0,0,0,0,0,0,0,0,0,0,0,
RegressionTest1::test0878, 0,0,1,0.5,0,0,0.5,0.5,0.5,0.5,0.5,0.5,1,0.5,0,0,0,0.5,0.5,0.5,1,1,0,0,0,0,0,0,1,1,1,0.5,0,0,0,0,0,0,0,1,0.5,1,0.5,0,0.5,0,0,0,0,0,0,0,1,0,0,0.5,0,0,0,0,0,0,0,0,0,0,0,0,0,0,0,0,0,0,0,
RegressionTest1::test0879, 0,0,1,1,0,0,1,0,0,0,0,0,0,0,0,0,0,0,0,0,0,0,0,0,0,0,0,0,0,0,0,0,0,0,0,0,0,0,0,0,0,0,0,0,0,0,0,0,0,0,0,0,0,0,0,0,0,0,0,0,0,0,0,0,0,0,0,0,0,0,0,0,0,0,0,
RegressionTest1::test0880, 0,0,0,0,0,0,0,0,0,0,0,0,0,0,0,0,0,0,0,0,0,0,0,0,0,0,0,0,0,0,0,0,0,0,0,0,0,0,0,0,0,0,0,0,0,0,0,0,0,0,0,0,0,0,0,0,0,0,0,0,0,0,0,0,0,0,0,0,0,0,0,0,0,0,0,
RegressionTest1::test0881, 0,0,0,0,0,0,0,0,0,0,0,0,0,0,0,0,0,0,0,0,0,0,0,0,0,0,0,0,0,0,0,0,0,0,0,0,0,0,0,0,0,0,0,0,0,0,0,0,0,0,0,0,0,0,0,0,0,0,0,0,0,0,0,0,0,0,0,0,0,0,0,0,0,0,0,
RegressionTest1::test0882, 1,0.5,1,0.5,0,0,1,0,0,0,0,0,0,0,0,0,0,0.5,0.5,0.5,1,0.5,0,0,0,0,0,0,1,1,1,0.5,0,0,0,0,0,0,0,0,0,0,0,0,0,0,0,0,0,0,0,0,1,0,0,0.5,0,0,0,0,0,0,0,0,0,0,0,0,0,0,0,0,0,0,0,
RegressionTest1::test0883, 1,0.5,1,0.5,0,0,1,0,0,0,0,0,0,0,0,0,0,0.5,0.5,0.5,1,0.5,0,0,0,0,0,0,1,1,1,0.5,0,0,0,0,0,0,0,0,0,0,0,0,0,0,0,0,0,0,0,0,1,0,0,0.5,0,0,0,0,0,0,0,0,0,0,0,0,0,0,0,0,0,0,0,
RegressionTest1::test0884, 0,0,1,0.5,0,0,0.5,0.5,0.5,0.5,0.5,0.5,1,0.5,1,0,0,0.5,0.5,0.5,1,0.5,0,0,0,0,0,0,0,1,1,0.5,0,0,0,0,0,0,0,1,0.5,1,0.5,0,0.5,0,0,0,0,0,0,0,1,0,0,0.5,0,0,0,0,0,0,0,0,0,0,0,0,0,0,0,0,0,0,0,
RegressionTest1::test0885, 0,0,0,0,0,0,0,0,0,0,0,0,0,0,0,0,0,0,0,0,0,0,0,0,0,0,0,0,0,0,0,0,0,0,0,0,0,0,0,0,0,0,0,0,0,0,0,0,0,0,0,0,0,0,0,0,0,0,0,0,0,0,0,0,0,0,0,0,0,0,0,0,0,0,0,
RegressionTest1::test0886, 1,0.5,1,0.5,0,0,1,0,0,0,0,0,0,0,0,0,0,0.5,0.5,0.5,1,0.5,0,1,0,0,0,0,1,1,1,0.5,0,0,0,0,0,0,0,0,0,0,0,0,0,0,0,0,0,0,0,0,1,0,0,0.5,0,0,0,1,0.5,0.5,0,0,0.5,1,0,0.5,0.5,0,0,0,0,0,0,
RegressionTest1::test0887, 0,0,1,0.5,0,0,0.5,0.5,0.5,0.5,0.5,0.5,1,0.5,1,0,0,0.5,0.5,0.5,1,0.5,0,0,0,0,0,0,1,1,1,0.5,0,0,0,0,0,0,0,1,0.5,1,0.5,0,0.5,0,0,0,0,0,0,0,1,0,0,0.5,0,0,0,0,0,0,0,0,0,0,0,0,0,0,0,0,0,0,0,
RegressionTest1::test0888, 0,0,1,0.5,0,0,0.5,0,0,0,0,0,0,0,0,0,0,0.5,0.5,0.5,1,0.5,0,0,0,0,0,0,1,1,1,0.5,0,0,0,0,0,0,0,0,0,0,0,0,0,0,0,0,0,0,0,0,1,0,0,0.5,0,1,0,0,0,0,0,0,0,0,0,0,0,0,0,0,0,0,0,
RegressionTest1::test0889, 0,0,1,0.5,0,0,0.5,0,0,0,0,0,0,0,0,0,0,0.5,0.5,0.5,1,0.5,0,0,0,0,0,0,1,1,1,0.5,0,0,1,1,0.5,0,0,0,0,0,0,0,0,1,0.5,0,0,0,0,0,1,0,0,0.5,0,0,0,0,0,0,0,0,0,0,0,0,0,0,0,0,0,0,0,
RegressionTest1::test0890, 0,0,0,0,0,0,0,0,0,0,0,0,0,0,0,0,0,0,0,0,0,0,0,0,0,0,0,0,0,0,0,0,0,0,0,0,0,0,0,0,0,0,0,0,0,0,0,0,0,0,0,0,0,0,0,0,0,0,0,0,0,0,0,0,0,0,0,0,0,0,0,0,0,0,0,
RegressionTest1::test0891, 0,0,1,0.5,0,0,0.5,0.5,0.5,0.5,0.5,0.5,1,0.5,0,0,0.5,0.5,0.5,0.5,1,0.5,0,0,0,0,0,0,0,1,1,0.5,0,0,0,0,0,0,0,1,0.5,1,0.5,0,0.5,0,0,0,0,0,0,0,1,0,0,0.5,0,0,0,0,0,0,0,0,0,0,0,0,0,0,0,0,0,0,0,
RegressionTest1::test0892, 0,0,1,0.5,0,0,0.5,0,0,0,0,0,0,0,0,0,0,0.5,0.5,0.5,1,0.5,0,0,0,0,0,0,1,1,1,0.5,0.5,0,0,0,0,0,0,0,0,0,0,0,0,0,0,0,0,0,0,0,1,0,0,0.5,0,0,1,0,0,0,0,0,0.5,1,0,0,0,0,0,0,0,0,0,
RegressionTest1::test0893, 0,0,0,0,0,0,0,0,0,0,0,0,0,0,0,0,0,0,0,0,0,0,0,0,0,0,0,0,0,0,0,0,0,0,0,0,0,0,0,0,0,0,0,0,0,0,0,0,0,0,0,0,0,0,0,0,0,0,0,0,0,0,0,0,0,0,0,0,0,0,0,0,0,0,0,
RegressionTest1::test0894, 0,0,1,0.5,0,0,0.5,0,0,0,0,0,0,0,0,0,1,0.5,0.5,0.5,1,0.5,0,0,0,0,0,0,1,1,1,0.5,0,0,0,0,0,0,0,0,0,0,0,0,0,1,0.5,0,0,0,0,0,1,0,0,0.5,0,0,0,0,0,0,0,0,0,0,0,0,0,0,0,0,0,0,0,
RegressionTest1::test0895, 0,0,1,0.5,0,0,0.5,0,0,0,0,0,0,0,0,0,0,0.5,0.5,0.5,1,0.5,0,0,0,0,0,0,1,1,1,0.5,0,0,0,0,0,0,0,0,0,0,0,0,0,0,0,0,0,0,0,0,0,1,1,0,0,0,0,0,0,0,0,0,0.5,1,0,0,0,0,0,0,0,0,0,
RegressionTest1::test0896, 0,0,1,0.5,0,0,0.5,0,0,0,0,0,0,0,0,0,0,0.5,0.5,0.5,1,0.5,0,0,0,0,0,0,0,1,1,0.5,0,0,0,0,0,0,0,0,0,0,0,0,0,0,0,0,0,0,0,0,1,0,0,0.5,0,0,0,0,0,0,0,0,0,0,0,0,0,0,0,0,0,0,0,
RegressionTest1::test0897, 0,0,1,0.5,0,0,0.5,0,0,0,0,0,0,0,0,0,0,0.5,0.5,0.5,1,0.5,0,0,0,0,0,0,0,1,1,0.5,0.5,0,0,0,0,0,0,0,0,0,0,0,0,0,0,0,0,0,0,0,0,0,0,0.5,0,0,0,0,0,0,0,0,0,0,0,0,0,0,0,0,0,0,0,
RegressionTest1::test0898, 0,0,1,0.5,0,0,0.5,0.5,0.5,0.5,0.5,0.5,1,0.5,1,0.5,0,0.5,0.5,0.5,1,0.5,0,0,0,0,0,0,0,1,1,0.5,0,0,0,0,0,0,0,1,0.5,1,0.5,0,0.5,0,0,0,0,0,0,0,1,0,0,0.5,0,0,1,0,0,0,0,0,0,0,0,0,0,0,0,0,0,0,0,
RegressionTest1::test0899, 0,0,1,1,0,0,1,0,0,0,0,0,0,0,0,0,0,0,0,0,0,0,0,0,0,0,0,0,0,0,0,0,0,0,0,0,0,0,0,0,0,0,0,0,0,0,0,0,0,0,0,0,0,0,0,0,0,0,0,0,0,0,0,0,0,0,0,0,0,0,0,0,0,0,0,
RegressionTest1::test0900, 0,0,0,0,0,0,0,0,0,0,0,0,0,0,0,0,0,0,0,0,0,0,0,0,0,0,0,0,0,0,0,0,0,0,0,0,0,0,0,0,0,0,0,0,0,0,0,0,0,0,0,0,0,0,0,0,0,0,0,0,0,0,0,0,0,0,0,0,0,0,0,0,0,0,0,
RegressionTest1::test0901, 0,0,0,0,0,0,0,0,0,0,0,0,0,0,0,0,0,0,0,0,0,0,0,0,0,0,0,0,0,0,0,0,0,0,0,0,0,0,0,0,0,0,0,0,0,0,0,0,0,0,0,0,0,0,0,0,0,0,0,0,0,0,0,0,0,0,0,0,0,0,0,0,0,0,0,
RegressionTest1::test0902, 0,0,1,0.5,0,0,0.5,0.5,0.5,0.5,0.5,0.5,1,0.5,0,0,0,0.5,0.5,0.5,1,0.5,0,0,0,0,0,0,1,1,1,0.5,0,0,0,0,0,0,0,1,0.5,1,0.5,0,0.5,0,0,0,0,0,0,0,1,0,0,0.5,0,0,0,0,0,0,0,0,0,0,0,0,0,0,0,0,0,0,0,
RegressionTest1::test0903, 0,0,0,0,0,0,0.5,0,0,0,0,0,0,0,0,0,0,0,0,0,0,0,0,0,0,0,0,0,0,0,0,0,0,0,0,0,0,0,0,0,0,0,0,0,0,0,0,0,0,0,0,0,0,0,0,0,0,0,0,0,0,0,0,0,0,0,0,0,0,0,0,0,0,0,0,
RegressionTest1::test0904, 0,0,1,0.5,0,0,0.5,0,0,0,0,0,0,0,0,0,0,0.5,0.5,0.5,1,0.5,0,0,0,0,0,0,0,1,1,0.5,0,0,0,0,0,0,0,0,0,0,0,0,0,0,0,1,0.5,0.5,0,0,0,0,0,0.5,0,0,0,0,0,0,0,0,0,0,0,0,0,0,0,0,0,0,0,
RegressionTest1::test0905, 0,0,0,0,0,0,0,0,0,0,0,0,0,0,0,0,0,0,0,0,0,0,0,0,0,0,0,0,0,0,0,0,0,0,0,0,0,0,0,0,0,0,0,0,0,0,0,0,0,0,0,0,0,0,0,0,0,0,0,0,0,0,0,0,0,0,0,0,0,0,0,0,0,0,0,
RegressionTest1::test0906, 0,0,1,0.5,0,0,0.5,0,0,0,0,0,0,0,0,0,0,0.5,0.5,0.5,1,0.5,1,0,0,0,0,0,1,1,1,0.5,0,0,0,0,0,0,0,1,0.5,1,0.5,0,0.5,0,0,1,0.5,0.5,0,0,1,0,0,0.5,0,0,0,0,0,0,0,0,0,0,0,0.5,0.5,0,0,0,0,0,0,
RegressionTest1::test0907, 0,0,1,0.5,0,0,0.5,0,0,0,0,0,0,0,0,0,0,0.5,0.5,0.5,1,0.5,0,0,0,0,0,0,0,1,1,0.5,0,0,0,0,0,0,0,0,0,0,0,0,0,0,0,0,0,0,0,0,0,0,0,0,0,0,0,0,0,0,0,0,0.5,1,0,0,0,0,0,0,0,0,0,
RegressionTest1::test0908, 0,0,1,0.5,0,0,0.5,0,0,0,0,0,0,0,0,0,0,0.5,0.5,0.5,1,0.5,0,0,1,0,0,0,0,0,0,0,0,0,0,0,0,0,0,0,0,0,0,0,0,0,0,0,0,0,1,0.5,0,0,0,0.5,0,0,0,0,0,0,0,0,0,0,0,0,0,0,0,0,0,0,0,
RegressionTest1::test0909, 0,0,0,0,0,0,0.5,0,0,0,0,0,0,0,0,0,0,0,0,0,0,0,0,0,0,0,0,0,0,0,0,0,0,0,0,0,0,0,0,0,0,0,0,0,0,0,0,0,0,0,0,0,0,0,0,0,0,0,0,0,0,0,0,0,0.5,0.5,0,0,0,0,0,0,0,0,0,
RegressionTest1::test0910, 0,0,0,0,0,0,0,0,0,0,0,0,0,0,0,0,0,0,0,0,0,0,0,0,0,0,0,0,0,0,0,0,0,0,0,0,0,0,0,0,0,0,0,0,0,0,0,0,0,0,0,0,0,0,0,0,0,0,0,0,0,0,0,0,0,0,0,0,0,0,0,0,0,0,0,
RegressionTest1::test0911, 0,0,1,0.5,0,0,0.5,0,0,0,0,0,0,0,0,0,0,0.5,0.5,0.5,1,1,0,0,0,0,0,0,1,1,1,0.5,0,0,0,0,0,0,0,0,0,0,0,0,0,1,0.5,0,0,0,0,0,1,0,0,0.5,0,0,0,0,0,0,0,0,0,0,0,0,0,0,0,0,0,0,0,
RegressionTest1::test0912, 0,0,1,0.5,0,0,0.5,0,0,0,0,0,0,0,0,0,0,0.5,0.5,0.5,1,0.5,1,0,0,0,0,0,1,1,1,0.5,0,0,0,0,0,0,0,1,0.5,1,0.5,0,0.5,0,0,1,0.5,0.5,0,0,1,0,0,0.5,0,0,0,0,0,0,0,0,0,0,0,0.5,0.5,0,0,0,0,0,0,
RegressionTest1::test0913, 0,0,1,0.5,0,0,0.5,0,0,0,0,0,0,0,0,0,0,0.5,0.5,0.5,1,0.5,0,0,0,0,0,0,0.5,0,0,0,0,0,0,0,0,0,0,0,0,0,0,0,0,0,0,0,0,0,1,0.5,0,0,0,0,0,0,0,0,0,0,0,0,0.5,0.5,0,0,0,0,0,0,0,0,0,
RegressionTest1::test0914, 0,0,1,0.5,0,0,0.5,0,0,0,0,0,0,0,0,0,0,0.5,0.5,0.5,1,0.5,0,0,0,1,0,0,1,1,1,0.5,0,0,1,1,0.5,0,0,0,0,0,0,0,0,1,0.5,0,0,0,0,0,1,0,0,0.5,0,0,1,0,0,0,0,0,0,0,0,0,0,0,0,0,0,0,0,
RegressionTest1::test0915, 0,0,0,0,0,0,0,0,0,0,0,0,0,0,0,0,0,0,0,0,0,0,0,0,0,0,0,0,0,0,0,0,0,0,0,0,0,0,0,0,0,0,0,0,0,0,0,0,0,0,0,0,0,0,0,0,0,0,0,0,0,0,0,0,0,0,0,0,0,0,0,0,0,0,0,
RegressionTest1::test0916, 0,0,1,0.5,0,0,0.5,0,0,0,0,0,0,0,0,0,1,0.5,0.5,0.5,1,0.5,0,0,0,0,0,0,1,1,1,0.5,0,0,0,0,0,0,0,1,0.5,1,0.5,0,0.5,1,0.5,0,0,0,0,0,1,0,0,0.5,0,0,0,0,0,0,0,0,0,0,0,0,0,0,0,0,0,0,0,
RegressionTest1::test0917, 0,0,0,0,0,0,0,0,0,0,0,0,0,0,0,0,0,0,0,0,0,0,0,0,0,0,0,0,0,0,0,0,0,0,0,0,0,0,0,0,0,0,0,0,0,0,0,0,0,0,0,0,0,0,0,0,0,0,0,0,0,0,0,0,0,0,0,0,0,0,0,0,0,0,0,
RegressionTest1::test0918, 0,0,0,0,0,0,0,0,0,0,0,0,0,0,0,0,0,0,0,0,0,0,0,0,0,0,0,0,0,0,0,0,0,0,0,0,0,0,0,0,0,0,0,0,0,0,0,0,0,0,0,0,0,0,0,0,0,0,0,0,0,0,0,0,0,0,0,0,0,0,0,0,0,0,0,
RegressionTest1::test0919, 0,0,1,0.5,0,0,0.5,0,0,0,0,0,0,0,0,0,0,0.5,0.5,0.5,1,0.5,1,0,0,0,0,0,0,1,1,0.5,0,0,0,0,0,0,0,1,0.5,1,0.5,0,0.5,0,0,1,0.5,0.5,0,0,1,0,0,0.5,0,0,0,0,0,0,0,0,0,0,0,0.5,0.5,0,0,0,0,0,0,
RegressionTest1::test0920, 0,0,1,0.5,0,0,0.5,0,0,0,0,0,0,0,0,0,0,0.5,0.5,0.5,1,0.5,1,0,0,0,0,0,1,1,1,0.5,0,0,0,0,0,0,0,1,0.5,1,0.5,0,0.5,0,0,1,0.5,0.5,0,0,1,0,0,0.5,0,0,0,0,0,0,0,0,0,0,0,0.5,0.5,0,0,0,0,0,0,
RegressionTest1::test0921, 0,0,1,0.5,0,0,0.5,0,0,0,0,0,0,0,0,0,0,0,0,0,0,0,0,0,0,0,0,0,0,0,0,0,0,0,0,0,0,0,0,0,0,0,0,0,0,0,0,0,0,0,0,0,0,0,0,0.5,0,0,0,0,0,0,0,0,0,0,0,0,0,0,0,0,0,0,0,
RegressionTest1::test0922, 0,0,0,0,0,0,0,0,0,0,0,0,0,0,0,0,0,0,0,0,0,0,0,0,0,0,0,0,0,0,0,0,0,0,0,0,0,0,0,0,0,0,0,0,0,0,0,0,0,0,0,0,0,0,0,0,0,0,0,0,0,0,0,0,0,0,0,0,0,0,0,0,0,0,0,
RegressionTest1::test0923, 0,0,1,0.5,0,0,0.5,0.5,0.5,0.5,0.5,0.5,1,0.5,0,0,0,0.5,0.5,0.5,1,0.5,0,0,0,0,0,0,0,1,1,0.5,0,0,0,0,0,0,0,1,0.5,1,0.5,0,0.5,0,0,0,0,0,0,0,1,0,0,0.5,0,0,0,0,0,0,0,0,0,0,0,0,0,0,0,0,0,0,0,
RegressionTest1::test0924, 0,0,1,0.5,0,0,0.5,0,0,0,0,0,0,0,0,0,0,0,0,0,0,0,0,0,0,0,0,0,0,0,0,0,0,0,0,0,0,0,0,0,0,0,0,0,0,0,0,0,0,0,0,0,0,0,0,0,0,0,0,0,0,0,0,0,0,0,0,0,0,0,0,0,0,0,0,
RegressionTest1::test0925, 0,0,1,0.5,0,0,0.5,0,0,0,0,0,0,0,0,0,0,0.5,0.5,0.5,1,0.5,0,0,0,0,0,0,0,0,0,0,0,0,0,0,0,0,0,0,0,0,0,0,0,0,0,0,0,0,0,0,0,0,0,0,0,0,0,0,0,0,0,0,0,0,0,0,0,0,0,0,0,0,0,
RegressionTest1::test0926, 0,0,1,0.5,0,0,0.5,0,0,0,0,0,0,0,0,0,0,0.5,0.5,0.5,1,0.5,0,0,0,0,0,0,1,0,0,0,0,0,0,0,0,0,0,0,0,0,0,0,0,0,0,0,0,0,0,0,0,0,0,0,0,0,0,0,0,0,0,0,0,0,0,0,0,0,0,0,0,0,0,
RegressionTest1::test0927, 0,0,1,0.5,0,0,0.5,0,0,0,0,0,0,0,0,0,0,0,0,0,0,0,0,0,0,0,0,0,0,0,0,0,0,0,0,0,0,0,0,0,0,0,0,0,0,0,0,0,0,0,0,0,1,0,0,0.5,0,0,0,0,0,0,0,0,0,0,0,0,0,0,0,0,0,0,0,
RegressionTest1::test0928, 0,0,0,0,0,0,0,0,0,0,0,0,0,0,0,0,0,0,0,0,0,0,0,0,0,0,0,0,0,0,0,0,0,0,0,0,0,0,0,0,0,0,0,0,0,0,0,0,0,0,0,0,0,0,0,0,0,0,0,0,0,0,0,0,0,0,0,0,0,0,0,0,0,0,0,
RegressionTest1::test0929, 0,0,1,0.5,0,0,0.5,0,0,0,0,0,0,0,0,0,0,0.5,0.5,0.5,1,0.5,0,0,0,0,0,0,0,0,0,0,0,0,0,0,0,0,0,0,0,0,0,0,0,0,0,0,0,0,0,0,0,0,0,0,0,0,0,0,0,0,0,0,0,0,0,0,0,0,0,0,0,0,0,
RegressionTest1::test0930, 0,0,1,0.5,0,0,0.5,0,0,0,0,0,0,0,0,0,0,0.5,0.5,0.5,1,0.5,0,0,0,0,0,0,1,1,1,0.5,0,0,0,0,0,0,0,0,0,0,0,0,0,0,0,0,0,0,0,0,0,0,0,0.5,0,0,0,1,0.5,0.5,0,0,0.5,1,0,0,0,0,0,0,0,0,0,
RegressionTest1::test0931, 0,0,1,0.5,0,0,0.5,0,0,0,0,0,0,0,0,0,0,0.5,0.5,0.5,1,0.5,0,0,0,0,0,0,1,1,1,0.5,0,0,0,0,0,0,0,1,0.5,1,0.5,0,0.5,0,0,0,0,0,0,0,1,0,0,0.5,0,0,0,0,0,0,0,0,0,0,0,0,0,0,0,0,0,0,0,
RegressionTest1::test0932, 0,0,0,0,0,0,0,0,0,0,0,0,0,0,0,0,0,0,0,0,0,0,0,0,0,0,0,0,0,0,0,0,0,0,0,0,0,0,0,0,0,0,0,0,0,0,0,0,0,0,0,0,0,0,0,0,0,0,0,0,0,0,0,0,0,0,0,0,0,0,0,0,0,0,0,
RegressionTest1::test0933, 0,0,1,0.5,0,0,0.5,0.5,0.5,0.5,0.5,0.5,1,0.5,0,0,0,0.5,0.5,0.5,1,0.5,0,0,0,0,0,0,1,1,1,0.5,0,0,0,0,0,0,0,0,0,0,0,0,0,0,0,0,0,0,0,0,0,0,0,0.5,0,0,0,0,0,0,0,0,0.5,1,0,0,0,0,0,0,0,0,0,
RegressionTest1::test0934, 0,0,0,0,0,0,0,0,0,0,0,0,0,0,0,0,0,0,0,0,0,0,0,0,0,0,0,0,0,0,0,0,0,0,0,0,0,0,0,0,0,0,0,0,0,0,0,0,0,0,0,0,0,0,0,0,0,0,0,0,0,0,0,0,0,0,0,0,0,0,0,0,0,0,0,
RegressionTest1::test0935, 1,0.5,1,0.5,0,0,0.5,0,0,0,0,0,0,0,0,0,0,1,1,1,1,0.5,0,0,0,0,0,0,1,1,1,0.5,0,0,1,1,0.5,0,0,0,0,0,0,0,0,1,0.5,0,0,0,0,0,1,0,0,0.5,0,0,0,0,0,0,0,0,0,0,0,0.5,0.5,0,0,0,0,0,0,
RegressionTest1::test0936, 0,0,1,0.5,0,0,0.5,0.5,0.5,0.5,0.5,0.5,1,0.5,1,0.5,0,0.5,0.5,0.5,1,0.5,0,0,1,0,0,0,0,1,1,0.5,0,0,0,0,0,0,0,1,0.5,1,0.5,0,0.5,0,0,0,0,0,0,0,1,0,0,0.5,0,0,1,0,0,0,0,0,0,0,0,0,0,0,0,0,0,0,0,
RegressionTest1::test0937, 0,0,1,0.5,0,0,0.5,0.5,0.5,0.5,0.5,0.5,1,0.5,1,0.5,0,0.5,0.5,0.5,1,0.5,0,0,0,0,0,0,0,1,1,0.5,0,0,0,0,0,0,0,1,0.5,1,0.5,0,0.5,0,0,0,0,0,0,0,1,0,0,0.5,0,0,1,0,0,0,0,0,0,0,0,0,0,0,0,0,0,0,0,
RegressionTest1::test0938, 0,0,0,0,0,0,0,0,0,0,0,0,0,0,0,0,0,0,0,0,0,0,0,0,0,0,0,0,0,0,0,0,0,0,0,0,0,0,0,0,0,0,0,0,0,0,0,0,0,0,0,0,0,0,0,0,0,0,0,0,0,0,0,0,0,0,0,0,0,0,0,0,0,0,0,
RegressionTest1::test0939, 1,0.5,1,0.5,0,0,0.5,0,0,0,0,0,0,0,0,0,0,1,1,1,1,0.5,0,0,0,0,0,0,1,1,1,0.5,0,0,1,1,0.5,0,0,0,0,0,0,0,0,1,0.5,0,0,0,0,0,1,0,0,0.5,0,0,0,0,0,0,0,0,0,0,0,0,0,0,0,0,0,0,0,
RegressionTest1::test0940, 0,0,0,0,0,0,0,0,0,0,0,0,0,0,0,0,0,0,0,0,0,0,0,0,0,0,0,0,0,0,0,0,0,0,0,0,0,0,0,0,0,0,0,0,0,0,0,0,0,0,0,0,0,0,0,0,0,0,0,0,0,0,0,0,0,0,0,0,0,0,0,0,0,0,0,
RegressionTest1::test0941, 0,0,1,0.5,0,0,0.5,0,0,0,0,0,0,0,0,0,0,0.5,0.5,0.5,1,0.5,0,0,0,0,0,0,0,0,0,0,0,0,0,0,0,0,0,0,0,0,0,0,0,0,0,0,0,0,0,0,0,0,0,0,0,0,0,0,0,0,0,0,0,0,0,0,0,0,0,0,0,0,0,
RegressionTest1::test0942, 0,0,1,0.5,0,0,0.5,0,0,0,0,0,0,0,0,0,0,0.5,0.5,0.5,1,0.5,0,0,0,0,0,0,0,1,1,0.5,0,0,1,1,0.5,0,0,0,0,0,0,0,0,0,0,0,0,0,0,0,0,0,0,0.5,0,0,1,0,0,0,0,0,0,0,0,0,0,0,0,0,0,0,0,
RegressionTest1::test0943, 0,0,1,0.5,0,0,0.5,0,0,0,0,0,0,0,0,0,0,0,0,0,0,0,0,0,0,0,0,0,0,0,0,0,0,0,0,0,0,0,0,0,0,0,0,0,0,0,0,0,0,0,0,0,0,0,0,0,0,0,0,0,0,0,0,0,0,0,0,0,0,0,0,0,0,0,0,
RegressionTest1::test0944, 0,0,1,0.5,0,0,0.5,0,0,0,0,0,0,0,0,0,0,0.5,0.5,0.5,1,0.5,1,0,0,0,0,0,0,1,1,0.5,0,0,0,0,0,0,0,1,0.5,1,0.5,0,0.5,0,0,1,0.5,0.5,0,0,1,0,0,0.5,0,0,1,0,0,0,0,0,0,0,0,0,0,0,0,0,0,0,0,
RegressionTest1::test0945, 0,0,0,0,0,0,0,0,0,0,0,0,0,0,0,0,0,0,0,0,0,0,0,0,0,0,0,0,0,0,0,0,0,0,0,0,0,0,0,0,0,0,0,0,0,0,0,0,0,0,0,0,0,0,0,0,0,0,0,0,0,0,0,0,0,0,0,0,0,0,0,0,0,0,0,
RegressionTest1::test0946, 0,0,1,0.5,0,0,0.5,0,0,0,0,0,0,0,0,0,0,0.5,0.5,0.5,1,0.5,0,1,0,0,0,0,1,1,1,0.5,0,0,0,0,0,0,0,0,0,0,0,0,0,0,0,0,0,0,0,0,0,0,0,0.5,0,0,0,0,0,0,0,0,0,0,0,0,0,0,0,0,0,0,0,
RegressionTest1::test0947, 0,0,1,0.5,0,0,0.5,0,0,0,0,0,0,0,0,0,0,0.5,0.5,0.5,1,0.5,0,0,0,0,0,0,1,1,1,0.5,0,0,0,0,0,0,0,1,0.5,1,0.5,0,0.5,0,0,0,0,0,0,0,1,0,0,0.5,0,0,0,1,0.5,0.5,0,0,0.5,1,0,0,0,0,0,0,0,0,0,
RegressionTest1::test0948, 0,0,1,0.5,0,0,0.5,0,0,0,0,0,0,0,0,0,0,0.5,0.5,0.5,1,0.5,0,0,0,0,0,0,1,1,1,0.5,0,0,1,1,0.5,0,0,0,0,0,0,0,0,1,0.5,0,0,0,0,0,1,0,0,0.5,0,1,1,0,0,0,0,0,0,0,0,0,0,0,0,0,0,0,0,
RegressionTest1::test0949, 0,0,1,0.5,0,0,0.5,0,0,0,0,0,0,0,0,0,0,0.5,0.5,0.5,1,0.5,0,0,0,0,0,0,0,1,1,0.5,0,0,1,1,0.5,0,0,0,0,0,0,0,0,0,0,0,0,0,0,0,0,0,0,0.5,0,0,1,0,0,0,0,0,0,0,0,0,0,0,0,0,0,0,0,
RegressionTest1::test0950, 0,0,0,0,0,0,0,0,0,0,0,0,0,0,0,0,0,0,0,0,0,0,0,0,0,0,0,0,0,0,0,0,0,0,0,0,0,0,0,0,0,0,0,0,0,0,0,0,0,0,0,0,0,0,0,0,0,0,0,0,0,0,0,0,0,0,0,0,0,0,0,0,0,0,0,
RegressionTest1::test0951, 0,0,1,0.5,0,0,0.5,0,0,0,0,0,0,0,0,0,0,0.5,0.5,0.5,1,0.5,1,1,0,0,0,0,1,1,1,0.5,0,0,0,0,0,0,0,1,0.5,1,0.5,0,0.5,0,0,1,0.5,0.5,1,0.5,1,0,0,0.5,0,0,1,1,0.5,0.5,0,0,0.5,1,0,0,0,0,0,0,0,0,0,
RegressionTest1::test0952, 0,0,1,0.5,0,0,0.5,0,0,0,0,0,0,0,0,0,0,0.5,0.5,0.5,1,0.5,0,1,0,0,0,0,1,0,0,0,0,0,0,0,0,0,0,0,0,0,0,0,0,0,0,0,0,0,0,0,0,0,0,0.5,0,0,1,0,0,0,0,0,0.5,1,0,0,0,0,0,0,0,0,0,
RegressionTest1::test0953, 0,0,1,0.5,0,0,0.5,0,0,0,0,0,0,0,0,0,0,0.5,0.5,0.5,1,0.5,1,0,0,0,0,0,0,1,1,0.5,0,0,0,0,0,0,0,1,0.5,1,0.5,0,0.5,0,0,1,0.5,0.5,0,0,1,0,0,0.5,0,0,0,0,0,0,0,0,0,0,0,0.5,0.5,0,0,0,0,0,0,
RegressionTest1::test0954, 0,0,0,0,0,0,0.5,0,0,0,0,0,0,0,0,0,0,0,0,0,0,0,0,0,0,0,0,0,0,0,0,0,0,0,0,0,0,0,0,0,0,0,0,0,0,0,0,0,0,0,0,0,0,0,0,0.5,0,0,1,0,0,0,0,0,0.5,0.5,0,0,0,0,0,0,0,0,0,
RegressionTest1::test0955, 0,0,0,0,0,0,0,0,0,0,0,0,0,0,0,0,0,0,0,0,0,0,0,0,0,0,0,0,0,0,0,0,0,0,0,0,0,0,0,0,0,0,0,0,0,0,0,0,0,0,0,0,0,0,0,0,0,0,0,0,0,0,0,0,0,0,0,0,0,0,0,0,0,0,0,
RegressionTest1::test0956, 0,0,0,0,0,0,0,0,0,0,0,0,0,0,0,0,0,0,0,0,0,0,0,0,0,0,0,0,0,0,0,0,0,0,0,0,0,0,0,0,0,0,0,0,0,0,0,0,0,0,0,0,0,0,0,0,0,0,0,0,0,0,0,0,0,0,0,0,0,0,0,0,0,0,0,
RegressionTest1::test0957, 0,0,1,0.5,0,0,0.5,0,0,0,0,0,0,0,0,0,0,0.5,0.5,0.5,1,0.5,0,0,0,0,0,0,0,1,1,0.5,0,0,1,1,0.5,0,0,0,0,0,0,0,0,0,0,0,0,0,0,0,1,0,0,0.5,0,0,1,0,0,0,0,0,0,0,0,0,0,0,0,0,0,0,0,
RegressionTest1::test0958, 0,0,0,0,0,0,0,0,0,0,0,0,0,0,0,0,0,0,0,0,0,0,0,0,0,0,0,0,0,0,0,0,0,0,0,0,0,0,0,0,0,0,0,0,0,0,0,0,0,0,0,0,0,0,0,0,0,0,0,0,0,0,0,0,0,0,0,0,0,0,0,0,0,0,0,
RegressionTest1::test0959, 0,0,1,0.5,0,0,0.5,0,0,0,0,0,0,0,0,0,0,0.5,0.5,0.5,1,0.5,0,0,0,0,0,0,0,0,0,0,0,0,0,0,0,0,0,0,0,0,0,0,0,0,0,0,0,0,0,0,0,0,0,0,0,0,0,0,0,0,0,0,0,0,0,0,0,0,0,0,0,0,0,
RegressionTest1::test0960, 0,0,0,0,0,0,0,0,0,0,0,0,0,0,0,0,0,0,0,0,0,0,0,0,0,0,0,0,0,0,0,0,0,0,0,0,0,0,0,0,0,0,0,0,0,0,0,0,0,0,0,0,0,0,0,0,0,0,0,0,0,0,0,0,0,0,0,0,0,0,0,0,0,0,0,
RegressionTest1::test0961, 0,0,1,0.5,0,0,0.5,0.5,0.5,0.5,0.5,0.5,1,0.5,1,0,0,0.5,0.5,0.5,1,0.5,0,0,0,0,0,0,1,1,1,0.5,0,0,0,0,0,0,0,1,0.5,1,0.5,0,0.5,0,0,0,0,0,0,0,1,0,0,0.5,0,0,0,0,0,0,0,0,0,0,0,0,0,0,0,0,0,0,0,
RegressionTest1::test0962, 0,0,0,0,0,0,0,0,0,0,0,0,0,0,0,0,0,0,0,0,0,0,0,0,0,0,0,0,0,0,0,0,0,0,0,0,0,0,0,0,0,0,0,0,0,0,0,0,0,0,0,0,0,0,0,0,0,0,0,0,0,0,0,0,0,0,0,0,0,0,0,0,0,0,0,
RegressionTest1::test0963, 0,0,1,0.5,0,0,0.5,0,0,0,0,0,0,0,0,0,0,0,0,0,0,0,0,0,0,0,0,0,0,0,0,0,0,0,0,0,0,0,0,0,0,0,0,0,0,0,0,0,0,0,0,0,0,0,0,0.5,0,0,1,0,0,0,0,0,0,0,0,0,0,0,0,0,0,0,0,
RegressionTest1::test0964, 0,0,1,0.5,0,0,0.5,0,0,0,0,0,0,0,1,0.5,0,0.5,0.5,0.5,1,0.5,1,0,0,0,0,0,1,1,1,0.5,0,0,1,1,0.5,0.5,0,1,0.5,1,0.5,0,0.5,0,0,1,0.5,0.5,0,0,1,0,0,0.5,0,0,1,1,0.5,0.5,0,0,0.5,1,0,0,0,0,0,0,0,0,0,
RegressionTest1::test0965, 0,0,0,0,0,0,0,0,0,0,0,0,0,0,0,0,0,0,0,0,0,0,0,0,0,0,0,0,0,0,0,0,0,0,0,0,0,0,0,0,0,0,0,0,0,0,0,0,0,0,0,0,0,0,0,0,0,0,0,0,0,0,0,0,0,0,0,0,0,0,0,0,0,0,0,
RegressionTest1::test0966, 0,0,1,0.5,0,0,0.5,0,0,0,0,0,0,0,0,0,0,0.5,0.5,0.5,1,0.5,1,0,0,0,0,0,0,0,0,0,0,0,0,0,0,0,0,0,0,0,0,0,0,0,0,1,0.5,0.5,0,0,1,0,0,0.5,0,0,0,0,0,0,0,0,0,0,0,0,0,0,0,0,0,0,0,
RegressionTest1::test0967, 0,0,1,0.5,0,0,0.5,0,0,0,0,0,0,0,0,0,0,0.5,0.5,0.5,1,0.5,1,0,0,0,0,0,0,1,1,0.5,0,0,0,0,0,0,0,1,0.5,1,0.5,0,0.5,0,0,1,0.5,0.5,0,0,1,0,0,0.5,0,0,0,0,0,0,0,0,0,0,0,0,0,0,0,0,0,0,0,
RegressionTest1::test0968, 0,0,1,0.5,0,0,0.5,0.5,0.5,0.5,0.5,0.5,1,0.5,0,0,0,0.5,0.5,0.5,1,0.5,0,0,0,0,0,0,1,1,1,0.5,0,0,1,1,0.5,0,0,0,0,0,0,0,0,1,0.5,0,0,0,0,0,1,0,0,0.5,0,0,0,0,0,0,0,0,0.5,1,0,0,0,0,0,0,0,0,0,
RegressionTest1::test0969, 0,0,1,0.5,0,0,0.5,0.5,0.5,0.5,0.5,0.5,1,0.5,0,0,0,0.5,0.5,0.5,1,0.5,0,0,0,0,0,0,0,1,1,0.5,0,0,0,0,0,0,0,1,0.5,1,0.5,0,0.5,0,0,0,0,0,0,0,1,0,0,0.5,0,0,0,0,0,0,0,0,0,0,0,0,0,0,0,0,0,0,0,
RegressionTest1::test0970, 0,0,1,1,1,0.5,1,0,0,0,0,0,0,0,0,0,0,0.5,0.5,0.5,1,0.5,0,0,0,0,0,0,0,1,1,0.5,0,0,0,0,0,0,0,0,0,0,0,0,0,0,0,0,0,0,0,0,0,0,0,0.5,0,0,0,0,0,0,0,0,1,1,0,0,0,0,0,0,0,0,0,
RegressionTest1::test0971, 0,0,1,0.5,0,0,0.5,0,0,0,0,0,0,0,0,0,0,0.5,0.5,0.5,1,0.5,0,0,0,0,0,0,1,1,1,0.5,0,0,0,0,0,0,0,0,0,0,0,0,0,0,0,0,0,0,0,0,1,0,0,0.5,0,0,0,1,0.5,0.5,0,0,0.5,1,0,0,0,0,0,0,0,0,0,
RegressionTest1::test0972, 0,0,0,0,0,0,0,0,0,0,0,0,0,0,0,0,0,0,0,0,0,0,0,0,0,0,0,0,0,0,0,0,0,0,0,0,0,0,0,0,0,0,0,0,0,0,0,0,0,0,0,0,0,0,0,0,0,0,0,0,0,0,0,0,0,0,0,0,0,0,0,0,0,0,0,
RegressionTest1::test0973, 0,0,1,0.5,0,0,0.5,0,0,0,0,0,0,0,0,0,0,0.5,0.5,0.5,1,0.5,0,0,0,0,0,0,0,1,1,0.5,0,0,0,0,0,0,0,1,0.5,1,0.5,0,0.5,0,0,0,0,0,0,0,1,0,0,0.5,0,0,0,0,0,0,0,0,0.5,1,0,0,0,0,0,0,0,0,0,
RegressionTest1::test0974, 0,0,1,0.5,0,0,0.5,0,0,0,0,0,0,0,0,0,0,0.5,0.5,0.5,1,0.5,1,0,0,0,0,0,0,1,1,0.5,0,0,0,0,0,0,0,1,0.5,1,0.5,0,0.5,0,0,1,0.5,0.5,0,0,1,0,0,0.5,0,0,1,0,0,0,0,0,0,0,0,0,0,0,0,0,0,0,0,
RegressionTest1::test0975, 0,0,0,0,0,0,0,0,0,0,0,0,0,0,0,0,0,0,0,0,0,0,0,0,0,0,0,0,0,0,0,0,0,0,0,0,0,0,0,0,0,0,0,0,0,0,0,0,0,0,0,0,0,0,0,0,0,0,0,0,0,0,0,0,0,0,0,0,0,0,0,0,0,0,0,
RegressionTest1::test0976, 0,0,0,0,0,0,0,0,0,0,0,0,0,0,0,0,0,0,0,0,0,0,0,0,0,0,0,0,0,0,0,0,0,0,0,0,0,0,0,0,0,0,0,0,0,0,0,0,0,0,0,0,0,0,0,0,0,0,0,0,0,0,0,0,0,0,0,0,0,0,0,0,0,0,0,
RegressionTest1::test0977, 0,0,0,0,0,0,0,0,0,0,0,0,0,0,0,0,0,0,0,0,0,0,0,0,0,0,0,0,0,0,0,0,0,0,0,0,0,0,0,0,0,0,0,0,0,0,0,0,0,0,0,0,0,0,0,0,0,0,0,0,0,0,0,0,0,0,0,0,0,0,0,0,0,0,0,
RegressionTest1::test0978, 0,0,1,0.5,0,0,1,0,0,0,0,0,0,0,0,0,0,0.5,0.5,0.5,1,0.5,0,0,0,0,1,0.5,1,1,1,0.5,0,0,1,1,0.5,0,0,0,0,0,0,0,0,1,0.5,0,0,0,0,0,1,0,0,1,0.5,0,0,0,0,0,0,0,0.5,0.5,0,0,0,0,0,0,0,0,0,
RegressionTest1::test0979, 0,0,1,0.5,0,0,0.5,0.5,0.5,0.5,0.5,0.5,1,0.5,0,0,0.5,0.5,0.5,0.5,1,0.5,0,0,0,0,0,0,0,1,1,0.5,0,0,0,0,0,0,0,1,0.5,1,0.5,0,0.5,0,0,0,0,0,0,0,1,0,0,0.5,0,0,0,0,0,0,0,0,0,0,0,0,0,0,0,0,0,0,0,
RegressionTest1::test0980, 0,0,1,0.5,0,0,0.5,0,0,0,0,0,0,0,0,0,0,0.5,0.5,0.5,1,0.5,0,0,0,0,0,0,0,0,0,0,0,0,0,0,0,0,0,0,0,0,0,0,0,0,0,0,0,0,0,0,0,0,0,0,0,0,0,0,0,0,0,0,0,0,0,0,0,0,0,0,0,0,0,
RegressionTest1::test0981, 0,0,1,0.5,0,0,0.5,0,0,0,0,0,0,0,0,0,0,0.5,0.5,0.5,1,0.5,0,0,0,0,0,0,1,1,1,0.5,0,0,0,0,0,0,0,0,0,0,0,0,0,0,0,0,0,0,0,0,1,1,1,0.5,0,0,0,0,0,0,0,0,0.5,1,0,0,0,0,0,0,0,0,0,
RegressionTest1::test0982, 0,0,0,0,0,0,0,0,0,0,0,0,0,0,0,0,0,0,0,0,0,0,0,0,0,0,0,0,0,0,0,0,0,0,0,0,0,0,0,0,0,0,0,0,0,0,0,0,0,0,0,0,0,0,0,0,0,0,0,0,0,0,0,0,0,0,0,0,0,0,0,0,0,0,0,
RegressionTest1::test0983, 0,0,1,0.5,0,0,0.5,0,0,0,0,0,0,0,0,0,0,0.5,0.5,0.5,1,0.5,0,0,0,0,0,0,1,1,1,0.5,0,0,1,1,0.5,0,0,0,0,0,0,0,0,1,0.5,0,0,0,0,0,1,0,0,0.5,0,0,0,0,0,0,0,0,0,0,0,0,0,0,0,0,0,0,0,
RegressionTest1::test0984, 0,0,0,0,0,0,0,0,0,0,0,0,0,0,0,0,0,0,0,0,0,0,0,0,0,0,0,0,0,0,0,0,0,0,0,0,0,0,0,0,0,0,0,0,0,0,0,0,0,0,0,0,0,0,0,0,0,0,0,0,0,0,0,0,0,0,0,0,0,0,0,0,0,0,0,
RegressionTest1::test0985, 0,0,0,0,0,0,0,0,0,0,0,0,0,0,0,0,0,0,0,0,0,0,0,0,0,0,0,0,0,0,0,0,0,0,0,0,0,0,0,0,0,0,0,0,0,0,0,0,0,0,0,0,0,0,0,0,0,0,0,0,0,0,0,0,0,0,0,0,0,0,0,0,0,0,0,
RegressionTest1::test0986, 0,0,0,0,0,0,0,0,0,0,0,0,0,0,0,0,0,0,0,0,0,0,0,0,0,0,0,0,0,0,0,0,0,0,0,0,0,0,0,0,0,0,0,0,0,0,0,0,0,0,0,0,0,0,0,0,0,0,0,0,0,0,0,0,0,0,0,0,0,0,0,0,0,0,0,
RegressionTest1::test0987, 0,0,1,0.5,0,0,0.5,0.5,0.5,0.5,0.5,0.5,1,0.5,1,0.5,0,0.5,0.5,0.5,1,0.5,0,0,0,0,0,0,0,1,1,0.5,0,0,0,0,0,0,0,1,0.5,1,0.5,0,0.5,0,0,0,0,0,0,0,1,0,0,0.5,0,0,1,0,0,0,0,0,0,0,0,0,0,0,0,0,0,0,0,
RegressionTest1::test0988, 0,0,1,0.5,0,0,0.5,0.5,0.5,0.5,0.5,0.5,1,0.5,0,0,0,0.5,0.5,0.5,1,0.5,0,0,0,0,0,0,0,1,1,0.5,0,0,0,0,0,0,0,1,0.5,1,0.5,0,0.5,0,0,0,0,0,0,0,1,0,0,0.5,0,0,0,0,0,0,0,0,0.5,1,0,0,0,0,0,0,0,0,0,
RegressionTest1::test0989, 0,0,0,0,0,0,0,0,0,0,0,0,0,0,0,0,0,0,0,0,0,0,0,0,0,0,0,0,0,0,0,0,0,0,0,0,0,0,0,0,0,0,0,0,0,0,0,0,0,0,0,0,0,0,0,0,0,0,0,0,0,0,0,0,0,0,0,0,0,0,0,0,0,0,0,
RegressionTest1::test0990, 0,0,1,0.5,1,0.5,0.5,0,0,0,0,0,0,0,0,0,0,0.5,0.5,0.5,1,0.5,0,0,0,0,0,0,0,0,0,0,0,0,0,0,0,0,0,0,0,0,0,0,0,0,0,0,0,0,0,0,1,0,0,0.5,0,0,0,0,0,0,0,0,0,0,0,0,0,0,0,0,0,0,0,
RegressionTest1::test0991, 0,0,0,0,0,0,0,0,0,0,0,0,0,0,0,0,0,0,0,0,0,0,0,0,0,0,0,0,0,0,0,0,0,0,0,0,0,0,0,0,0,0,0,0,0,0,0,0,0,0,0,0,0,0,0,0,0,0,0,0,0,0,0,0,0,0,0,0,0,0,0,0,0,0,0,
RegressionTest1::test0992, 0,0,0,0,0,0,0,0,0,0,0,0,0,0,0,0,0,0,0,0,0,0,0,0,0,0,0,0,0,0,0,0,0,0,0,0,0,0,0,0,0,0,0,0,0,0,0,0,0,0,0,0,0,0,0,0,0,0,0,0,0,0,0,0,0,0,0,0,0,0,0,0,0,0,0,
RegressionTest1::test0993, 0,0,1,0.5,0,0,0.5,0,0,0,0,0,0,0,0,0,0,0,0,0,0,0,0,0,0,0,0,0,0,0,0,0,0,0,0,0,0,0,0,0,0,0,0,0,0,0,0,0,0,0,0,0,1,0,0,0.5,0,0,0,0,0,0,0,0,0,0,0,0,0,0,0,0,0,0,0,
RegressionTest1::test0994, 0,0,0,0,0,0,0,0,0,0,0,0,0,0,0,0,0,0,0,0,0,0,0,0,0,0,0,0,0,0,0,0,0,0,0,0,0,0,0,0,0,0,0,0,0,0,0,0,0,0,0,0,0,0,0,0,0,0,0,0,0,0,0,0,0,0,0,0,0,0,0,0,0,0,0,
RegressionTest1::test0995, 0,0,1,0.5,0,0,0.5,0.5,0.5,0.5,0.5,0.5,1,0.5,0,0,0,0.5,0.5,0.5,1,0.5,0,1,0,0,0,0,1,1,1,0.5,0,0,1,1,0.5,0,0,1,0.5,1,0.5,0,0.5,0,0,0,0,0,0,0,1,0,0,0.5,0,0,0,0,0,0,0,0,0,0,0,0,0,0,0,0,0,0,0,
RegressionTest1::test0996, 0,0,0,0,0,0,0,0,0,0,0,0,0,0,0,0,0,0,0,0,0,0,0,0,0,0,0,0,0,0,0,0,0,0,0,0,0,0,0,0,0,0,0,0,0,0,0,0,0,0,0,0,0,0,0,0,0,0,0,0,0,0,0,0,0,0,0,0,0,0,0,0,0,0,0,
RegressionTest1::test0997, 0,0,1,0.5,0,0,0.5,0,0,0,0,0,0,0,0,0,0,0,0,0,0,0,0,0,0,0,0,0,0,0,0,0,0,0,0,0,0,0,0,0,0,0,0,0,0,0,0,0,0,0,0,0,0,0,0,0,0,0,0,0,0,0,0,0,0,0,0,0,0,0,0,0,0,0,0,
RegressionTest1::test0998, 0,0,1,0.5,0,0,0.5,0,0,0,0,0,0,0,0,0,0,0.5,0.5,0.5,1,0.5,1,0,0,0,0,0,0,1,1,0.5,0,0,1,1,0.5,0,0,1,0.5,1,0.5,0,0.5,0,0,1,0.5,0.5,0,0,1,0,0,0.5,0,0,1,1,0.5,0.5,0,0,0.5,1,0,0,0,0,0,0,0,0,0,
RegressionTest1::test0999, 0,0,0,0,0,0,0.5,0,0,0,0,0,0,0,0,0,0,0,0,0,0,0,0,0,0,0,0,0,0.5,0,0,0,0,0,0,0,0,0,0,0,0,0,0,0,0,0,0,0,0,0,0,0,0,0,0,0,0,0,0,0,0,0,0,0,0,0,0,0,0,0,0,0,0,0,0,
RegressionTest1::test1000, 0,0,1,0.5,0,0,0.5,0.5,0.5,0.5,0.5,0.5,1,0.5,0,0,0,0.5,0.5,0.5,1,0.5,0,0,0,0,0,0,1,1,1,0.5,0,0,0,0,0,0,0,1,0.5,1,0.5,0,0.5,0,0,0,0,0,0,0,1,0,0,0.5,0,0,0,0,0,0,0,0,0,0,0,0,0,0,0,0,0,0,0,
OpenMapRealVector_ESTest::test00, 1,0.5,0,0,0,0,1,0,0,0,0,0,0,0,0,0,0,0,0,0,0,0,0,0,0,0,0,0,0,0,0,0,0,0,0,0,0,0,0,0,0,0,0,0,0,0,0,0,0,0,0,0,0,0,0,0.5,0,0,0,0,0,0,0,0,0,0,0,0,0,0,0,0,0,0,0,
OpenMapRealVector_ESTest::test01, 1,0.5,0,0,0,0,0.5,0,0,0,0,0,0,0,0,0,0,0,0,0,0,0,0,0,0,0,0,0,0,0,0,0,0,0,0,0,0,0,0,0,0,0,0,0,0,0,0,0,0,0,0,0,0,0,0,0,0,0,0,0,0,0,0,0,0.5,0,0,0,0,0,0,0,0,0,0,
OpenMapRealVector_ESTest::test02, 0,0,0,0,0,0,0.5,0,0,0,0,0,0,0,1,0.5,0,0,0,0,0,0,0,0,0,0,0,0,0,0,0,0,0,0,0,0,0,0,0,0,0,0,0,0,0,0,0,0,0,0,0,0,1,0,0,0.5,0,0,0,0,0,0,0,0,0,0,0,0,0,0,0,0,0,0,0,
OpenMapRealVector_ESTest::test03, 1,0.5,0,0,0,0,1,0,0,0,0,0,0,0,0,0,0,0,0,0,0,0,0,0,0,0,0,0,0,0,0,0,0,0,0,0,0,0,0,0,0,0,0,0,0,1,1,0,0,0,0,0,1,0,0,0.5,0,0,0,0,0,0,0,0,0,0,0,0,0,0,0,0,0,0,0,
OpenMapRealVector_ESTest::test04, 1,0.5,0,0,0,0,0.5,0,0,0,0,0,0,0,0,0,0,0,0,0,0,0,0,0,0,0,0,0,0,0,0,0,0,0,0,0,0,0,0,0,0,0,0,0,0,0,0,0,0,0,0,0,0,0,0,0,0,0,0,0,0,0,0,0,0,0,0,0,0,0,0,0,0,0,0,
OpenMapRealVector_ESTest::test05, 0,0,0.5,0,0,0,0,0,0,0,0,0,0,0,0,0,0,0,0,0,0,0,0,0,0,0,0,0,0,0,0,0,0,0,0,0,0,0,0,0,0,0,0,0,0,0,0,0,0,0,0,0,0,0,0,0,0,0,0,0,0,0,0,0,0,0,0,0,0,0,0,0,0,0,0,
OpenMapRealVector_ESTest::test06, 0,0,1,0.5,0,0,0.5,0,0,0,0,0,0,0,0,0,0,0,0,0,0,0,0,0,0,0,0,0,0,0.5,1,0.5,0,0,0,0,0,0,0,0,0,0,0,0,0,0,0,0,0,0,0,0,0,0,0,0,0,0,0,0,0,0,0,0,0,0,0,0,0,0,0,0,0,0,0,
OpenMapRealVector_ESTest::test07, 1,0.5,0,0,0,0,1,0,0,0,0,0,0,0,0,0,0,0.5,0.5,0.5,0.5,0.5,0,0,0,0,0,0,0,0,0,0,0,0,0,0,0,0,0,0,0,0,0,0,0,0,0,0,0,0,0,0,0,0,0,0.5,0,0,0,0,0,0,0,0,0,0,0,0,0,0,0,0,0,0,0,
OpenMapRealVector_ESTest::test08, 1,1,0,0,0,0,1,0,0,0,0,0,0,0,0,0,0,0,0,0,0,0,0,0,0,0,0,0,0,0,0,0,0,0,0,0,0,0,0,0,0,0,0,0,0,0,0,0,0,0,0,0,0,0,0,0,0,0,0,0,0,0,0,0,0,0,0,0,0,0,0,0,0,0,0,
OpenMapRealVector_ESTest::test09, 1,0.5,0,0,0,0,0.5,0,0,0,0,0,0,0,0,0,0,0,0,0,0,0.5,0,0,0,0,0,0,0,0,0,0,0,0,0,0,0,0,0,0,0,0,0,0,0,0,0,0,0,0,0,0,0,0,0,0,0,0,0,0,0,0,0,0,0,0,0,0,0,0,0,0,0,0,0,
OpenMapRealVector_ESTest::test10, 0,0,0,0,0,0,0,0,0,0,0,0,0,0,0,0,0,0,0,0,0,0,0,0,0,0,0,0,0,0,0,0,0,0,0,0,0,0,0,0,0,0,0,0,0,0,0,0,0,0,0,0,0,0,0,0,0,0,0,0,0,0,0,0,0,0,0,0,0,0,0,0,0,0,0,
OpenMapRealVector_ESTest::test11, 0,0,0,0,1,0.5,0.5,0,0,0,0,0,0,0,0,0,0,0,0,0,0,0,0,0,0,0,0,0,0,0,0,0,0,0,0,0,0,0,0,0,0,0,0,0,0,0,0,0,0,0,0,0,0,0,0,0,0,0,0,0,0,0,0,0,0,0,0,0.5,0.5,0.5,0.5,0.5,0,0.5,0,
OpenMapRealVector_ESTest::test12, 0,0,0,0,1,0.5,0.5,0,0,0,0,0,0,0,0,0,0,0,0,0,0,0,0,0,0,0,0,0,0,0,0,0,0,0,0,0,0,0,0,0,0,0,0,0,0,0,0,0,0,0,0,0,1,0,0,0.5,0,0,0,0,0,0,0,0,0,0,0,0,0,0,0,0,0,0,0,
OpenMapRealVector_ESTest::test13, 1,0.5,0,0,0,0,0.5,0.5,0,0,0,0,0,0,0,0,0,0,0,0,0,0,0,0,0,0,0,0,0,0,0,0,0,0,0,0,0,0,0,0,0,0,0,0,0,0,0,0,0,0,0,0,0,0,0,0,0,0,0,0,0,0,0,0,0,0,0,0,0,0,0,0,0,0,0,
OpenMapRealVector_ESTest::test14, 1,1,0,0,0,0,1,0,0.5,0.5,0.5,0.5,1,0.5,0,0,0,0,0,0,0,0,0,0,0,0,0,0,0,0,0,0,0,0,0,0,0,0,0,0,0,0,0,0,0,0,0,0,0,0,0,0,1,0,0,1,0.5,0,0,0,0,0,0,0,0,0,0,0,0,0,0,0,0,0,0,
OpenMapRealVector_ESTest::test15, 0,0,0,0,0,0,0,0,0,0,0,0,0,0,0.5,0.5,0,0,0,0,0,0,0,0,0,0,0,0,0,0,0,0,0,0,0,0,0,0,0,0,0,0,0,0,0,0,0,0,0,0,0,0,0,0,0,0,0,0,0,0,0,0,0,0,0,0,0,0,0,0,0,0,0,0,0,
OpenMapRealVector_ESTest::test16, 1,0.5,0,0,0,0,0.5,0,0,0,0,0,0,0,0,0,0,0,0,0,0,0,0,0,0,0,0,0,0,0,0,0,0,0,0,0,0,0,0,0,0,0,0,0,0,0,0,0,0,0,0,0,0,0,0,0,0,0,0,0,0,0,0,0,0,0,0,0,0,0,0,0,0,0,0,
OpenMapRealVector_ESTest::test17, 1,0.5,0,0,0,0,0.5,0,0,0,0,0,0,0,0,0,1,0,0,0,0,0,0,0,0,0,0,0,0,0,0,0,0,0,0,0,0,0,0,0,0,0,0,0,0,0,0,0,0,0,0,0,0,0,0,0.5,0.5,0,0,0,0,0,0,0,0,0,0,0,0,0,0,0,0,0,0,
OpenMapRealVector_ESTest::test18, 1,1,0,0,0,0,1,0,0,0,0,0,0,0,0,0,0,1,1,1,1,0.5,0,0,0,0,0,0,0,0,0,0,0,0,0,0,0,0,0,0,0,0,0,0,0,0,0,0,0,0,0,0,0,0,0,0.5,0,0,0,0,0,0,0,0,0,0,0,0.5,0.5,0.5,0.5,0.5,0.5,0,0,
OpenMapRealVector_ESTest::test19, 1,1,0,0,0,0,1,0,0,0,0,0,0,0,0,0,0,0,0,0,0,0,1,0,0,0,0,0,0,0,0,0,0,0,0,0,0,0,0,0,0,0,0,0,0,0,0,0,0,0,0,0,0,0,0,0.5,0,0,0,0,0,0,0,0,0,0,0,0.5,0.5,0.5,0.5,0.5,0.5,0,0,
OpenMapRealVector_ESTest::test20, 1,1,0,0,0,0,1,0,0,0,0,0,0,0,0,0,0,0,0,0,0,0,0,1,0,0,0,0,0,0,0,0,0,0,0,0,0,0,0,0,0,0,0,0,0,0,0,0,0,0,0,0,0,0,0,0.5,0,0,0,0,0,0,0,0,0,0,0,0.5,0.5,0.5,0.5,0.5,0.5,0,0,
OpenMapRealVector_ESTest::test21, 1,1,0,0,0,0,1,0,0,0,0,0,0,0,0,0,0,0,0,0,0,0,0,0,1,0,0,0,0,0,0,0,0,0,0,0,0,0,0,0,0,0,0,0,0,0,0,0,0,0,0,0,0,0,0,0.5,0,0,0,0,0,0,0,0,0,0,0,0.5,0.5,0.5,0.5,0.5,0.5,0,0,
OpenMapRealVector_ESTest::test22, 1,1,0,0,0,0,1,0,0,0,0,0,0,0,0,0,0,0,0,0,0,0,0,0,0,1,0,0,0,0,0,0,0,0,0,0,0,0,0,0,0,0,0,0,0,0,0,0,0,0,0,0,0,0,0,0.5,0,0,0,0,0,0,0,0,0,0,0,0.5,0.5,0.5,0.5,0.5,0.5,0,0,
OpenMapRealVector_ESTest::test23, 0,0,0,0,0,0,0.5,0,0,0,0,0,0,0,0,0,0,0,0,0,0,0,0,0,0,0,1,1,0,0,0,0,0,0,0,0,0,0,0,0,0,0,0,0,0,0,0,0,0,0,0,0,1,0,0,0.5,0,0,0,0,0,0,0,0,0,0,0,0,0,0,0,0,0,0,0,
OpenMapRealVector_ESTest::test24, 1,1,0,0,0,0,1,0,0,0,0,0,0,0,0,0,0,0,0,0,0,0,0,0,0,0,0,0,1,0,0,0,0,0,0,0,0,0,0,0,0,0,0,0,0,0,0,0,0,0,0,0,0,0,0,0,0,0,0,0,0,0,0,0,0,0,0,0,0,0,0,0,0,0,0,
OpenMapRealVector_ESTest::test25, 0,0,1,0.5,0,0,0.5,0,0,0,0,0,0,0,0,0,0,0,0,0,0,0,0,0,0,0,0,0,0,1,1,0.5,0.5,0,0,0,0,0,0,0,0,0,0,0,0,0,0,0,0,0,0,0,0,0,0,0,0,0,0,0,0,0,0,0,0,0,0,0,0,0,0,0,0,0,0,
OpenMapRealVector_ESTest::test26, 1,0.5,0,0,0,0,0.5,0,0,0,0,0,0,0,0,0,0,0,0,0,0,0,0,0,0,0,0,0,0,0,0,0,0.5,1,0,0,0,0,0,0,0,0,0,0,0,0,0,0,0,0,0,0,0,0,0,0,0,0,0,0,0,0,0,0,0,0,0,0,0,0,0,0,0,0,0,
OpenMapRealVector_ESTest::test27, 0,0,1,0.5,0,0,0.5,0,0,0,0,0,0,0,0,0,0,0,0,0,0,0,0,0,0,0,0,0,0,0,0,0,0,0,1,1,0.5,0.5,0,0,0,0,0,0,0,0,0,0,0,0,0,0,0,0,0,0,0,0,0,0,0,0,0,0,0,0,0,0,0,0,0,0,0,0,0,
OpenMapRealVector_ESTest::test28, 1,1,0,0,0,0,1,0,0,0,0,0,0,0,0,0,0,0,0,0,0,0,0,0,0,0,0,0,0,0,0,0,0,0,0.5,1,0.5,0.5,0,0,0,0,0,0,0,0,0,0,0,0,0,0,0,0,0,0,0,0,0,0,0,0,0,0,0,0,0,0,0,0,0,0,0,0,0,
OpenMapRealVector_ESTest::test29, 1,0.5,0,0,0,0,0.5,0,0,0,0,0,0,0,0,0,0,0,0,0,0,0,0,0,0,0,0,0,0,0,0,0,0,0,0,0,0,0.5,1,0,0,0,0,0,0,0,0,0,0,0,0,0,0,0,0,0,0,0,0,0,0,0,0,0,0,0,0,0,0,0,0,0,0,0,0,
OpenMapRealVector_ESTest::test30, 0,0,1,0.5,0,0,0.5,0,0,0,0,0,0,0,0,0,0,0,0,0,0,0,0,0,0,0,0,0,0,0,0,0,0,0,0,0,0,0,0,1,0.5,1,0.5,0,0.5,0,0,0,0,0,0,0,0,0,0,0,0,0,0,0,0,0,0,0,0,0,0,0,0,0,0,0,0,0,0,
OpenMapRealVector_ESTest::test31, 1,1,0,0,0,0,1,0,0,0,0,0,0,0,0,0,0,0,0,0,0,0,0,0,0,0,0,0,0,0,0,0,0,0,0,0,0,0,0,1,0.5,0.5,0,0,0.5,0,0,0,0,0,0,0,0,0,0,0,0,0,0,0,0,0,0,0,0,0,0,0,0,0,0,0,0,0,0,
OpenMapRealVector_ESTest::test32, 0,0,0,0,0,0,0.5,0,0,0,0,0,0,0,0,0,0,0,0,0,0,0,0,0,0,0,0,0,0,0,0,0,0,0,0,0,0,0,0,0.5,0,1,0.5,1,0.5,0,0,0,0,0,0,0,1,0,0,0.5,0,0,0,0,0,0,0,0,0,0,0,0,0,0,0,0,0,0,0,
OpenMapRealVector_ESTest::test33, 0,0,0.5,0,0,0,0,0,0,0,0,0,0,0,0,0,0,0,0,0,0,0,0,0,0,0,0,0,0,0,0,0,0,0,0,0,0,0,0,0,0,0,0,0,0.5,0.5,0,0,0,0,0,0,0,0,0,0,0,0,0,0,0,0,0,0,0,0,0,0,0,0,0,0,0,0,0,
OpenMapRealVector_ESTest::test34, 1,0.5,0,0,0,0,0.5,0,0,0,0,0,0,0,0,0,0,0,0,0,0,0,0,0,0,0,0,0,0,0,0,0,0,0,0,0,0,0,0,0,0,0,0,0,0,1,0.5,0,0,0,0,0,0,0,0,0,0,0,0,0,0,0,0,0,0,0,0,0,0,0,0,0,0,0,0,
OpenMapRealVector_ESTest::test35, 0,0,1,0.5,0,0,0.5,0,0,0,0,0,0,0,0,0,0,0,0,0,0,0,0,0,0,0,0,0,0,0,0,0,0,0,0,0,0,0,0,0,0,0,0,0,0,0,0,1,0.5,0.5,0,0,0,0,0,0,0,0,0,0,0,0,0,0,0,0,0,0,0,0,0,0,0,0,0,
OpenMapRealVector_ESTest::test36, 0,0,1,0.5,0,0,1,0,0,0,0,0,0,0,0,0,0,0,0,0,0,0,0,0,0,0,0,0,0,0,0,0,0,0,0,0,0,0,0,0,0,0,0,0,0,0,0,0.5,0.5,0,0,0,0,0,0,1,0.5,0,0,0,0,0,0,0,0.5,1,0,0,0,0,0,0,0,0,0,
OpenMapRealVector_ESTest::test37, 0,0,0,0,0,0,0.5,0,0,0,0,0,0,0,0,0,0,0,0,0,0,0,0,0,0,0,0,0,0,0,0,0,0,0,0,0,0,0,0,0,0,0,0,0,0,0,0,0,0,0,1,0.5,1,0,0,0.5,0,0,0,0,0,0,0,0,0,0,0,0,0,0,0,0,0,0,0,
OpenMapRealVector_ESTest::test38, 1,0.5,0,0,0,0,1,0,0,0,0,0,0,0,0,0,0,0,0,0,0,0,0,0,0,0,0,0,0,0,0,0,0,0,0,0,0,0,0,0,0,0,0,0,0,0,0,0,0,0,0.5,0.5,1,0,0,0.5,0,0,0,0,0,0,0,0,0,0,0,0,0,0,0,0,0,0,0,
OpenMapRealVector_ESTest::test39, 1,1,0,0,0,0,1,0,0,0,0,0,0,0,0,0,0,0,0,0,0,0,0,0,0,0,0,0,0,0,0,0,0,0,0,0,0,0,0,0,0,0,0,0,0,0,0,0,0,0,0,0,0,1,1,0,0,0,0,0,0,0,0,0,0,0,0,0,0,0,0,0,0,0,0,
OpenMapRealVector_ESTest::test40, 0,0,0,0,0,0,0.5,0,0,0,0,0,0,0,0,0,0,0,0,0,0,0,0,0,0,0,0,0,0,0,0,0,0,0,0,0,0,0,0,0,0,0,0,0,0,0,0,0,0,0,0,0,0,0,0,0.5,0.5,1,0,0,0,0,0,0,0,0,0,0,0,0,0,0,0,0,0,
OpenMapRealVector_ESTest::test41, 0,0,0,0,0,0,0.5,0,0,0,0,0,0,0,0,0,0,0,0,0,0,0,0,0,0,0,0,0,0,0,0,0,0,0,0,0,0,0,0,0,0,0,0,0,0,0,0,0,0,0,0,0,0,0,0,0.5,0,0,1,0,0,0,0,0,0,0,0,0,0,0,0,0,0,0,0,
OpenMapRealVector_ESTest::test42, 0,0,1,1,0,0,1,0,0,0,0,0,0,0,0,0,0,0,0,0,0,0,0,0,0,0,0,0,0,0,0,0,0,0,0,0,0,0,0,0,0,0,0,0,0,0,0,0,0,0,0,0,0,0,0,0.5,1,0,0,1,1,0,0,0,0,0,0,0,0,0,0,0,0,0,0,
OpenMapRealVector_ESTest::test43, 1,0.5,0,0,0,0,0.5,0,0,0,0,0,0,0,0,0,0,0,0,0,0,0,0,0,0,0,0,0,0,0,0,0,0,0,0,0,0,0,0,0,0,0,0,0,0,0,0,0,0,0,0,0,0,0,0,0.5,0.5,0,0,0,0,0.5,1,0.5,0,0,0,0,0,0,0,0,0,0,0,
OpenMapRealVector_ESTest::test44, 1,1,0,0,0,0,1,0,0,0,0,0,0,0,0,0,0,0,0,0,0,0,0,0,0,0,0,0,0,0,0,0,0,0,0,0,0,0,0,0,0,0,0,0,0,0,0,0,0,0,0,0,0,0,0,0.5,1,0,0,0,0,0,1,1,0,0,0,0,0,0,0,0,0,0,0,
OpenMapRealVector_ESTest::test45, 1,1,0,0,0,0,1,0,0,0,0,0,0,0,0,0,0,0,0,0,0,0,0,0,0,0,0,0,0,0,0,0,0,0,0,0,0,0,0,0,0,0,0,0,0,0,0,0,0,0,0,0,0,0,0,0,0,0,0,0,0,0,0,0,0,0,1,0,0,0,0,0,0,0,0,
OpenMapRealVector_ESTest::test46, 0,0,0.5,0,0,0,0,0,0,0,0,0,0,0,0,0,0,0,0,0,0,0,0,0,0,0,0,0,0,0,0,0,0,0,0,0,0,0,0,0,0,0,0,0,0,0,0,0,0,0,0,0,0,0,0,0,0,0,0,0,0,0,0,0,0,0,0,0.5,0.5,0.5,0.5,0,0,0,0,
OpenMapRealVector_ESTest::test47, 0,0,0,0,0,0,0,0,0,0,0,0,0,0,0,0,0,0,0,0,0,0,0,0,0,0,0,0,0,0,0,0,0,0,0,0,0,0,0,0,0,0,0,0,0,0,0,0,0,0,0,0,0,0,0,0,0,0,0,0,0,0,0,0,0,0,0,0.5,0,0,0,0,0,0,0,
OpenMapRealVector_ESTest::test48, 1,0.5,0,0,0,0,0.5,0,0,0,0,0,0,0,0,0,0,0,0,0,0,0,0,0,0,0,0,0,0,0,0,0,0,0,0,0,0,0,0,0,0,0,0,0,0,0,0,0,0,0,0,0,0,0,0,0,0,0,0,0,0,0,0,0,0,0,0,0.5,0.5,0,0,0,0,0,0,
OpenMapRealVector_ESTest::test49, 1,0.5,0,0,0,0,0.5,0,0,0,0,0,0,0,0,0,0,0,0,0,0,0,0,0,0,0,0,0,0,0,0,0,0,0,0,0,0,0,0,0,0,0,0,0,0,0,0,0,0,0,0,0,0,0,0,0,0,0,0,0,0,0,0,0,0,0,0,0.5,0.5,0.5,0,0,0,0,0,
OpenMapRealVector_ESTest::test50, 1,1,0,0,0,0,1,0.5,0.5,0.5,0.5,0.5,1,0.5,0,0,0,0,0,0,0,0,0,0,0,0,0,0,0,0,0,0,0,0,0,0,0,0,0,0,0,0,0,0,0,0,0,0,0,0,0,0,0,0,0,0.5,0,0,0,0,0,0,0,0,0,0,0,0.5,0.5,0.5,0.5,0.5,0.5,0,0,
OpenMapRealVector_ESTest::test51, 1,1,0,0,0,0,1,0,0,0,0,0,0,0,0,0,0,0,0,0,0,0,0,0,0,0,0,0,0,0,0,0,0,0,0,0,0,0,0,0,0,0,0,0,0,0,0,0,0,0,0,0,0,0,0,0,0,0,0,0,0,0,0,0,0,0,0,0.5,0.5,0.5,0.5,1,0.5,1,0.5,
OpenMapRealVector_ESTest::test52, 0,0,1,0.5,0,0,1,0,0,0,0,0,0,0,0,0,0,0,0,0,0,0,0,0,0,0,0,0,0,0,0,0,0,0,0,0,0,0,0,0,0,0,0,0,0,0,0,0,0,0,0,0,0,0,0,0.5,0.5,0,0,1,0.5,0.5,0,0,0,0,0,0.5,0.5,0.5,0.5,0.5,0,0.5,0.5,
